iteration,record_id,n_inclusions,label
0,47170,1,1
1,46132,1,0
2,32587,1,0
3,32904,1,0
4,33781,1,0
5,6792,1,0
6,27924,1,0
7,31810,1,0
8,27787,1,0
9,367,1,0
10,684,1,0
11,13486,1,0
12,13241,2,1
13,32658,2,0
14,26878,2,0
15,18365,2,0
16,26605,3,1
17,10833,3,0
18,17818,3,0
19,13560,3,0
20,14154,3,0
21,13322,3,0
22,18384,3,0
23,39374,3,0
24,27967,3,0
25,26174,3,0
26,27831,3,0
27,16368,3,0
28,11367,3,0
29,16427,3,0
30,17723,3,0
31,8411,3,0
32,18196,3,0
33,28824,3,0
34,12866,4,1
35,18093,5,1
36,12548,5,0
37,18033,6,1
38,14955,6,0
39,14780,7,1
40,8166,7,0
41,18137,7,0
42,35998,7,0
43,12707,7,0
44,11131,7,0
45,48047,7,0
46,17396,7,0
47,11101,7,0
48,3120,7,0
49,15743,7,0
50,3363,8,1
51,15824,8,0
52,16739,9,1
53,17631,9,0
54,47373,9,0
55,18023,9,0
56,10673,9,0
57,11911,9,0
58,13377,9,0
59,14781,9,0
60,18611,10,1
61,47739,11,1
62,47372,11,0
63,3281,11,0
64,15524,12,1
65,2495,12,0
66,12875,12,0
67,15538,12,0
68,11757,12,0
69,3897,12,0
70,13020,12,0
71,15312,12,0
72,13296,12,0
73,31777,12,0
74,15368,12,0
75,19815,12,0
76,15196,12,0
77,18968,12,0
78,13726,12,0
79,11621,12,0
80,17201,12,0
81,15057,12,0
82,14310,12,0
83,11021,12,0
84,24910,12,0
85,1064,12,0
86,16828,12,0
87,17468,12,0
88,14417,12,0
89,13096,12,0
90,50904,12,0
91,46656,12,0
92,10036,12,0
93,11304,12,0
94,15616,12,0
95,47781,12,0
96,13428,12,0
97,7738,12,0
98,16353,12,0
99,17411,12,0
100,31673,12,0
101,25054,12,0
102,17200,12,0
103,20678,12,0
104,14066,13,1
105,29497,14,1
106,47308,14,0
107,31020,14,0
108,31088,14,0
109,33181,14,0
110,14306,15,1
111,34802,15,0
112,34618,15,0
113,16655,16,1
114,16654,17,1
115,32452,17,0
116,16815,18,1
117,34619,18,0
118,17677,18,0
119,14487,18,0
120,33992,19,1
121,48493,19,0
122,48492,19,0
123,10429,19,0
124,32549,19,0
125,31193,20,1
126,34690,20,0
127,19670,20,0
128,15000,21,1
129,22102,21,0
130,26708,21,0
131,29496,21,0
132,30498,21,0
133,33163,21,0
134,31229,21,0
135,35555,21,0
136,11972,21,0
137,12964,22,1
138,26861,22,0
139,18296,23,1
140,23853,23,0
141,29997,23,0
142,50583,23,0
143,35591,23,0
144,50584,23,0
145,9926,23,0
146,49985,23,0
147,11073,23,0
148,33895,23,0
149,17265,24,1
150,18473,24,0
151,11300,24,0
152,14681,25,1
153,27097,25,0
154,30064,25,0
155,31280,25,0
156,12299,25,0
157,49589,25,0
158,14678,26,1
159,26277,26,0
160,20699,26,0
161,50935,27,1
162,31386,28,1
163,30229,28,0
164,32983,28,0
165,3937,28,0
166,11759,28,0
167,26328,28,0
168,11873,28,0
169,31738,28,0
170,31867,28,0
171,21122,28,0
172,2203,28,0
173,50933,29,1
174,31259,29,0
175,11843,29,0
176,21236,29,0
177,21123,29,0
178,34683,29,0
179,27752,29,0
180,17753,29,0
181,34689,29,0
182,11817,29,0
183,28559,29,0
184,12871,29,0
185,27376,29,0
186,10994,30,1
187,17490,30,0
188,49984,30,0
189,31687,30,0
190,11606,30,0
191,21884,30,0
192,996,30,0
193,32705,30,0
194,3142,30,0
195,28947,30,0
196,34607,30,0
197,11760,30,0
198,3152,30,0
199,12348,30,0
200,18259,30,0
201,25361,30,0
202,27598,30,0
203,25811,30,0
204,31178,30,0
205,32644,30,0
206,12168,30,0
207,16482,30,0
208,25424,30,0
209,31422,30,0
210,36010,30,0
211,25136,30,0
212,11947,30,0
213,10459,30,0
214,11327,30,0
215,3107,31,1
216,31824,31,0
217,11877,31,0
218,34904,31,0
219,48193,31,0
220,23285,31,0
221,21862,31,0
222,50418,32,1
223,16425,32,0
224,3896,32,0
225,15858,32,0
226,34070,32,0
227,47500,32,0
228,11767,33,1
229,25453,33,0
230,12189,33,0
231,1857,33,0
232,11337,33,0
233,35568,33,0
234,5792,33,0
235,11174,33,0
236,35788,33,0
237,47501,33,0
238,11808,33,0
239,3141,33,0
240,11746,33,0
241,19809,33,0
242,11333,33,0
243,12698,33,0
244,31917,33,0
245,14216,33,0
246,31791,34,1
247,8163,35,1
248,30010,35,0
249,21814,35,0
250,7040,35,0
251,11784,35,0
252,27030,35,0
253,1023,35,0
254,23265,35,0
255,30144,35,0
256,30047,35,0
257,32769,35,0
258,33991,35,0
259,12366,35,0
260,34081,35,0
261,14944,35,0
262,41982,35,0
263,19573,35,0
264,23266,35,0
265,18496,35,0
266,17929,36,1
267,34294,36,0
268,32664,36,0
269,19873,36,0
270,3078,36,0
271,10,36,0
272,10954,36,0
273,12502,36,0
274,49574,36,0
275,23277,36,0
276,5448,36,0
277,15628,36,0
278,46328,36,0
279,13809,36,0
280,27343,36,0
281,5084,36,0
282,12317,36,0
283,29725,36,0
284,49963,36,0
285,8815,36,0
286,31771,36,0
287,33775,37,1
288,11369,37,0
289,29999,37,0
290,32523,37,0
291,13311,37,0
292,11755,37,0
293,15953,37,0
294,23681,37,0
295,31177,37,0
296,32346,37,0
297,3125,37,0
298,25426,37,0
299,14663,37,0
300,7103,37,0
301,50520,37,0
302,31441,37,0
303,29661,37,0
304,11597,37,0
305,33672,37,0
306,31234,37,0
307,32126,37,0
308,42213,37,0
309,31851,37,0
310,48743,37,0
311,11121,37,0
312,47008,37,0
313,32520,37,0
314,48348,37,0
315,34892,37,0
316,8195,37,0
317,14941,37,0
318,13410,37,0
319,49962,37,0
320,16827,37,0
321,12306,37,0
322,50299,37,0
323,14556,37,0
324,12229,37,0
325,33178,37,0
326,30071,37,0
327,2546,37,0
328,33942,37,0
329,16559,37,0
330,11171,37,0
331,33380,37,0
332,25862,37,0
333,8086,37,0
334,11023,37,0
335,31990,37,0
336,48633,37,0
337,27284,37,0
338,10032,37,0
339,33249,37,0
340,33258,37,0
341,50613,38,1
342,14753,38,0
343,4543,39,1
344,30940,39,0
345,10590,39,0
346,14664,39,0
347,3280,39,0
348,32082,39,0
349,10524,40,1
350,14665,40,0
351,17023,40,0
352,11066,40,0
353,11138,40,0
354,11908,40,0
355,12720,40,0
356,10320,40,0
357,29967,41,1
358,34710,41,0
359,14577,41,0
360,17988,41,0
361,45887,41,0
362,50614,41,0
363,8568,41,0
364,18009,41,0
365,12718,42,1
366,16513,42,0
367,18076,43,1
368,17940,43,0
369,12170,44,1
370,12103,44,0
371,14492,44,0
372,18431,44,0
373,14899,44,0
374,3116,44,0
375,17056,44,0
376,2423,44,0
377,31038,44,0
378,50060,45,1
379,11659,45,0
380,14922,45,0
381,11735,45,0
382,7512,45,0
383,18237,45,0
384,1627,45,0
385,25685,45,0
386,17266,45,0
387,48325,45,0
388,46712,45,0
389,11610,45,0
390,16984,46,1
391,30548,46,0
392,16990,46,0
393,35097,46,0
394,15441,46,0
395,20285,46,0
396,12475,46,0
397,5836,46,0
398,11807,46,0
399,33475,46,0
400,16382,46,0
401,11185,46,0
402,9417,46,0
403,34891,46,0
404,18430,46,0
405,21809,46,0
406,10331,46,0
407,26209,46,0
408,33670,46,0
409,1052,46,0
410,18029,46,0
411,35789,46,0
412,13737,46,0
413,30053,46,0
414,11780,46,0
415,12034,46,0
416,31799,46,0
417,28635,46,0
418,17465,46,0
419,11214,46,0
420,5594,46,0
421,18132,46,0
422,32900,46,0
423,14587,46,0
424,5310,46,0
425,28502,46,0
426,25941,46,0
427,12282,46,0
428,46329,46,0
429,11754,46,0
430,15276,46,0
431,20284,46,0
432,11088,46,0
433,30750,46,0
434,11274,46,0
435,12445,46,0
436,18236,46,0
437,7873,46,0
438,31228,46,0
439,10770,46,0
440,15331,46,0
441,30078,46,0
442,32987,46,0
443,16985,46,0
444,33366,46,0
445,12146,46,0
446,47268,46,0
447,8194,46,0
448,10988,46,0
449,32514,46,0
450,16063,46,0
451,13034,46,0
452,2433,46,0
453,50524,46,0
454,13523,46,0
455,32084,46,0
456,31845,46,0
457,14313,46,0
458,35828,46,0
459,35096,46,0
460,735,46,0
461,2093,46,0
462,16538,46,0
463,35202,46,0
464,12049,46,0
465,16079,46,0
466,11738,46,0
467,7182,46,0
468,3161,46,0
469,33035,46,0
470,2436,46,0
471,29658,46,0
472,45046,46,0
473,16390,46,0
474,1716,46,0
475,11492,46,0
476,12712,46,0
477,672,46,0
478,14931,46,0
479,31850,46,0
480,34711,46,0
481,17390,46,0
482,31255,46,0
483,11100,46,0
484,33286,46,0
485,13472,46,0
486,10423,46,0
487,30966,46,0
488,29856,46,0
489,50241,47,1
490,22870,47,0
491,20022,47,0
492,49941,47,0
493,12213,47,0
494,3160,47,0
495,33860,47,0
496,35679,47,0
497,48503,47,0
498,27574,47,0
499,20328,47,0
500,822,47,0
501,18171,47,0
502,9681,47,0
503,12538,47,0
504,4050,47,0
505,32118,47,0
506,14548,47,0
507,10655,47,0
508,3137,47,0
509,41232,47,0
510,3118,47,0
511,38091,47,0
512,18345,47,0
513,46787,47,0
514,31790,47,0
515,11810,47,0
516,14399,47,0
517,30273,48,1
518,11076,48,0
519,30049,48,0
520,28251,48,0
521,33692,48,0
522,50934,49,1
523,31592,49,0
524,31647,50,1
525,32776,50,0
526,42725,50,0
527,24918,50,0
528,32771,50,0
529,14774,50,0
530,35748,50,0
531,15564,50,0
532,50239,50,0
533,12276,50,0
534,4766,50,0
535,35189,50,0
536,27047,50,0
537,6377,50,0
538,1907,50,0
539,30276,50,0
540,42199,50,0
541,30294,50,0
542,9014,50,0
543,28749,50,0
544,13375,50,0
545,34069,50,0
546,32506,50,0
547,12271,50,0
548,13556,50,0
549,19430,50,0
550,32532,50,0
551,11130,50,0
552,32504,50,0
553,33259,50,0
554,32375,50,0
555,14855,50,0
556,34713,50,0
557,1371,50,0
558,39570,50,0
559,12669,50,0
560,6542,50,0
561,39642,50,0
562,14826,50,0
563,31870,50,0
564,27948,50,0
565,22871,50,0
566,28236,50,0
567,32733,50,0
568,15452,50,0
569,29843,50,0
570,47394,50,0
571,15950,50,0
572,30579,50,0
573,6640,50,0
574,31763,50,0
575,50546,50,0
576,11704,50,0
577,33252,50,0
578,29475,50,0
579,21296,50,0
580,11530,50,0
581,18521,50,0
582,35307,50,0
583,35354,50,0
584,31480,50,0
585,13718,50,0
586,34293,50,0
587,33632,50,0
588,31212,50,0
589,4562,50,0
590,23268,50,0
591,19820,50,0
592,29983,50,0
593,33030,50,0
594,756,50,0
595,30618,50,0
596,22627,50,0
597,28452,50,0
598,14716,51,1
599,47647,51,0
600,9310,51,0
601,10799,51,0
602,13750,51,0
603,16928,51,0
604,20925,51,0
605,24826,51,0
606,34140,51,0
607,5835,51,0
608,11024,51,0
609,35747,51,0
610,11675,51,0
611,32422,51,0
612,30429,51,0
613,20142,51,0
614,22877,51,0
615,19831,51,0
616,4604,51,0
617,1070,51,0
618,11658,51,0
619,18204,51,0
620,12075,51,0
621,10347,51,0
622,47676,51,0
623,7336,51,0
624,13407,51,0
625,20334,51,0
626,31367,51,0
627,16369,51,0
628,46851,51,0
629,33256,51,0
630,12535,51,0
631,25878,51,0
632,12256,51,0
633,11939,51,0
634,11709,51,0
635,12180,51,0
636,14546,51,0
637,30186,51,0
638,31054,51,0
639,11155,51,0
640,2291,51,0
641,18276,51,0
642,23007,51,0
643,16556,51,0
644,32012,51,0
645,50734,51,0
646,13149,51,0
647,11403,51,0
648,15566,51,0
649,25079,51,0
650,3912,51,0
651,18309,51,0
652,32621,51,0
653,14661,51,0
654,31573,51,0
655,34443,51,0
656,18399,52,1
657,32076,52,0
658,25588,52,0
659,23722,52,0
660,8132,52,0
661,15949,52,0
662,34400,52,0
663,809,52,0
664,28204,52,0
665,26835,52,0
666,49130,52,0
667,49699,52,0
668,30827,52,0
669,13182,52,0
670,6755,52,0
671,13513,52,0
672,10787,52,0
673,16392,53,1
674,10559,53,0
675,30993,53,0
676,11802,53,0
677,14962,53,0
678,11946,53,0
679,17854,53,0
680,30013,53,0
681,15719,53,0
682,19121,53,0
683,34295,53,0
684,22361,53,0
685,24639,53,0
686,29024,53,0
687,12128,53,0
688,13392,53,0
689,16465,53,0
690,15730,53,0
691,11619,53,0
692,33643,53,0
693,27296,53,0
694,18075,53,0
695,25865,53,0
696,4250,53,0
697,31183,53,0
698,48694,53,0
699,12411,54,1
700,32626,54,0
701,11986,54,0
702,14794,54,0
703,20224,54,0
704,47108,54,0
705,29058,54,0
706,34014,54,0
707,32415,54,0
708,10671,54,0
709,25017,54,0
710,12187,54,0
711,30755,54,0
712,24631,54,0
713,20336,54,0
714,32527,54,0
715,13371,54,0
716,27845,54,0
717,12165,54,0
718,32553,54,0
719,12107,54,0
720,14365,54,0
721,31711,54,0
722,28744,54,0
723,11143,54,0
724,35157,54,0
725,42016,54,0
726,14575,54,0
727,15091,54,0
728,22872,54,0
729,6289,54,0
730,8593,54,0
731,31620,54,0
732,32182,54,0
733,48512,54,0
734,36933,54,0
735,31024,54,0
736,766,54,0
737,34981,54,0
738,33418,54,0
739,47984,54,0
740,26714,54,0
741,9981,54,0
742,35109,54,0
743,48920,54,0
744,15859,54,0
745,32318,54,0
746,17934,54,0
747,35716,54,0
748,50181,54,0
749,7982,54,0
750,12141,54,0
751,33295,54,0
752,42669,54,0
753,3104,54,0
754,15448,54,0
755,29495,54,0
756,23230,54,0
757,6850,54,0
758,14415,54,0
759,20350,54,0
760,29486,54,0
761,32846,54,0
762,3910,54,0
763,7630,54,0
764,15166,54,0
765,13561,54,0
766,30045,54,0
767,12787,54,0
768,33012,54,0
769,29985,54,0
770,30113,54,0
771,31860,54,0
772,13118,54,0
773,50747,54,0
774,3504,54,0
775,46444,54,0
776,10920,54,0
777,25791,54,0
778,31657,54,0
779,30160,54,0
780,31804,54,0
781,21529,54,0
782,34621,54,0
783,11762,54,0
784,21838,54,0
785,17719,54,0
786,32379,54,0
787,13931,54,0
788,32190,54,0
789,20988,54,0
790,34071,54,0
791,32465,54,0
792,7787,54,0
793,22893,54,0
794,13071,54,0
795,17227,54,0
796,12735,54,0
797,30110,54,0
798,18080,54,0
799,6316,54,0
800,26474,54,0
801,24516,54,0
802,49081,54,0
803,13001,54,0
804,31740,54,0
805,17755,54,0
806,25918,54,0
807,38355,54,0
808,14646,54,0
809,9781,54,0
810,11308,54,0
811,35176,54,0
812,23011,54,0
813,29084,54,0
814,3985,54,0
815,5049,54,0
816,30721,54,0
817,16400,54,0
818,40654,54,0
819,9,54,0
820,20032,54,0
821,21693,54,0
822,34189,54,0
823,33498,54,0
824,16351,54,0
825,17501,54,0
826,31708,54,0
827,29962,54,0
828,16005,54,0
829,32548,54,0
830,7985,54,0
831,33083,54,0
832,25940,54,0
833,39,54,0
834,49424,54,0
835,12719,54,0
836,21688,54,0
837,1882,54,0
838,10408,54,0
839,7691,54,0
840,13676,54,0
841,17180,54,0
842,14974,54,0
843,11999,54,0
844,49423,54,0
845,17485,54,0
846,5181,54,0
847,12356,54,0
848,33132,54,0
849,30981,54,0
850,11698,54,0
851,27257,54,0
852,49987,54,0
853,31644,54,0
854,17413,54,0
855,33957,54,0
856,11756,54,0
857,11224,54,0
858,14945,54,0
859,33123,54,0
860,27487,54,0
861,22873,54,0
862,14776,54,0
863,3166,54,0
864,33629,54,0
865,47673,54,0
866,10873,54,0
867,15296,54,0
868,34459,54,0
869,27715,54,0
870,30069,54,0
871,12602,54,0
872,34967,54,0
873,17359,54,0
874,49724,54,0
875,16901,54,0
876,49400,54,0
877,31218,54,0
878,22477,55,1
879,22879,55,0
880,12042,55,0
881,31679,55,0
882,20594,55,0
883,11766,55,0
884,50789,55,0
885,8533,55,0
886,21837,55,0
887,29080,55,0
888,14588,55,0
889,17703,55,0
890,13393,55,0
891,32663,55,0
892,33411,55,0
893,20057,55,0
894,33799,55,0
895,11733,55,0
896,50615,55,0
897,20839,55,0
898,17313,55,0
899,48728,55,0
900,25745,55,0
901,49071,55,0
902,30512,55,0
903,20048,55,0
904,30162,55,0
905,49783,55,0
906,14008,55,0
907,48537,55,0
908,10593,55,0
909,47566,55,0
910,11404,55,0
911,3263,55,0
912,47782,55,0
913,17511,55,0
914,31241,55,0
915,47849,55,0
916,14291,55,0
917,10375,55,0
918,45069,55,0
919,50445,55,0
920,24541,55,0
921,47962,55,0
922,12341,55,0
923,9021,55,0
924,515,55,0
925,30473,55,0
926,9951,55,0
927,30042,55,0
928,50422,55,0
929,28719,55,0
930,1171,55,0
931,22874,55,0
932,14385,56,1
933,48612,56,0
934,29758,56,0
935,22876,56,0
936,14398,56,0
937,10519,56,0
938,6330,56,0
939,32657,56,0
940,11835,56,0
941,10842,56,0
942,33537,56,0
943,47783,56,0
944,5493,56,0
945,34450,56,0
946,16370,56,0
947,17393,56,0
948,3257,56,0
949,12948,56,0
950,11481,56,0
951,31593,56,0
952,29442,56,0
953,43876,56,0
954,7882,56,0
955,31796,56,0
956,15453,56,0
957,16839,56,0
958,31217,56,0
959,11251,56,0
960,13650,56,0
961,13369,56,0
962,23001,56,0
963,15544,56,0
964,13339,56,0
965,16900,56,0
966,6620,56,0
967,655,56,0
968,30951,56,0
969,28822,56,0
970,25419,56,0
971,12728,56,0
972,35928,56,0
973,33253,56,0
974,50612,56,0
975,33861,56,0
976,19723,56,0
977,32474,56,0
978,20842,56,0
979,31705,56,0
980,24930,56,0
981,24979,56,0
982,11661,56,0
983,30083,56,0
984,30176,56,0
985,31041,56,0
986,24890,56,0
987,11283,56,0
988,12967,56,0
989,15567,56,0
990,31787,56,0
991,25456,56,0
992,2479,56,0
993,35957,56,0
994,20948,56,0
995,14937,56,0
996,46383,56,0
997,48815,56,0
998,31150,56,0
999,11988,56,0
1000,11111,56,0
1001,35794,56,0
1002,18590,56,0
1003,15654,56,0
1004,31236,56,0
1005,93,56,0
1006,30374,56,0
1007,13725,56,0
1008,21859,56,0
1009,49480,56,0
1010,23750,56,0
1011,22091,56,0
1012,20377,56,0
1013,28013,56,0
1014,13010,56,0
1015,15496,56,0
1016,8384,56,0
1017,31839,56,0
1018,28571,56,0
1019,5514,56,0
1020,8936,56,0
1021,14912,56,0
1022,8848,56,0
1023,23930,56,0
1024,29229,56,0
1025,46042,56,0
1026,30112,56,0
1027,37583,56,0
1028,2414,56,0
1029,48816,56,0
1030,29122,56,0
1031,3644,56,0
1032,17604,56,0
1033,21912,56,0
1034,16950,56,0
1035,13102,56,0
1036,29844,56,0
1037,35886,56,0
1038,21636,56,0
1039,3115,56,0
1040,42235,56,0
1041,47158,56,0
1042,14494,56,0
1043,23779,56,0
1044,22832,56,0
1045,34494,56,0
1046,14836,56,0
1047,49919,56,0
1048,31045,56,0
1049,28139,56,0
1050,32685,56,0
1051,30611,56,0
1052,10592,56,0
1053,10482,56,0
1054,15313,56,0
1055,35181,56,0
1056,12867,56,0
1057,18411,56,0
1058,34288,56,0
1059,27282,56,0
1060,49080,56,0
1061,16367,56,0
1062,14651,56,0
1063,18565,56,0
1064,31852,56,0
1065,21553,56,0
1066,27432,56,0
1067,17520,56,0
1068,24181,56,0
1069,50468,56,0
1070,16028,56,0
1071,21033,56,0
1072,29550,56,0
1073,16132,56,0
1074,34659,56,0
1075,24894,56,0
1076,49119,56,0
1077,16858,56,0
1078,21565,56,0
1079,31633,56,0
1080,16071,56,0
1081,6164,56,0
1082,28495,56,0
1083,11107,56,0
1084,2249,56,0
1085,20680,56,0
1086,12741,56,0
1087,34584,56,0
1088,2927,56,0
1089,23568,56,0
1090,9615,56,0
1091,13465,56,0
1092,34251,56,0
1093,11193,56,0
1094,28369,56,0
1095,5850,56,0
1096,13232,56,0
1097,2290,56,0
1098,6619,56,0
1099,11715,56,0
1100,24051,56,0
1101,11725,56,0
1102,35325,56,0
1103,30821,56,0
1104,3144,56,0
1105,33236,56,0
1106,33523,56,0
1107,17298,56,0
1108,10675,56,0
1109,33147,56,0
1110,17909,56,0
1111,16619,56,0
1112,29270,56,0
1113,30003,56,0
1114,7716,56,0
1115,36051,56,0
1116,50321,56,0
1117,11553,56,0
1118,41178,56,0
1119,14467,56,0
1120,12790,56,0
1121,14647,56,0
1122,45713,56,0
1123,33276,56,0
1124,16699,56,0
1125,29132,56,0
1126,26590,56,0
1127,21358,56,0
1128,31157,56,0
1129,12485,56,0
1130,20272,56,0
1131,31640,56,0
1132,14142,56,0
1133,16343,56,0
1134,30541,56,0
1135,28590,56,0
1136,28230,56,0
1137,22367,56,0
1138,37332,56,0
1139,24931,56,0
1140,13326,56,0
1141,37866,56,0
1142,14309,56,0
1143,21750,56,0
1144,2549,56,0
1145,47727,56,0
1146,4063,56,0
1147,22705,56,0
1148,22601,56,0
1149,1884,56,0
1150,29647,56,0
1151,43050,56,0
1152,15771,56,0
1153,24951,56,0
1154,10325,56,0
1155,50240,56,0
1156,35498,56,0
1157,46290,56,0
1158,50122,56,0
1159,14431,56,0
1160,13451,56,0
1161,30513,56,0
1162,19293,56,0
1163,33840,56,0
1164,45055,56,0
1165,8737,56,0
1166,30066,56,0
1167,9782,56,0
1168,35616,56,0
1169,26771,56,0
1170,7047,56,0
1171,48509,56,0
1172,479,56,0
1173,4449,56,0
1174,31778,56,0
1175,35121,56,0
1176,31469,56,0
1177,45659,56,0
1178,19320,56,0
1179,10964,56,0
1180,3147,56,0
1181,26397,56,0
1182,26020,56,0
1183,13067,56,0
1184,47607,56,0
1185,1233,56,0
1186,15266,56,0
1187,28009,56,0
1188,31194,56,0
1189,12319,56,0
1190,1540,56,0
1191,17882,56,0
1192,18091,56,0
1193,17027,56,0
1194,32916,56,0
1195,48170,56,0
1196,16394,56,0
1197,27290,56,0
1198,13711,56,0
1199,17805,56,0
1200,11993,56,0
1201,9221,56,0
1202,50271,56,0
1203,19332,56,0
1204,1304,56,0
1205,13948,56,0
1206,48667,56,0
1207,23137,56,0
1208,31258,56,0
1209,12962,56,0
1210,48098,56,0
1211,15846,56,0
1212,37330,56,0
1213,31671,56,0
1214,17632,56,0
1215,11095,56,0
1216,32546,56,0
1217,30177,56,0
1218,37915,56,0
1219,26716,56,0
1220,4189,56,0
1221,32756,56,0
1222,35087,56,0
1223,11850,56,0
1224,6163,56,0
1225,34444,56,0
1226,15227,56,0
1227,31119,56,0
1228,48681,56,0
1229,14361,56,0
1230,32211,56,0
1231,50611,56,0
1232,39646,56,0
1233,17013,56,0
1234,30089,56,0
1235,13204,56,0
1236,17952,56,0
1237,30079,56,0
1238,41337,56,0
1239,26681,56,0
1240,11175,56,0
1241,31154,56,0
1242,24009,56,0
1243,8,56,0
1244,43069,56,0
1245,5285,56,0
1246,20469,56,0
1247,27614,56,0
1248,38371,56,0
1249,19725,56,0
1250,15371,56,0
1251,47411,57,1
1252,45281,57,0
1253,38068,57,0
1254,37879,57,0
1255,46006,57,0
1256,38065,57,0
1257,35317,57,0
1258,19450,57,0
1259,38071,57,0
1260,21900,57,0
1261,33900,57,0
1262,11398,57,0
1263,38282,57,0
1264,35796,57,0
1265,11438,57,0
1266,15855,57,0
1267,25994,57,0
1268,29397,57,0
1269,25700,57,0
1270,32495,57,0
1271,38069,57,0
1272,42981,57,0
1273,41017,57,0
1274,27018,57,0
1275,38557,57,0
1276,37139,57,0
1277,4234,57,0
1278,1015,57,0
1279,14895,57,0
1280,15207,57,0
1281,32381,57,0
1282,25436,57,0
1283,47728,57,0
1284,15333,57,0
1285,46216,57,0
1286,8316,57,0
1287,21774,57,0
1288,31991,57,0
1289,35434,57,0
1290,15918,57,0
1291,45814,57,0
1292,15427,57,0
1293,12365,57,0
1294,25611,57,0
1295,32543,57,0
1296,26607,57,0
1297,18491,57,0
1298,23267,57,0
1299,32928,57,0
1300,50099,57,0
1301,31372,57,0
1302,37874,57,0
1303,34200,57,0
1304,19689,57,0
1305,30776,57,0
1306,16658,57,0
1307,13758,57,0
1308,18232,57,0
1309,35538,57,0
1310,11476,57,0
1311,20742,57,0
1312,37550,57,0
1313,12756,57,0
1314,9775,57,0
1315,21200,57,0
1316,10404,57,0
1317,30268,57,0
1318,11061,57,0
1319,31700,57,0
1320,35847,57,0
1321,12932,57,0
1322,11893,57,0
1323,37720,57,0
1324,25092,57,0
1325,11627,57,0
1326,32789,57,0
1327,31552,57,0
1328,15024,57,0
1329,30510,57,0
1330,30413,57,0
1331,5129,57,0
1332,31820,57,0
1333,13356,57,0
1334,33406,57,0
1335,37298,57,0
1336,46771,57,0
1337,33905,57,0
1338,22067,57,0
1339,12724,57,0
1340,17937,57,0
1341,8795,57,0
1342,25730,57,0
1343,46561,57,0
1344,29804,57,0
1345,31843,57,0
1346,48895,57,0
1347,19517,57,0
1348,16051,57,0
1349,49640,57,0
1350,81,57,0
1351,29245,57,0
1352,35688,57,0
1353,8733,57,0
1354,32852,57,0
1355,38321,57,0
1356,11750,57,0
1357,27087,57,0
1358,3106,57,0
1359,19837,57,0
1360,31432,57,0
1361,34449,57,0
1362,5104,57,0
1363,21721,57,0
1364,13079,57,0
1365,18169,57,0
1366,41369,57,0
1367,28884,57,0
1368,16473,57,0
1369,31205,57,0
1370,10337,57,0
1371,5469,57,0
1372,34643,57,0
1373,22956,57,0
1374,6169,57,0
1375,19426,57,0
1376,5599,57,0
1377,12872,57,0
1378,31802,57,0
1379,28346,57,0
1380,35152,57,0
1381,18447,57,0
1382,31831,57,0
1383,39919,57,0
1384,22952,57,0
1385,2743,57,0
1386,12258,57,0
1387,34922,57,0
1388,31201,57,0
1389,30950,57,0
1390,50382,57,0
1391,6220,57,0
1392,10242,57,0
1393,25061,57,0
1394,48855,57,0
1395,15418,57,0
1396,4183,57,0
1397,34829,57,0
1398,26105,57,0
1399,6674,57,0
1400,14026,57,0
1401,23387,57,0
1402,24007,57,0
1403,31853,57,0
1404,25452,57,0
1405,15531,57,0
1406,17893,57,0
1407,15237,57,0
1408,10648,57,0
1409,8115,57,0
1410,29228,57,0
1411,11311,57,0
1412,32648,57,0
1413,48061,57,0
1414,32010,57,0
1415,31227,57,0
1416,18483,57,0
1417,13782,57,0
1418,11804,57,0
1419,18083,57,0
1420,15592,57,0
1421,33682,57,0
1422,49426,57,0
1423,12767,57,0
1424,30729,57,0
1425,16963,57,0
1426,11303,57,0
1427,47938,57,0
1428,39133,57,0
1429,34018,57,0
1430,17146,57,0
1431,11281,57,0
1432,47030,57,0
1433,17118,57,0
1434,22384,57,0
1435,33024,57,0
1436,24527,57,0
1437,21620,57,0
1438,8584,57,0
1439,30077,57,0
1440,30285,57,0
1441,6647,57,0
1442,11656,57,0
1443,17630,57,0
1444,27104,57,0
1445,22949,57,0
1446,44306,57,0
1447,17683,57,0
1448,12918,57,0
1449,14401,57,0
1450,19035,57,0
1451,9888,57,0
1452,18085,57,0
1453,16375,57,0
1454,7756,57,0
1455,4752,57,0
1456,19762,57,0
1457,31442,57,0
1458,7068,57,0
1459,29648,57,0
1460,31225,57,0
1461,15169,57,0
1462,30705,57,0
1463,9347,57,0
1464,13988,57,0
1465,16814,57,0
1466,22878,57,0
1467,15913,57,0
1468,2309,57,0
1469,23579,57,0
1470,14834,57,0
1471,35552,57,0
1472,22472,57,0
1473,21925,57,0
1474,49014,57,0
1475,49047,57,0
1476,11359,57,0
1477,26752,57,0
1478,46837,57,0
1479,12178,57,0
1480,47353,57,0
1481,14853,57,0
1482,11187,57,0
1483,31423,57,0
1484,30523,57,0
1485,23645,57,0
1486,11424,57,0
1487,31840,57,0
1488,3019,57,0
1489,31454,57,0
1490,25840,57,0
1491,42042,57,0
1492,39023,57,0
1493,49602,57,0
1494,2046,57,0
1495,30328,57,0
1496,28135,57,0
1497,42204,57,0
1498,7875,57,0
1499,22099,57,0
1500,11809,57,0
1501,11765,57,0
1502,1889,57,0
1503,27761,57,0
1504,49092,57,0
1505,8589,57,0
1506,10716,57,0
1507,11286,57,0
1508,49082,57,0
1509,23046,57,0
1510,29353,57,0
1511,3928,57,0
1512,13612,57,0
1513,12686,57,0
1514,21440,57,0
1515,5499,57,0
1516,13550,57,0
1517,32692,57,0
1518,38556,57,0
1519,18537,57,0
1520,34036,57,0
1521,35410,57,0
1522,20844,57,0
1523,649,57,0
1524,32542,57,0
1525,29454,57,0
1526,2222,57,0
1527,47520,57,0
1528,42044,57,0
1529,23715,57,0
1530,10613,57,0
1531,14495,57,0
1532,7566,57,0
1533,29341,57,0
1534,32594,57,0
1535,20741,57,0
1536,7547,57,0
1537,31691,57,0
1538,38066,57,0
1539,15267,57,0
1540,34033,57,0
1541,31530,57,0
1542,33965,57,0
1543,15555,57,0
1544,12423,57,0
1545,30487,57,0
1546,31741,57,0
1547,30116,57,0
1548,14253,57,0
1549,29657,57,0
1550,31199,57,0
1551,32045,57,0
1552,22504,57,0
1553,28512,57,0
1554,14881,57,0
1555,1862,57,0
1556,34538,57,0
1557,28705,57,0
1558,49712,57,0
1559,29461,57,0
1560,12991,57,0
1561,13762,57,0
1562,34701,57,0
1563,16823,57,0
1564,29634,57,0
1565,11406,57,0
1566,28293,57,0
1567,49473,57,0
1568,14081,57,0
1569,25076,57,0
1570,34485,57,0
1571,30505,57,0
1572,17287,57,0
1573,34632,57,0
1574,11490,57,0
1575,10367,57,0
1576,12420,57,0
1577,3500,57,0
1578,35486,57,0
1579,11814,57,0
1580,31849,57,0
1581,34965,57,0
1582,33216,57,0
1583,48194,57,0
1584,31203,57,0
1585,31616,57,0
1586,18603,57,0
1587,13864,57,0
1588,10358,57,0
1589,8540,57,0
1590,27739,57,0
1591,18495,57,0
1592,2034,57,0
1593,19586,57,0
1594,38985,57,0
1595,48856,57,0
1596,11405,57,0
1597,14573,57,0
1598,29112,57,0
1599,13844,57,0
1600,25045,57,0
1601,35172,57,0
1602,30998,57,0
1603,12830,57,0
1604,16554,57,0
1605,11927,57,0
1606,13999,57,0
1607,46842,57,0
1608,15102,57,0
1609,24368,57,0
1610,21629,57,0
1611,48831,57,0
1612,22658,57,0
1613,17423,57,0
1614,16615,57,0
1615,10550,57,0
1616,13692,57,0
1617,11629,57,0
1618,27935,57,0
1619,33820,57,0
1620,13656,57,0
1621,30622,57,0
1622,255,57,0
1623,46927,57,0
1624,8515,57,0
1625,26046,57,0
1626,3148,57,0
1627,21165,57,0
1628,20993,57,0
1629,7666,57,0
1630,17157,57,0
1631,48572,57,0
1632,15230,57,0
1633,18609,57,0
1634,32066,57,0
1635,8172,58,1
1636,33260,58,0
1637,30575,58,0
1638,35177,58,0
1639,34399,58,0
1640,12946,58,0
1641,46095,58,0
1642,46117,58,0
1643,25053,58,0
1644,13110,58,0
1645,23350,58,0
1646,23566,58,0
1647,40685,58,0
1648,47811,58,0
1649,23777,58,0
1650,22875,58,0
1651,15120,58,0
1652,47649,58,0
1653,10946,58,0
1654,6789,58,0
1655,7354,58,0
1656,14680,58,0
1657,13625,58,0
1658,13368,58,0
1659,22054,58,0
1660,37509,58,0
1661,32496,58,0
1662,13459,58,0
1663,11717,58,0
1664,50626,58,0
1665,16491,58,0
1666,10283,58,0
1667,17560,58,0
1668,13687,58,0
1669,24030,58,0
1670,29299,58,0
1671,14422,58,0
1672,50551,58,0
1673,6610,58,0
1674,4043,58,0
1675,12091,58,0
1676,50158,58,0
1677,1881,58,0
1678,33257,58,0
1679,13445,58,0
1680,10934,58,0
1681,31720,58,0
1682,20232,58,0
1683,20850,58,0
1684,12549,58,0
1685,13083,58,0
1686,7541,58,0
1687,32460,58,0
1688,29993,58,0
1689,29457,58,0
1690,38668,59,1
1691,25091,59,0
1692,27780,59,0
1693,16545,59,0
1694,4881,59,0
1695,13133,59,0
1696,35505,59,0
1697,41195,59,0
1698,35956,59,0
1699,46322,59,0
1700,12979,59,0
1701,7067,59,0
1702,6932,59,0
1703,15434,59,0
1704,36573,59,0
1705,2232,59,0
1706,21622,59,0
1707,34481,59,0
1708,39355,59,0
1709,31703,59,0
1710,14720,59,0
1711,30620,59,0
1712,12244,59,0
1713,37363,59,0
1714,32494,59,0
1715,1880,59,0
1716,5667,59,0
1717,33339,59,0
1718,12442,59,0
1719,3267,59,0
1720,13713,59,0
1721,25801,59,0
1722,29679,59,0
1723,25631,59,0
1724,47514,59,0
1725,22087,59,0
1726,12351,59,0
1727,31219,59,0
1728,14410,59,0
1729,12607,59,0
1730,17055,59,0
1731,4509,59,0
1732,5620,59,0
1733,13537,59,0
1734,17366,59,0
1735,8693,59,0
1736,30164,59,0
1737,40674,59,0
1738,22955,59,0
1739,12223,59,0
1740,35077,59,0
1741,16653,59,0
1742,23769,59,0
1743,31774,59,0
1744,35274,59,0
1745,4581,59,0
1746,20687,59,0
1747,2355,59,0
1748,21025,59,0
1749,29357,59,0
1750,5087,59,0
1751,33492,59,0
1752,15937,59,0
1753,16337,59,0
1754,32831,59,0
1755,17628,59,0
1756,23284,59,0
1757,15096,59,0
1758,33011,59,0
1759,17567,59,0
1760,33845,59,0
1761,39289,59,0
1762,17542,59,0
1763,6895,59,0
1764,37470,59,0
1765,18604,59,0
1766,14263,59,0
1767,47044,59,0
1768,22134,59,0
1769,20055,59,0
1770,5791,59,0
1771,49603,59,0
1772,25637,59,0
1773,31419,59,0
1774,27557,59,0
1775,16042,59,0
1776,14947,59,0
1777,28986,59,0
1778,10793,59,0
1779,26018,59,0
1780,14847,59,0
1781,9917,59,0
1782,14416,59,0
1783,15255,59,0
1784,28591,59,0
1785,15504,59,0
1786,16525,59,0
1787,33577,59,0
1788,41065,59,0
1789,32994,59,0
1790,18006,59,0
1791,47611,59,0
1792,2438,59,0
1793,35856,59,0
1794,12575,59,0
1795,49788,59,0
1796,10813,59,0
1797,21013,59,0
1798,16728,59,0
1799,2369,59,0
1800,29668,59,0
1801,49787,59,0
1802,33278,59,0
1803,28276,59,0
1804,47859,59,0
1805,32985,59,0
1806,32510,59,0
1807,17776,59,0
1808,22093,59,0
1809,14412,59,0
1810,14636,59,0
1811,28064,59,0
1812,2551,59,0
1813,4032,59,0
1814,14935,59,0
1815,32605,59,0
1816,21621,59,0
1817,31709,59,0
1818,14917,59,0
1819,49053,59,0
1820,5374,59,0
1821,35150,59,0
1822,30425,59,0
1823,34844,59,0
1824,26720,59,0
1825,31909,59,0
1826,16725,59,0
1827,49838,59,0
1828,32254,59,0
1829,6029,59,0
1830,5311,59,0
1831,33365,59,0
1832,34049,59,0
1833,10054,59,0
1834,33319,59,0
1835,35554,59,0
1836,23106,59,0
1837,31242,59,0
1838,11701,59,0
1839,40127,59,0
1840,33698,59,0
1841,50532,59,0
1842,24960,59,0
1843,5796,59,0
1844,37083,59,0
1845,44113,59,0
1846,42033,59,0
1847,32832,59,0
1848,31453,59,0
1849,11012,59,0
1850,10755,59,0
1851,4772,59,0
1852,17335,59,0
1853,43545,59,0
1854,30502,59,0
1855,33424,59,0
1856,12828,59,0
1857,34642,59,0
1858,29884,59,0
1859,31833,59,0
1860,14298,59,0
1861,29314,59,0
1862,31581,59,0
1863,50328,59,0
1864,16106,59,0
1865,31721,59,0
1866,29981,59,0
1867,3645,59,0
1868,31191,59,0
1869,13756,59,0
1870,19087,59,0
1871,8922,59,0
1872,41058,59,0
1873,11690,59,0
1874,12275,59,0
1875,14173,59,0
1876,23739,59,0
1877,50598,59,0
1878,12674,59,0
1879,27210,59,0
1880,31727,59,0
1881,34403,59,0
1882,10450,59,0
1883,21946,59,0
1884,12062,59,0
1885,28642,59,0
1886,30428,59,0
1887,49111,59,0
1888,12666,59,0
1889,5979,59,0
1890,34285,59,0
1891,16477,59,0
1892,42667,59,0
1893,33835,59,0
1894,28409,59,0
1895,28662,59,0
1896,10547,59,0
1897,5866,59,0
1898,14535,59,0
1899,6065,59,0
1900,17299,59,0
1901,10769,59,0
1902,19437,59,0
1903,17726,59,0
1904,23799,59,0
1905,46476,59,0
1906,48135,59,0
1907,21012,59,0
1908,13732,59,0
1909,17084,59,0
1910,12717,59,0
1911,2478,59,0
1912,3138,59,0
1913,18113,59,0
1914,28496,59,0
1915,27947,59,0
1916,6723,59,0
1917,38064,59,0
1918,15432,59,0
1919,28047,59,0
1920,11098,59,0
1921,17370,59,0
1922,14841,59,0
1923,16412,59,0
1924,33212,59,0
1925,11141,59,0
1926,46871,59,0
1927,8524,59,0
1928,25485,59,0
1929,11096,59,0
1930,48666,59,0
1931,35727,59,0
1932,15899,59,0
1933,12320,59,0
1934,15884,59,0
1935,47901,59,0
1936,3565,59,0
1937,1149,59,0
1938,21645,59,0
1939,32443,59,0
1940,11888,59,0
1941,31927,59,0
1942,38111,59,0
1943,7956,59,0
1944,33014,59,0
1945,47439,59,0
1946,30929,59,0
1947,30068,59,0
1948,9727,59,0
1949,26398,59,0
1950,27521,59,0
1951,21913,59,0
1952,34062,59,0
1953,26972,59,0
1954,20463,59,0
1955,28044,59,0
1956,22868,59,0
1957,2218,59,0
1958,8582,59,0
1959,28225,59,0
1960,7719,59,0
1961,33776,59,0
1962,34845,59,0
1963,33856,60,1
1964,32034,60,0
1965,32811,60,0
1966,33808,60,0
1967,15947,60,0
1968,33321,60,0
1969,34111,60,0
1970,28706,60,0
1971,50417,60,0
1972,25842,60,0
1973,38104,60,0
1974,47959,60,0
1975,17402,60,0
1976,27163,60,0
1977,31133,60,0
1978,16396,60,0
1979,11178,60,0
1980,34948,60,0
1981,30681,60,0
1982,34865,60,0
1983,17820,60,0
1984,20408,60,0
1985,40140,60,0
1986,8459,60,0
1987,33870,60,0
1988,21797,60,0
1989,30128,60,0
1990,33485,60,0
1991,8669,60,0
1992,31792,60,0
1993,13808,60,0
1994,45632,60,0
1995,34404,60,0
1996,10439,60,0
1997,7201,60,0
1998,2412,60,0
1999,35584,60,0
2000,28566,60,0
2001,48437,60,0
2002,50849,60,0
2003,1760,60,0
2004,17646,60,0
2005,6870,60,0
2006,48882,60,0
2007,8057,60,0
2008,31595,60,0
2009,22365,60,0
2010,33121,60,0
2011,26491,60,0
2012,26801,60,0
2013,33444,60,0
2014,25340,60,0
2015,12330,60,0
2016,31931,60,0
2017,5160,60,0
2018,1216,60,0
2019,32842,60,0
2020,7200,60,0
2021,12010,60,0
2022,23489,60,0
2023,47637,60,0
2024,32560,60,0
2025,34741,60,0
2026,17203,60,0
2027,14907,60,0
2028,6317,60,0
2029,23758,60,0
2030,46393,60,0
2031,16843,60,0
2032,33056,60,0
2033,29291,60,0
2034,3157,60,0
2035,12977,60,0
2036,26205,60,0
2037,45113,60,0
2038,15481,60,0
2039,33616,60,0
2040,8585,60,0
2041,48254,60,0
2042,31231,60,0
2043,48292,60,0
2044,31446,60,0
2045,19813,60,0
2046,29451,60,0
2047,34775,60,0
2048,16125,60,0
2049,14827,60,0
2050,1596,60,0
2051,34490,60,0
2052,27927,60,0
2053,25675,60,0
2054,31739,60,0
2055,12174,60,0
2056,26073,60,0
2057,33633,60,0
2058,22298,60,0
2059,46939,60,0
2060,27538,60,0
2061,28016,60,0
2062,28385,60,0
2063,8370,60,0
2064,13112,60,0
2065,27616,60,0
2066,5541,60,0
2067,2838,60,0
2068,27198,60,0
2069,20523,60,0
2070,14643,60,0
2071,12115,60,0
2072,33987,60,0
2073,16765,60,0
2074,48234,60,0
2075,10463,60,0
2076,11336,60,0
2077,17395,60,0
2078,24957,60,0
2079,33324,60,0
2080,26001,60,0
2081,17580,60,0
2082,35562,60,0
2083,1027,60,0
2084,33348,60,0
2085,43335,60,0
2086,11664,60,0
2087,22961,60,0
2088,16700,60,0
2089,15480,60,0
2090,34016,60,0
2091,21978,60,0
2092,35349,60,0
2093,30336,60,0
2094,31646,60,0
2095,32469,60,0
2096,20569,60,0
2097,10361,60,0
2098,8440,60,0
2099,17731,60,0
2100,26427,60,0
2101,1279,60,0
2102,33536,60,0
2103,34063,60,0
2104,15141,60,0
2105,14409,60,0
2106,28663,60,0
2107,20720,60,0
2108,16008,60,0
2109,11080,60,0
2110,30747,60,0
2111,46890,60,0
2112,20020,60,0
2113,19632,60,0
2114,32041,60,0
2115,9575,60,0
2116,23341,60,0
2117,32741,60,0
2118,10449,60,0
2119,50306,60,0
2120,35463,60,0
2121,10286,60,0
2122,3009,60,0
2123,46885,60,0
2124,28192,60,0
2125,26426,60,0
2126,27417,60,0
2127,11856,60,0
2128,17415,60,0
2129,26259,60,0
2130,11970,60,0
2131,22847,60,0
2132,16480,60,0
2133,17427,60,0
2134,31102,60,0
2135,4214,60,0
2136,2083,60,0
2137,41060,60,0
2138,14424,60,0
2139,26546,60,0
2140,31861,60,0
2141,7251,60,0
2142,50628,60,0
2143,16061,60,0
2144,35947,60,0
2145,9455,60,0
2146,12106,60,0
2147,11623,60,0
2148,44896,60,0
2149,22422,60,0
2150,26183,60,0
2151,47840,60,0
2152,47385,60,0
2153,17783,60,0
2154,50245,60,0
2155,11707,60,0
2156,23968,60,0
2157,47384,60,0
2158,27400,60,0
2159,15052,60,0
2160,47371,60,0
2161,28450,60,0
2162,11430,60,0
2163,23476,60,0
2164,11167,60,0
2165,33379,60,0
2166,8828,60,0
2167,18434,60,0
2168,25755,60,0
2169,3295,60,0
2170,25983,60,0
2171,15584,60,0
2172,11595,60,0
2173,14386,60,0
2174,992,60,0
2175,14921,60,0
2176,29950,60,0
2177,14949,60,0
2178,40732,60,0
2179,18398,60,0
2180,30986,60,0
2181,37312,60,0
2182,27673,60,0
2183,29739,60,0
2184,50512,60,0
2185,3003,60,0
2186,19661,60,0
2187,16411,60,0
2188,7440,60,0
2189,33456,60,0
2190,42476,60,0
2191,5592,60,0
2192,3065,60,0
2193,16117,60,0
2194,24014,60,0
2195,32036,60,0
2196,35713,60,0
2197,6554,60,0
2198,23959,60,0
2199,25812,60,0
2200,25850,60,0
2201,35626,60,0
2202,42119,60,0
2203,4228,60,0
2204,48078,60,0
2205,34743,60,0
2206,35973,60,0
2207,5589,60,0
2208,4777,60,0
2209,6862,60,0
2210,9576,60,0
2211,34201,60,0
2212,12706,60,0
2213,29517,60,0
2214,33149,60,0
2215,4340,60,0
2216,50188,60,0
2217,29832,60,0
2218,19641,60,0
2219,9589,60,0
2220,27969,60,0
2221,24767,60,0
2222,46570,60,0
2223,47370,60,0
2224,829,60,0
2225,18051,60,0
2226,31293,60,0
2227,27978,60,0
2228,3808,60,0
2229,17425,60,0
2230,48620,60,0
2231,31009,60,0
2232,34435,60,0
2233,18067,60,0
2234,36438,60,0
2235,32038,60,0
2236,21641,60,0
2237,21060,60,0
2238,17410,60,0
2239,49437,60,0
2240,14860,60,0
2241,13219,60,0
2242,29260,60,0
2243,36049,60,0
2244,20560,60,0
2245,6512,60,0
2246,19727,60,0
2247,28784,60,0
2248,20458,60,0
2249,27360,60,0
2250,36416,60,0
2251,23064,60,0
2252,49187,60,0
2253,19018,60,0
2254,3100,60,0
2255,8450,60,0
2256,13080,60,0
2257,16478,60,0
2258,34725,60,0
2259,16159,60,0
2260,5467,60,0
2261,12176,60,0
2262,35654,60,0
2263,34786,60,0
2264,11739,60,0
2265,29887,60,0
2266,20586,60,0
2267,36169,60,0
2268,19886,60,0
2269,3099,60,0
2270,12048,60,0
2271,19832,60,0
2272,13137,60,0
2273,14929,60,0
2274,4678,60,0
2275,11801,60,0
2276,45749,60,0
2277,16331,60,0
2278,47769,60,0
2279,23473,60,0
2280,47907,60,0
2281,15503,60,0
2282,42796,60,0
2283,11792,60,0
2284,11518,60,0
2285,17864,60,0
2286,35001,60,0
2287,144,60,0
2288,46755,60,0
2289,14286,60,0
2290,31832,60,0
2291,14138,60,0
2292,7901,60,0
2293,33640,60,0
2294,26292,60,0
2295,22831,60,0
2296,1089,60,0
2297,12703,60,0
2298,30876,60,0
2299,13514,60,0
2300,29426,60,0
2301,27777,60,0
2302,8862,60,0
2303,10943,60,0
2304,30259,60,0
2305,31042,60,0
2306,23146,60,0
2307,50480,60,0
2308,36715,60,0
2309,37895,60,0
2310,24875,60,0
2311,13432,60,0
2312,33609,60,0
2313,25189,60,0
2314,32352,60,0
2315,2491,60,0
2316,47107,60,0
2317,42702,60,0
2318,1337,60,0
2319,31765,60,0
2320,49266,60,0
2321,11319,60,0
2322,31896,60,0
2323,31842,60,0
2324,20105,60,0
2325,16959,60,0
2326,12265,60,0
2327,34956,60,0
2328,17845,60,0
2329,2642,60,0
2330,36005,60,0
2331,30871,60,0
2332,29817,60,0
2333,44428,60,0
2334,31371,60,0
2335,13418,60,0
2336,20649,60,0
2337,14833,60,0
2338,34846,60,0
2339,30369,60,0
2340,32230,60,0
2341,22530,60,0
2342,30048,60,0
2343,48814,60,0
2344,9365,60,0
2345,19618,60,0
2346,17132,60,0
2347,15259,60,0
2348,11288,60,0
2349,48644,60,0
2350,48787,60,0
2351,18155,60,0
2352,17355,60,0
2353,13720,60,0
2354,10536,60,0
2355,13705,60,0
2356,11316,60,0
2357,9042,60,0
2358,42868,60,0
2359,30557,60,0
2360,10466,60,0
2361,34075,60,0
2362,15437,60,0
2363,44960,60,0
2364,11557,60,0
2365,48558,60,0
2366,12687,60,0
2367,35901,60,0
2368,35711,60,0
2369,17965,60,0
2370,12354,60,0
2371,34156,60,0
2372,15066,60,0
2373,23398,60,0
2374,40761,60,0
2375,14055,60,0
2376,23166,60,0
2377,3195,60,0
2378,31609,60,0
2379,45658,60,0
2380,17215,60,0
2381,22894,60,0
2382,30271,60,0
2383,48005,60,0
2384,19539,60,0
2385,20497,60,0
2386,8496,60,0
2387,34608,60,0
2388,14437,60,0
2389,15041,60,0
2390,39461,60,0
2391,50104,60,0
2392,11226,60,0
2393,2420,60,0
2394,37242,60,0
2395,13921,60,0
2396,24758,60,0
2397,18583,60,0
2398,10928,60,0
2399,27446,60,0
2400,33641,60,0
2401,21642,60,0
2402,22799,60,0
2403,32551,60,0
2404,35985,60,0
2405,30419,60,0
2406,31785,60,0
2407,11227,60,0
2408,14560,60,0
2409,34353,60,0
2410,48102,60,0
2411,14324,60,0
2412,14790,60,0
2413,3294,60,0
2414,9304,60,0
2415,24949,60,0
2416,34188,60,0
2417,27994,60,0
2418,17774,60,0
2419,24703,60,0
2420,12230,60,0
2421,14832,60,0
2422,8365,60,0
2423,28143,60,0
2424,3503,60,0
2425,39146,60,0
2426,9022,60,0
2427,21448,60,0
2428,27549,60,0
2429,37059,60,0
2430,7955,60,0
2431,5305,60,0
2432,12345,60,0
2433,11541,60,0
2434,26126,60,0
2435,50010,60,0
2436,11626,60,0
2437,21869,60,0
2438,32147,60,0
2439,13209,60,0
2440,35813,60,0
2441,26162,60,0
2442,18878,60,0
2443,21405,60,0
2444,26306,60,0
2445,31168,60,0
2446,10868,60,0
2447,21505,60,0
2448,25936,60,0
2449,47545,60,0
2450,3111,60,0
2451,34173,60,0
2452,33968,60,0
2453,25264,60,0
2454,14425,60,0
2455,12586,60,0
2456,27220,60,0
2457,28275,60,0
2458,43015,60,0
2459,11450,60,0
2460,5978,60,0
2461,23034,60,0
2462,41194,60,0
2463,24385,60,0
2464,28168,60,0
2465,19348,60,0
2466,12160,60,0
2467,47700,60,0
2468,10774,60,0
2469,30788,60,0
2470,31696,60,0
2471,34658,60,0
2472,35358,60,0
2473,31090,60,0
2474,18119,60,0
2475,29093,60,0
2476,30033,60,0
2477,38159,60,0
2478,32185,60,0
2479,8561,60,0
2480,14670,60,0
2481,1773,60,0
2482,47623,60,0
2483,12403,60,0
2484,14938,60,0
2485,22593,60,0
2486,11803,60,0
2487,21999,60,0
2488,3146,60,0
2489,50246,60,0
2490,30061,60,0
2491,15263,60,0
2492,23573,60,0
2493,30038,60,0
2494,2418,60,0
2495,20794,60,0
2496,34398,60,0
2497,8620,60,0
2498,32913,60,0
2499,27043,60,0
2500,15513,60,0
2501,35388,60,0
2502,11056,60,0
2503,23463,60,0
2504,18905,60,0
2505,5419,60,0
2506,31718,60,0
2507,38699,60,0
2508,1847,60,0
2509,20077,60,0
2510,19518,60,0
2511,18188,60,0
2512,11602,60,0
2513,11172,60,0
2514,17301,60,0
2515,33433,60,0
2516,35343,60,0
2517,22567,60,0
2518,32868,60,0
2519,31875,60,0
2520,14563,60,0
2521,39949,60,0
2522,15594,60,0
2523,25350,60,0
2524,33303,60,0
2525,39055,60,0
2526,35600,60,0
2527,31085,60,0
2528,10762,60,0
2529,14775,60,0
2530,25970,60,0
2531,33247,60,0
2532,18626,60,0
2533,12145,60,0
2534,16374,60,0
2535,30991,60,0
2536,12221,60,0
2537,12710,60,0
2538,2388,60,0
2539,37716,60,0
2540,11194,60,0
2541,16995,60,0
2542,5097,60,0
2543,50234,60,0
2544,16905,60,0
2545,28397,60,0
2546,28888,60,0
2547,27324,60,0
2548,31037,60,0
2549,14965,60,0
2550,31848,60,0
2551,38299,60,0
2552,12696,60,0
2553,12587,60,0
2554,23910,60,0
2555,32276,60,0
2556,30376,60,0
2557,29459,60,0
2558,35653,60,0
2559,5770,60,0
2560,50205,60,0
2561,33329,60,0
2562,40781,60,0
2563,38331,60,0
2564,33693,60,0
2565,46809,60,0
2566,29727,60,0
2567,22954,60,0
2568,31186,60,0
2569,3181,60,0
2570,22331,60,0
2571,8615,60,0
2572,46808,60,0
2573,13353,60,0
2574,31742,60,0
2575,19084,60,0
2576,17213,60,0
2577,50569,60,0
2578,32507,60,0
2579,50061,60,0
2580,8487,60,0
2581,12619,60,0
2582,33710,60,0
2583,4003,60,0
2584,15998,60,0
2585,48613,60,0
2586,17021,60,0
2587,8590,60,0
2588,21640,60,0
2589,48497,60,0
2590,46798,60,0
2591,5616,60,0
2592,30482,60,0
2593,25202,60,0
2594,47634,60,0
2595,30464,60,0
2596,24071,60,0
2597,10058,60,0
2598,2456,60,0
2599,13100,60,0
2600,17278,60,0
2601,14765,60,0
2602,11788,60,0
2603,4445,60,0
2604,33248,60,0
2605,18087,60,0
2606,15006,60,0
2607,50864,60,0
2608,10269,60,0
2609,13757,60,0
2610,23165,60,0
2611,42092,60,0
2612,5017,60,0
2613,17143,60,0
2614,19174,60,0
2615,40760,60,0
2616,42795,60,0
2617,11745,60,0
2618,11296,60,0
2619,15614,60,0
2620,31551,60,0
2621,13624,60,0
2622,48284,60,0
2623,98,60,0
2624,31547,60,0
2625,31970,60,0
2626,23931,60,0
2627,29151,60,0
2628,2891,60,0
2629,1983,60,0
2630,32457,60,0
2631,12159,60,0
2632,14906,60,0
2633,1060,60,0
2634,19794,60,0
2635,15370,60,0
2636,7918,60,0
2637,17026,60,0
2638,17994,60,0
2639,19283,60,0
2640,5603,60,0
2641,28960,60,0
2642,46827,60,0
2643,19480,60,0
2644,38059,60,0
2645,22500,60,0
2646,31876,60,0
2647,47426,60,0
2648,44843,60,0
2649,5673,60,0
2650,10343,60,0
2651,13084,60,0
2652,45178,60,0
2653,16768,60,0
2654,10634,60,0
2655,14747,60,0
2656,18477,60,0
2657,47703,60,0
2658,11944,60,0
2659,27041,60,0
2660,140,60,0
2661,33903,60,0
2662,19304,60,0
2663,7992,60,0
2664,29484,60,0
2665,30497,60,0
2666,47608,60,0
2667,18053,60,0
2668,50827,60,0
2669,14975,60,0
2670,30484,60,0
2671,30495,60,0
2672,24499,60,0
2673,33862,60,0
2674,39784,60,0
2675,48971,60,0
2676,32538,60,0
2677,32483,60,0
2678,16243,60,0
2679,39607,60,0
2680,48557,60,0
2681,23339,60,0
2682,12192,60,0
2683,10843,60,0
2684,8710,60,0
2685,48788,60,0
2686,36202,60,0
2687,11387,60,0
2688,29547,60,0
2689,29204,60,0
2690,16472,60,0
2691,31278,60,0
2692,45985,60,0
2693,48160,60,0
2694,25947,60,0
2695,34522,60,0
2696,15740,60,0
2697,16614,60,0
2698,17879,60,0
2699,3127,60,0
2700,21292,60,0
2701,8428,60,0
2702,33356,60,0
2703,30418,60,0
2704,13723,60,0
2705,31252,60,0
2706,28305,60,0
2707,14787,60,0
2708,49432,60,0
2709,17191,60,0
2710,6809,60,0
2711,19258,60,0
2712,14569,60,0
2713,20864,60,0
2714,48532,60,0
2715,12402,60,0
2716,26654,60,0
2717,25227,60,0
2718,47096,60,0
2719,31761,60,0
2720,25847,60,0
2721,12868,60,0
2722,15253,60,0
2723,49828,60,0
2724,21751,60,0
2725,11209,60,0
2726,35913,60,0
2727,23808,60,0
2728,23532,60,0
2729,33009,60,0
2730,29805,60,0
2731,19980,60,0
2732,8863,60,0
2733,47621,60,0
2734,12757,60,0
2735,9778,60,0
2736,19017,60,0
2737,28470,60,0
2738,7839,60,0
2739,29662,60,0
2740,13928,60,0
2741,6838,60,0
2742,7524,60,0
2743,22890,60,0
2744,20106,60,0
2745,16690,60,0
2746,31693,60,0
2747,43686,60,0
2748,32525,60,0
2749,15288,60,0
2750,4395,60,0
2751,28345,60,0
2752,2533,60,0
2753,12465,60,0
2754,44910,60,0
2755,31694,60,0
2756,35507,60,0
2757,49508,60,0
2758,44920,60,0
2759,26643,60,0
2760,555,60,0
2761,28405,60,0
2762,4139,60,0
2763,32015,60,0
2764,17949,60,0
2765,33183,60,0
2766,19839,60,0
2767,1033,60,0
2768,35007,60,0
2769,416,60,0
2770,5852,60,0
2771,46147,60,0
2772,31773,60,0
2773,8616,60,0
2774,43000,60,0
2775,33916,60,0
2776,5492,60,0
2777,46496,60,0
2778,33972,60,0
2779,40763,60,0
2780,32267,60,0
2781,11019,60,0
2782,40006,60,0
2783,29641,60,0
2784,29776,60,0
2785,34227,60,0
2786,7806,60,0
2787,30087,60,0
2788,17943,60,0
2789,21643,60,0
2790,29211,60,0
2791,5090,60,0
2792,29988,60,0
2793,26834,60,0
2794,13318,60,0
2795,5590,60,0
2796,48700,60,0
2797,6537,60,0
2798,17569,60,0
2799,34771,60,0
2800,15025,60,0
2801,25325,60,0
2802,35678,60,0
2803,32207,60,0
2804,2352,60,0
2805,26839,60,0
2806,29667,60,0
2807,34941,60,0
2808,29492,60,0
2809,35572,60,0
2810,23233,60,0
2811,36115,60,0
2812,35084,60,0
2813,7664,60,0
2814,24209,60,0
2815,27660,60,0
2816,19904,60,0
2817,9763,60,0
2818,10629,60,0
2819,38072,60,0
2820,13352,60,0
2821,30017,60,0
2822,21147,60,0
2823,4128,60,0
2824,34105,60,0
2825,13601,60,0
2826,48358,60,0
2827,47963,60,0
2828,12027,60,0
2829,8588,60,0
2830,50023,60,0
2831,18058,60,0
2832,13520,60,0
2833,40818,60,0
2834,24003,60,0
2835,30191,60,0
2836,31755,60,0
2837,10594,60,0
2838,32547,60,0
2839,15588,60,0
2840,9060,60,0
2841,44956,60,0
2842,14014,60,0
2843,15780,60,0
2844,30288,60,0
2845,49323,60,0
2846,27212,60,0
2847,32758,60,0
2848,11876,60,0
2849,30711,60,0
2850,32032,60,0
2851,19378,60,0
2852,15110,60,0
2853,9107,60,0
2854,33803,60,0
2855,32611,60,0
2856,26094,60,0
2857,21356,60,0
2858,48198,60,0
2859,24577,60,0
2860,41892,60,0
2861,17099,60,0
2862,35182,60,0
2863,29748,60,0
2864,31021,60,0
2865,30103,60,0
2866,47636,60,0
2867,48188,60,0
2868,14902,60,0
2869,49774,60,0
2870,35911,60,0
2871,22066,60,0
2872,17518,60,0
2873,31886,60,0
2874,12675,60,0
2875,12093,60,0
2876,8531,60,0
2877,22946,60,0
2878,48187,60,0
2879,19108,60,0
2880,15400,60,0
2881,47132,60,0
2882,41891,60,0
2883,19860,60,0
2884,38070,60,0
2885,4069,60,0
2886,14976,60,0
2887,12716,60,0
2888,28932,60,0
2889,44089,60,0
2890,25705,60,0
2891,25763,60,0
2892,32800,60,0
2893,25274,60,0
2894,15848,60,0
2895,5588,60,0
2896,16523,60,0
2897,2322,60,0
2898,46409,60,0
2899,18387,60,0
2900,15040,60,0
2901,13373,60,0
2902,16103,60,0
2903,23516,60,0
2904,32120,60,0
2905,12266,60,0
2906,48215,60,0
2907,15071,60,0
2908,14951,60,0
2909,29627,60,0
2910,49498,60,0
2911,49186,60,0
2912,34927,60,0
2913,35086,60,0
2914,47795,60,0
2915,36013,60,0
2916,35932,60,0
2917,20575,60,0
2918,46367,60,0
2919,8191,60,0
2920,13557,60,0
2921,28148,60,0
2922,47193,60,0
2923,11428,60,0
2924,38534,60,0
2925,35313,60,0
2926,31097,60,0
2927,1061,60,0
2928,1508,60,0
2929,22247,60,0
2930,50875,60,0
2931,21491,60,0
2932,48841,60,0
2933,4046,60,0
2934,35766,60,0
2935,14217,60,0
2936,32693,60,0
2937,22400,60,0
2938,43563,60,0
2939,29144,60,0
2940,2954,60,0
2941,560,60,0
2942,35797,60,0
2943,19571,60,0
2944,11010,60,0
2945,4468,60,0
2946,22941,60,0
2947,10138,60,0
2948,15260,60,0
2949,7758,60,0
2950,12541,60,0
2951,34431,60,0
2952,13043,60,0
2953,8444,60,0
2954,5509,60,0
2955,14418,60,0
2956,14979,60,0
2957,22111,60,0
2958,20876,60,0
2959,19951,60,0
2960,14597,60,0
2961,10907,60,0
2962,31996,60,0
2963,21331,60,0
2964,21196,60,0
2965,31267,60,0
2966,9646,60,0
2967,38637,60,0
2968,12778,60,0
2969,13242,60,0
2970,34107,60,0
2971,7100,60,0
2972,14426,60,0
2973,30019,60,0
2974,49046,60,0
2975,12661,60,0
2976,14960,60,0
2977,48768,60,0
2978,7250,60,0
2979,49625,60,0
2980,47508,60,0
2981,32353,60,0
2982,50761,60,0
2983,47259,60,0
2984,32743,60,0
2985,13400,60,0
2986,4506,60,0
2987,31768,60,0
2988,12208,60,0
2989,14878,60,0
2990,5436,60,0
2991,23522,60,0
2992,25071,60,0
2993,46658,60,0
2994,23454,60,0
2995,33559,60,0
2996,20117,60,0
2997,45372,60,0
2998,8587,60,0
2999,8998,60,0
3000,16224,60,0
3001,23773,60,0
3002,14443,60,0
3003,10693,60,0
3004,12843,60,0
3005,1234,60,0
3006,31106,60,0
3007,31335,60,0
3008,34712,60,0
3009,27829,60,0
3010,32025,60,0
3011,20625,60,0
3012,28054,60,0
3013,34968,60,0
3014,32278,60,0
3015,29929,60,0
3016,45481,60,0
3017,26532,60,0
3018,47140,60,0
3019,19032,60,0
3020,34649,60,0
3021,29656,60,0
3022,16558,60,0
3023,42202,60,0
3024,25239,60,0
3025,17843,60,0
3026,13091,60,0
3027,25876,60,0
3028,7718,60,0
3029,43155,60,0
3030,34419,60,0
3031,35612,60,0
3032,20359,60,0
3033,45396,60,0
3034,40822,60,0
3035,42767,60,0
3036,22808,60,0
3037,35460,60,0
3038,23213,60,0
3039,24900,60,0
3040,29332,60,0
3041,3968,60,0
3042,30005,60,0
3043,30091,60,0
3044,31012,60,0
3045,29427,60,0
3046,42189,60,0
3047,6335,60,0
3048,5187,60,0
3049,28647,60,0
3050,15088,60,0
3051,11451,60,0
3052,45212,60,0
3053,23219,60,0
3054,16730,60,0
3055,16307,60,0
3056,46087,60,0
3057,28517,60,0
3058,14578,60,0
3059,7118,60,0
3060,15477,60,0
3061,31766,60,0
3062,1733,60,0
3063,6344,60,0
3064,14600,60,0
3065,33722,60,0
3066,44878,60,0
3067,30835,60,0
3068,50024,60,0
3069,50302,60,0
3070,410,60,0
3071,18020,60,0
3072,29906,60,0
3073,49754,60,0
3074,20964,60,0
3075,31294,60,0
3076,16017,60,0
3077,47190,60,0
3078,15720,60,0
3079,23916,60,0
3080,50929,60,0
3081,25206,60,0
3082,14419,60,0
3083,15475,60,0
3084,39464,60,0
3085,5014,60,0
3086,46668,60,0
3087,32875,60,0
3088,30972,60,0
3089,2554,60,0
3090,17561,60,0
3091,27941,60,0
3092,48994,60,0
3093,20815,60,0
3094,7588,60,0
3095,35949,60,0
3096,28291,60,0
3097,26251,60,0
3098,27983,60,0
3099,8099,60,0
3100,22791,60,0
3101,34045,60,0
3102,270,60,0
3103,22137,60,0
3104,23,60,0
3105,28553,60,0
3106,20228,60,0
3107,22065,60,0
3108,13838,60,0
3109,12990,60,0
3110,17218,60,0
3111,27249,60,0
3112,49049,60,0
3113,3748,60,0
3114,25894,60,0
3115,20963,60,0
3116,29286,60,0
3117,43674,60,0
3118,3229,60,0
3119,30970,60,0
3120,36514,60,0
3121,32286,60,0
3122,17756,60,0
3123,13292,60,0
3124,8759,60,0
3125,15384,60,0
3126,4399,60,0
3127,13196,60,0
3128,21402,60,0
3129,17281,60,0
3130,16441,60,0
3131,15974,60,0
3132,10985,60,0
3133,23839,60,0
3134,3207,60,0
3135,32087,60,0
3136,12067,60,0
3137,18288,60,0
3138,14108,60,0
3139,15514,60,0
3140,23158,60,0
3141,21373,60,0
3142,1947,60,0
3143,12294,60,0
3144,41701,60,0
3145,7301,60,0
3146,13087,60,0
3147,7554,60,0
3148,25297,60,0
3149,35211,60,0
3150,11360,60,0
3151,25910,60,0
3152,32535,60,0
3153,47086,60,0
3154,26161,60,0
3155,31400,60,0
3156,39659,60,0
3157,27065,60,0
3158,33408,60,0
3159,45257,60,0
3160,11123,60,0
3161,46007,60,0
3162,3641,60,0
3163,35178,60,0
3164,17762,60,0
3165,19194,60,0
3166,19124,60,0
3167,14046,60,0
3168,32881,60,0
3169,3129,60,0
3170,49464,60,0
3171,38357,60,0
3172,35236,60,0
3173,20648,60,0
3174,17555,60,0
3175,50026,60,0
3176,50025,60,0
3177,47349,60,0
3178,17589,60,0
3179,17242,60,0
3180,15682,60,0
3181,30610,60,0
3182,10930,60,0
3183,35033,60,0
3184,2152,60,0
3185,33064,60,0
3186,16134,60,0
3187,42046,60,0
3188,1083,60,0
3189,18558,60,0
3190,34214,60,0
3191,32618,60,0
3192,21524,60,0
3193,10903,60,0
3194,11842,60,0
3195,21583,60,0
3196,30187,60,0
3197,27407,60,0
3198,5922,60,0
3199,32859,60,0
3200,25846,60,0
3201,15107,60,0
3202,11505,60,0
3203,48343,60,0
3204,26452,60,0
3205,12945,60,0
3206,28455,60,0
3207,24964,60,0
3208,7001,60,0
3209,25604,60,0
3210,24917,60,0
3211,17877,60,0
3212,16251,60,0
3213,28852,60,0
3214,1749,60,0
3215,17241,60,0
3216,11685,60,0
3217,677,60,0
3218,21364,60,0
3219,25728,60,0
3220,17198,60,0
3221,34406,60,0
3222,39263,60,0
3223,15109,60,0
3224,34363,60,0
3225,17590,60,0
3226,29140,60,0
3227,29874,60,0
3228,31891,60,0
3229,21849,60,0
3230,22666,60,0
3231,27318,60,0
3232,17155,60,0
3233,48090,60,0
3234,39804,60,0
3235,452,60,0
3236,43355,60,0
3237,40904,60,0
3238,42833,60,0
3239,32104,60,0
3240,31449,60,0
3241,29365,60,0
3242,22756,60,0
3243,33529,60,0
3244,35721,60,0
3245,13367,60,0
3246,15657,60,0
3247,2447,60,0
3248,24486,60,0
3249,38777,60,0
3250,18889,60,0
3251,39640,60,0
3252,16552,60,0
3253,18089,60,0
3254,11252,60,0
3255,42190,60,0
3256,40057,60,0
3257,12350,60,0
3258,29754,60,0
3259,20286,60,0
3260,33395,60,0
3261,14581,60,0
3262,11751,60,0
3263,33713,60,0
3264,35180,60,0
3265,44513,60,0
3266,12665,60,0
3267,30985,60,0
3268,6188,60,0
3269,6978,60,0
3270,21825,60,0
3271,35394,60,0
3272,25641,60,0
3273,6658,60,0
3274,34598,60,0
3275,13015,60,0
3276,13187,60,0
3277,48469,60,0
3278,31101,60,0
3279,34849,60,0
3280,38979,60,0
3281,10316,60,0
3282,24871,60,0
3283,4199,60,0
3284,16406,60,0
3285,39320,60,0
3286,20311,60,0
3287,28924,60,0
3288,12774,60,0
3289,16336,60,0
3290,18034,60,0
3291,25286,60,0
3292,31216,60,0
3293,10366,60,0
3294,5914,60,0
3295,24053,60,0
3296,20474,60,0
3297,17549,60,0
3298,28181,60,0
3299,29803,60,0
3300,18064,60,0
3301,49301,60,0
3302,10948,60,0
3303,17848,60,0
3304,15077,60,0
3305,2356,60,0
3306,20810,60,0
3307,31757,60,0
3308,16980,60,0
3309,28569,60,0
3310,35031,60,0
3311,2917,60,0
3312,2295,60,0
3313,15871,60,0
3314,9933,60,0
3315,12493,60,0
3316,5958,60,0
3317,6549,60,0
3318,15358,60,0
3319,60,60,0
3320,20911,60,0
3321,9418,60,0
3322,23544,60,0
3323,17322,60,0
3324,29642,60,0
3325,30656,60,0
3326,18018,60,0
3327,17337,60,0
3328,10506,60,0
3329,31036,60,0
3330,34135,60,0
3331,17207,60,0
3332,15317,60,0
3333,9444,60,0
3334,31561,60,0
3335,15862,60,0
3336,21344,60,0
3337,35884,60,0
3338,8067,60,0
3339,17486,60,0
3340,8894,60,0
3341,29152,60,0
3342,48554,60,0
3343,20913,60,0
3344,48924,60,0
3345,33728,60,0
3346,1846,60,0
3347,43280,60,0
3348,48379,60,0
3349,32552,60,0
3350,48555,60,0
3351,18493,60,0
3352,23496,60,0
3353,12694,60,0
3354,34631,60,0
3355,37588,60,0
3356,32453,60,0
3357,25860,60,0
3358,30347,60,0
3359,34523,60,0
3360,32991,60,0
3361,42375,60,0
3362,35024,60,0
3363,39151,60,0
3364,7957,60,0
3365,40096,60,0
3366,21735,60,0
3367,25414,60,0
3368,3284,60,0
3369,20630,60,0
3370,34813,60,0
3371,20778,60,0
3372,10805,60,0
3373,14574,60,0
3374,16288,60,0
3375,33346,60,0
3376,22904,60,0
3377,27349,60,0
3378,41910,60,0
3379,43704,60,0
3380,4017,60,0
3381,9414,60,0
3382,33703,60,0
3383,16013,60,0
3384,48755,60,0
3385,47207,60,0
3386,32858,60,0
3387,5821,60,0
3388,32284,60,0
3389,30980,60,0
3390,2341,60,0
3391,13477,60,0
3392,29431,60,0
3393,30217,60,0
3394,2545,60,0
3395,14267,60,0
3396,39593,60,0
3397,34544,60,0
3398,31795,60,0
3399,18400,60,0
3400,20651,60,0
3401,13751,60,0
3402,12227,60,0
3403,13056,60,0
3404,28975,60,0
3405,11110,60,0
3406,19766,60,0
3407,16760,60,0
3408,6393,60,0
3409,2028,60,0
3410,14164,60,0
3411,39874,60,0
3412,21269,60,0
3413,44490,60,0
3414,16207,60,0
3415,21940,60,0
3416,11653,60,0
3417,17504,60,0
3418,35398,60,0
3419,21796,60,0
3420,15373,60,0
3421,19869,60,0
3422,29559,60,0
3423,19166,60,0
3424,35436,60,0
3425,30847,60,0
3426,9914,60,0
3427,37417,60,0
3428,15192,60,0
3429,12453,60,0
3430,15816,60,0
3431,33695,60,0
3432,38805,60,0
3433,19938,60,0
3434,31233,60,0
3435,9983,60,0
3436,32864,60,0
3437,43318,60,0
3438,46762,60,0
3439,5655,60,0
3440,39619,60,0
3441,10670,60,0
3442,2715,60,0
3443,50709,60,0
3444,48578,60,0
3445,15647,60,0
3446,11721,60,0
3447,33712,60,0
3448,31782,60,0
3449,13136,60,0
3450,12546,60,0
3451,25682,60,0
3452,15339,60,0
3453,3977,60,0
3454,7066,60,0
3455,26101,60,0
3456,23530,60,0
3457,12816,60,0
3458,47724,60,0
3459,25494,60,0
3460,24624,60,0
3461,33180,60,0
3462,978,60,0
3463,12099,60,0
3464,30307,60,0
3465,15662,60,0
3466,28718,60,0
3467,16507,60,0
3468,7404,60,0
3469,49117,60,0
3470,47115,60,0
3471,48531,60,0
3472,4159,60,0
3473,14764,60,0
3474,31000,60,0
3475,4389,60,0
3476,49388,60,0
3477,11089,60,0
3478,35781,60,0
3479,42039,60,0
3480,37185,60,0
3481,14659,60,0
3482,15002,60,0
3483,24704,60,0
3484,36067,60,0
3485,32980,60,0
3486,13440,60,0
3487,4891,60,0
3488,27641,60,0
3489,50508,60,0
3490,26433,60,0
3491,26128,60,0
3492,5085,60,0
3493,31652,60,0
3494,7728,60,0
3495,16930,60,0
3496,22629,60,0
3497,24892,60,0
3498,18497,60,0
3499,12425,60,0
3500,13891,60,0
3501,29480,60,0
3502,42477,60,0
3503,44768,60,0
3504,22406,60,0
3505,48417,60,0
3506,32030,60,0
3507,31080,60,0
3508,21413,60,0
3509,1007,60,0
3510,10565,60,0
3511,19196,60,0
3512,48053,60,0
3513,31537,60,0
3514,10781,60,0
3515,34109,60,0
3516,17150,60,0
3517,34091,60,0
3518,21650,60,0
3519,37557,60,0
3520,26974,60,0
3521,11263,60,0
3522,47902,60,0
3523,3131,60,0
3524,31001,60,0
3525,36990,60,0
3526,13358,60,0
3527,49123,60,0
3528,22334,60,0
3529,39344,60,0
3530,20806,60,0
3531,25870,60,0
3532,32871,60,0
3533,33647,60,0
3534,27362,60,0
3535,21335,60,0
3536,4369,60,0
3537,10953,60,0
3538,15704,60,0
3539,36694,60,0
3540,16824,60,0
3541,34695,60,0
3542,11775,60,0
3543,7755,60,0
3544,27764,60,0
3545,48995,60,0
3546,30211,60,0
3547,9925,60,0
3548,11974,60,0
3549,37887,60,0
3550,18088,60,0
3551,4252,60,0
3552,11423,60,0
3553,14615,60,0
3554,26451,60,0
3555,46860,60,0
3556,31704,60,0
3557,19254,60,0
3558,10380,60,0
3559,35799,60,0
3560,32461,61,1
3561,12359,61,0
3562,35342,61,0
3563,35423,61,0
3564,29949,61,0
3565,35594,61,0
3566,32572,61,0
3567,38986,61,0
3568,38056,61,0
3569,14919,61,0
3570,36109,61,0
3571,33054,61,0
3572,10944,61,0
3573,33430,61,0
3574,30549,61,0
3575,35329,61,0
3576,10071,61,0
3577,29619,61,0
3578,42194,61,0
3579,30561,61,0
3580,24005,61,0
3581,38375,61,0
3582,32292,61,0
3583,49923,61,0
3584,25826,61,0
3585,10690,61,0
3586,15894,61,0
3587,32655,61,0
3588,35700,61,0
3589,17989,61,0
3590,35798,61,0
3591,35598,61,0
3592,20991,61,0
3593,18383,61,0
3594,22310,61,0
3595,10718,61,0
3596,27463,61,0
3597,29579,61,0
3598,32515,61,0
3599,4090,61,0
3600,25009,61,0
3601,32322,61,0
3602,30315,61,0
3603,33822,61,0
3604,24039,61,0
3605,22708,61,0
3606,25486,61,0
3607,447,61,0
3608,12804,61,0
3609,6731,61,0
3610,6379,61,0
3611,25806,61,0
3612,13476,61,0
3613,49212,61,0
3614,10409,61,0
3615,14396,61,0
3616,31299,61,0
3617,32022,61,0
3618,31433,61,0
3619,19456,61,0
3620,9922,61,0
3621,16410,61,0
3622,38632,61,0
3623,28769,61,0
3624,6837,61,0
3625,17328,61,0
3626,11042,61,0
3627,34181,61,0
3628,4513,61,0
3629,14167,61,0
3630,9905,61,0
3631,32083,61,0
3632,18316,61,0
3633,31200,61,0
3634,13731,61,0
3635,7110,61,0
3636,24515,61,0
3637,31578,61,0
3638,39712,61,0
3639,12324,61,0
3640,35680,61,0
3641,32770,61,0
3642,50359,61,0
3643,4320,61,0
3644,35697,61,0
3645,31251,61,0
3646,34244,61,0
3647,2212,61,0
3648,30671,61,0
3649,15008,61,0
3650,49079,61,0
3651,42999,61,0
3652,29863,61,0
3653,29784,61,0
3654,31379,61,0
3655,33386,61,0
3656,13527,61,0
3657,49705,61,0
3658,32463,61,0
3659,12052,61,0
3660,47174,61,0
3661,34263,61,0
3662,48556,61,0
3663,29911,61,0
3664,21297,61,0
3665,27252,61,0
3666,20570,61,0
3667,9210,61,0
3668,47591,61,0
3669,41249,61,0
3670,36,61,0
3671,3020,61,0
3672,6427,61,0
3673,25484,61,0
3674,26539,61,0
3675,25418,61,0
3676,18325,61,0
3677,6429,61,0
3678,31589,61,0
3679,49122,61,0
3680,21482,61,0
3681,25950,61,0
3682,48062,61,0
3683,29575,61,0
3684,47787,61,0
3685,22405,61,0
3686,10810,61,0
3687,42793,61,0
3688,20645,61,0
3689,5426,61,0
3690,22951,61,0
3691,37268,61,0
3692,16384,61,0
3693,33298,61,0
3694,25756,61,0
3695,47056,61,0
3696,29482,61,0
3697,20733,61,0
3698,50919,61,0
3699,13000,61,0
3700,49879,61,0
3701,21873,61,0
3702,26514,61,0
3703,4049,61,0
3704,31208,61,0
3705,45641,61,0
3706,31964,61,0
3707,14891,61,0
3708,44563,61,0
3709,13269,61,0
3710,8554,61,0
3711,47489,61,0
3712,22926,61,0
3713,25582,61,0
3714,34375,61,0
3715,31458,61,0
3716,4355,61,0
3717,18255,61,0
3718,40154,61,0
3719,11469,61,0
3720,49131,61,0
3721,12349,61,0
3722,34072,61,0
3723,9322,61,0
3724,12738,61,0
3725,48037,61,0
3726,28328,61,0
3727,22221,61,0
3728,30181,61,0
3729,47348,61,0
3730,29958,61,0
3731,46673,61,0
3732,15591,61,0
3733,2541,61,0
3734,12892,61,0
3735,24056,61,0
3736,18913,61,0
3737,30247,61,0
3738,11099,61,0
3739,30018,61,0
3740,27682,61,0
3741,4528,61,0
3742,13202,61,0
3743,4940,61,0
3744,22984,61,0
3745,25734,61,0
3746,14293,61,0
3747,5557,61,0
3748,36831,61,0
3749,47382,61,0
3750,47340,61,0
3751,12210,61,0
3752,28797,61,0
3753,22830,61,0
3754,9041,61,0
3755,26202,61,0
3756,49637,61,0
3757,50730,61,0
3758,15132,61,0
3759,27223,61,0
3760,38083,61,0
3761,28172,61,0
3762,17991,61,0
3763,11287,61,0
3764,35451,61,0
3765,31800,61,0
3766,30246,61,0
3767,23629,61,0
3768,11818,61,0
3769,44716,61,0
3770,12978,61,0
3771,29964,61,0
3772,14768,61,0
3773,11951,61,0
3774,5587,61,0
3775,35846,61,0
3776,39326,61,0
3777,35223,61,0
3778,14884,61,0
3779,34382,61,0
3780,11962,61,0
3781,39867,61,0
3782,26074,61,0
3783,49215,61,0
3784,4794,61,0
3785,770,61,0
3786,34327,61,0
3787,34141,61,0
3788,34696,61,0
3789,30331,61,0
3790,24996,61,0
3791,22997,61,0
3792,22227,61,0
3793,5827,61,0
3794,15981,61,0
3795,36683,61,0
3796,14777,61,0
3797,7433,61,0
3798,20126,61,0
3799,8274,61,0
3800,30250,61,0
3801,17086,61,0
3802,14191,61,0
3803,42209,61,0
3804,33740,61,0
3805,33973,61,0
3806,14755,61,0
3807,49415,61,0
3808,32476,61,0
3809,28516,61,0
3810,15039,61,0
3811,10867,61,0
3812,10259,61,0
3813,50762,61,0
3814,22889,61,0
3815,16362,61,0
3816,38605,61,0
3817,24795,61,0
3818,46964,61,0
3819,42567,61,0
3820,12272,61,0
3821,32593,61,0
3822,44840,61,0
3823,22335,61,0
3824,50829,61,0
3825,16470,61,0
3826,13262,61,0
3827,25959,61,0
3828,16181,61,0
3829,47396,61,0
3830,8355,61,0
3831,14746,61,0
3832,5622,61,0
3833,4723,61,0
3834,22370,61,0
3835,29541,61,0
3836,47354,61,0
3837,28743,61,0
3838,10433,61,0
3839,2692,61,0
3840,13222,61,0
3841,28840,61,0
3842,32371,61,0
3843,11332,61,0
3844,34597,61,0
3845,30761,61,0
3846,33150,61,0
3847,8506,61,0
3848,20230,61,0
3849,18426,61,0
3850,19109,61,0
3851,17955,61,0
3852,35872,61,0
3853,27539,61,0
3854,27395,61,0
3855,42857,61,0
3856,50739,61,0
3857,40836,61,0
3858,29574,61,0
3859,41522,61,0
3860,21842,61,0
3861,32544,61,0
3862,32042,61,0
3863,38128,61,0
3864,26496,61,0
3865,30453,61,0
3866,35948,61,0
3867,48593,61,0
3868,50920,61,0
3869,23513,61,0
3870,25117,61,0
3871,29723,61,0
3872,25644,61,0
3873,50036,61,0
3874,11467,61,0
3875,45638,61,0
3876,15685,61,0
3877,1034,61,0
3878,13210,61,0
3879,35113,61,0
3880,21301,61,0
3881,37292,61,0
3882,29777,61,0
3883,17778,61,0
3884,425,61,0
3885,31211,61,0
3886,8572,61,0
3887,19313,61,0
3888,20805,61,0
3889,30958,61,0
3890,16078,61,0
3891,10683,61,0
3892,44271,61,0
3893,23432,61,0
3894,47666,61,0
3895,26327,61,0
3896,108,61,0
3897,2728,61,0
3898,22455,61,0
3899,34744,61,0
3900,1788,61,0
3901,25483,61,0
3902,35582,61,0
3903,23785,62,1
3904,26340,62,0
3905,50879,62,0
3906,31515,62,0
3907,27230,62,0
3908,17297,62,0
3909,24638,62,0
3910,26574,62,0
3911,2129,62,0
3912,33460,62,0
3913,23128,62,0
3914,43336,62,0
3915,19957,62,0
3916,47176,62,0
3917,40023,62,0
3918,14698,62,0
3919,12559,62,0
3920,24540,62,0
3921,25624,62,0
3922,45099,62,0
3923,27384,62,0
3924,15080,62,0
3925,19037,62,0
3926,6336,62,0
3927,15308,62,0
3928,29953,62,0
3929,12101,62,0
3930,27333,62,0
3931,1105,62,0
3932,23328,62,0
3933,49718,62,0
3934,46942,62,0
3935,26618,62,0
3936,15478,62,0
3937,50298,62,0
3938,4249,62,0
3939,22399,62,0
3940,27231,62,0
3941,14294,62,0
3942,2544,62,0
3943,21101,62,0
3944,8407,62,0
3945,47509,62,0
3946,33422,62,0
3947,20347,62,0
3948,47557,62,0
3949,11961,62,0
3950,22911,62,0
3951,14145,62,0
3952,21015,62,0
3953,26254,62,0
3954,11524,62,0
3955,28247,62,0
3956,23232,62,0
3957,50206,62,0
3958,22603,62,0
3959,16854,62,0
3960,3647,62,0
3961,25598,62,0
3962,20840,62,0
3963,3759,62,0
3964,3936,62,0
3965,23077,62,0
3966,27346,62,0
3967,16221,62,0
3968,27593,62,0
3969,4122,62,0
3970,26221,62,0
3971,17432,62,0
3972,18417,62,0
3973,32248,62,0
3974,14934,62,0
3975,30486,62,0
3976,16263,62,0
3977,23140,62,0
3978,35131,62,0
3979,39705,62,0
3980,15617,62,0
3981,33930,62,0
3982,17373,62,0
3983,1215,62,0
3984,16030,62,0
3985,34975,62,0
3986,15443,62,0
3987,13816,62,0
3988,30588,62,0
3989,30270,62,0
3990,6611,62,0
3991,35277,62,0
3992,24796,62,0
3993,24815,62,0
3994,31314,62,0
3995,45181,62,0
3996,9025,62,0
3997,49658,62,0
3998,14423,62,0
3999,47774,62,0
4000,15401,62,0
4001,7747,62,0
4002,10537,62,0
4003,9920,62,0
4004,33535,62,0
4005,2537,62,0
4006,29016,62,0
4007,26391,62,0
4008,30283,62,0
4009,16909,62,0
4010,49659,62,0
4011,50207,62,0
4012,25646,62,0
4013,49557,62,0
4014,16688,62,0
4015,23362,62,0
4016,19275,62,0
4017,24955,62,0
4018,46741,62,0
4019,22948,62,0
4020,39468,62,0
4021,10609,62,0
4022,19492,62,0
4023,31282,62,0
4024,22964,62,0
4025,34828,62,0
4026,25968,62,0
4027,34011,62,0
4028,23770,62,0
4029,1589,62,0
4030,27832,62,0
4031,24570,62,0
4032,50087,62,0
4033,47507,62,0
4034,12225,62,0
4035,8052,62,0
4036,31087,62,0
4037,30576,62,0
4038,28449,62,0
4039,41187,62,0
4040,46803,62,0
4041,33021,62,0
4042,14536,62,0
4043,8860,62,0
4044,49478,62,0
4045,35179,62,0
4046,3481,62,0
4047,26764,62,0
4048,9756,62,0
4049,9636,62,0
4050,11741,62,0
4051,50893,62,0
4052,35613,62,0
4053,21518,62,0
4054,34636,62,0
4055,50408,62,0
4056,30690,62,0
4057,8292,62,0
4058,46804,62,0
4059,27637,62,0
4060,12377,62,0
4061,31246,62,0
4062,41979,62,0
4063,39012,62,0
4064,14603,62,0
4065,22855,62,0
4066,22156,62,0
4067,3110,62,0
4068,7515,62,0
4069,15115,62,0
4070,16721,62,0
4071,9578,62,0
4072,34163,62,0
4073,20869,62,0
4074,15435,62,0
4075,24006,62,0
4076,12039,62,0
4077,15663,62,0
4078,40088,62,0
4079,32137,62,0
4080,10543,62,0
4081,22501,62,0
4082,35892,62,0
4083,30082,62,0
4084,33327,62,0
4085,37082,62,0
4086,40121,62,0
4087,10591,62,0
4088,24224,62,0
4089,32499,62,0
4090,2594,62,0
4091,10880,62,0
4092,50044,62,0
4093,50081,62,0
4094,47237,62,0
4095,25732,62,0
4096,20812,62,0
4097,46304,62,0
4098,31918,62,0
4099,23747,62,0
4100,46970,62,0
4101,10528,62,0
4102,33941,62,0
4103,34133,62,0
4104,15852,62,0
4105,12958,62,0
4106,547,62,0
4107,33524,62,0
4108,17258,62,0
4109,22848,62,0
4110,19644,62,0
4111,4272,62,0
4112,29376,62,0
4113,5518,62,0
4114,47287,62,0
4115,25099,62,0
4116,50043,62,0
4117,21853,62,0
4118,22340,62,0
4119,23348,62,0
4120,46917,62,0
4121,16606,62,0
4122,11825,62,0
4123,27144,62,0
4124,27105,62,0
4125,36030,62,0
4126,38352,62,0
4127,17077,62,0
4128,28144,62,0
4129,9754,62,0
4130,25446,62,0
4131,22960,62,0
4132,14694,62,0
4133,28368,62,0
4134,30481,62,0
4135,8414,62,0
4136,33476,62,0
4137,10661,62,0
4138,35908,62,0
4139,8241,62,0
4140,12316,62,0
4141,35862,62,0
4142,46107,62,0
4143,31057,62,0
4144,482,62,0
4145,18535,62,0
4146,34414,62,0
4147,5225,62,0
4148,37512,62,0
4149,19395,62,0
4150,35757,62,0
4151,14162,62,0
4152,27078,62,0
4153,23231,62,0
4154,47543,62,0
4155,25701,62,0
4156,11294,62,0
4157,30942,62,0
4158,11062,62,0
4159,15328,62,0
4160,19887,62,0
4161,27880,62,0
4162,20690,62,0
4163,3941,62,0
4164,12329,62,0
4165,25613,62,0
4166,25055,62,0
4167,50601,62,0
4168,33477,62,0
4169,32679,62,0
4170,8618,62,0
4171,13576,62,0
4172,34841,62,0
4173,33951,62,0
4174,50843,62,0
4175,9199,62,0
4176,34761,62,0
4177,28511,62,0
4178,35843,62,0
4179,35333,62,0
4180,21783,62,0
4181,10626,62,0
4182,46187,62,0
4183,32984,62,0
4184,14859,62,0
4185,12114,62,0
4186,13888,62,0
4187,34260,62,0
4188,3162,62,0
4189,33112,62,0
4190,2254,62,0
4191,47238,62,0
4192,5023,62,0
4193,5088,62,0
4194,30081,62,0
4195,47574,62,0
4196,10529,62,0
4197,30785,62,0
4198,26369,62,0
4199,9178,62,0
4200,49343,62,0
4201,12060,62,0
4202,4872,62,0
4203,3894,62,0
4204,14892,62,0
4205,48480,62,0
4206,18975,62,0
4207,21430,62,0
4208,16723,62,0
4209,40176,62,0
4210,35866,62,0
4211,31555,62,0
4212,33227,62,0
4213,11112,62,0
4214,13932,62,0
4215,47455,62,0
4216,9714,62,0
4217,31678,62,0
4218,6046,62,0
4219,23276,62,0
4220,47559,62,0
4221,4349,62,0
4222,13544,62,0
4223,33815,62,0
4224,7530,62,0
4225,22423,62,0
4226,47293,62,0
4227,33742,62,0
4228,15747,62,0
4229,29544,62,0
4230,33235,62,0
4231,16055,62,0
4232,33711,62,0
4233,36070,62,0
4234,31510,62,0
4235,36144,62,0
4236,25044,62,0
4237,47989,62,0
4238,23569,62,0
4239,10484,62,0
4240,34268,62,0
4241,734,62,0
4242,32539,62,0
4243,17189,62,0
4244,32795,62,0
4245,36762,62,0
4246,8902,62,0
4247,47594,62,0
4248,17327,62,0
4249,45353,62,0
4250,23278,62,0
4251,16296,62,0
4252,19854,62,0
4253,4898,62,0
4254,45057,62,0
4255,21633,62,0
4256,11769,62,0
4257,49634,62,0
4258,50069,62,0
4259,35257,62,0
4260,32309,62,0
4261,25481,62,0
4262,23467,62,0
4263,37943,62,0
4264,31816,62,0
4265,21769,62,0
4266,48455,62,0
4267,32757,62,0
4268,10917,62,0
4269,9614,62,0
4270,48228,62,0
4271,30095,62,0
4272,24925,62,0
4273,46859,62,0
4274,5714,62,0
4275,25789,62,0
4276,49390,62,0
4277,33005,62,0
4278,13097,62,0
4279,18048,62,0
4280,6352,62,0
4281,32053,62,0
4282,23253,62,0
4283,9845,62,0
4284,18228,62,0
4285,27680,62,0
4286,31638,62,0
4287,13054,62,0
4288,24180,62,0
4289,46697,62,0
4290,19696,62,0
4291,19543,62,0
4292,50602,62,0
4293,14901,62,0
4294,4580,62,0
4295,42723,62,0
4296,9040,62,0
4297,6020,62,0
4298,14344,62,0
4299,44837,62,0
4300,28839,62,0
4301,14407,62,0
4302,24017,62,0
4303,16674,62,0
4304,35581,62,0
4305,15051,62,0
4306,9043,62,0
4307,25884,62,0
4308,15774,62,0
4309,3930,62,0
4310,42918,62,0
4311,31553,62,0
4312,48143,62,0
4313,43279,62,0
4314,20004,62,0
4315,1924,62,0
4316,31408,62,0
4317,208,62,0
4318,31354,62,0
4319,13538,62,0
4320,40063,62,0
4321,50220,62,0
4322,30733,62,0
4323,42712,62,0
4324,155,62,0
4325,38342,62,0
4326,13402,62,0
4327,2398,62,0
4328,9831,62,0
4329,24192,62,0
4330,30286,62,0
4331,31522,62,0
4332,20259,62,0
4333,34060,62,0
4334,11529,62,0
4335,32165,62,0
4336,10421,62,0
4337,32941,62,0
4338,18355,62,0
4339,13926,62,0
4340,32027,62,0
4341,23756,62,0
4342,26088,62,0
4343,49633,62,0
4344,19199,62,0
4345,48889,62,0
4346,17535,62,0
4347,8059,62,0
4348,24116,62,0
4349,7437,62,0
4350,48872,62,0
4351,25681,62,0
4352,21706,62,0
4353,20018,62,0
4354,30156,62,0
4355,11032,62,0
4356,16911,62,0
4357,17482,62,0
4358,27537,62,0
4359,48626,62,0
4360,4048,62,0
4361,25287,62,0
4362,3209,62,0
4363,31026,62,0
4364,27378,62,0
4365,1667,62,0
4366,34150,62,0
4367,12307,62,0
4368,12303,62,0
4369,17172,62,0
4370,24636,62,0
4371,44828,62,0
4372,28953,62,0
4373,6785,63,1
4374,9047,63,0
4375,9243,63,0
4376,16539,63,0
4377,16605,63,0
4378,15431,63,0
4379,42748,63,0
4380,10115,63,0
4381,16486,63,0
4382,12045,63,0
4383,29293,63,0
4384,41884,63,0
4385,7157,63,0
4386,18389,63,0
4387,38798,63,0
4388,10765,63,0
4389,15143,63,0
4390,5578,63,0
4391,13558,63,0
4392,19038,63,0
4393,13334,63,0
4394,21268,63,0
4395,9128,63,0
4396,32768,63,0
4397,2246,63,0
4398,26000,63,0
4399,12896,63,0
4400,5303,63,0
4401,35946,63,0
4402,20197,63,0
4403,7816,63,0
4404,9061,63,0
4405,153,63,0
4406,25771,63,0
4407,12076,63,0
4408,24707,63,0
4409,9057,63,0
4410,25906,63,0
4411,24774,63,0
4412,44614,63,0
4413,10045,63,0
4414,7840,63,0
4415,12603,63,0
4416,35411,63,0
4417,6499,63,0
4418,12963,63,0
4419,9749,63,0
4420,11964,63,0
4421,11124,63,0
4422,4961,63,0
4423,27991,63,0
4424,7262,63,0
4425,35770,63,0
4426,19882,63,0
4427,39208,63,0
4428,23469,63,0
4429,17254,63,0
4430,48594,63,0
4431,16983,63,0
4432,23576,63,0
4433,36314,63,0
4434,31147,63,0
4435,24505,63,0
4436,39088,63,0
4437,10002,63,0
4438,16548,63,0
4439,31187,63,0
4440,29415,63,0
4441,49214,63,0
4442,20198,63,0
4443,4685,63,0
4444,2617,63,0
4445,22958,63,0
4446,29994,63,0
4447,10359,63,0
4448,50155,63,0
4449,18308,63,0
4450,9533,63,0
4451,34546,63,0
4452,31256,63,0
4453,32640,63,0
4454,6323,63,0
4455,26505,63,0
4456,34389,63,0
4457,28274,63,0
4458,18415,63,0
4459,7567,63,0
4460,28936,63,0
4461,20990,63,0
4462,5344,63,0
4463,12667,63,0
4464,30722,63,0
4465,31389,63,0
4466,12193,63,0
4467,18386,63,0
4468,12418,63,0
4469,9328,63,0
4470,34074,63,0
4471,30051,63,0
4472,43963,63,0
4473,45454,63,0
4474,31665,63,0
4475,11565,63,0
4476,32072,63,0
4477,12850,63,0
4478,12156,63,0
4479,38722,63,0
4480,12479,63,0
4481,17483,63,0
4482,2453,63,0
4483,39402,63,0
4484,37564,63,0
4485,10335,63,0
4486,35288,63,0
4487,27500,63,0
4488,6063,63,0
4489,15085,63,0
4490,1887,63,0
4491,26343,63,0
4492,17122,63,0
4493,4256,63,0
4494,29288,63,0
4495,3720,63,0
4496,50844,63,0
4497,10399,63,0
4498,13108,63,0
4499,30293,63,0
4500,17808,63,0
4501,27091,63,0
4502,17905,63,0
4503,26777,63,0
4504,48692,63,0
4505,42025,63,0
4506,35603,63,0
4507,12232,63,0
4508,10792,63,0
4509,15304,63,0
4510,12242,63,0
4511,48307,63,0
4512,47921,63,0
4513,13281,63,0
4514,13925,63,0
4515,11973,63,0
4516,11579,63,0
4517,39342,63,0
4518,23605,63,0
4519,25018,63,0
4520,17960,63,0
4521,40715,63,0
4522,30899,63,0
4523,38913,63,0
4524,29235,63,0
4525,30289,63,0
4526,47588,63,0
4527,27063,63,0
4528,35870,63,0
4529,28133,63,0
4530,38244,63,0
4531,7209,63,0
4532,20627,63,0
4533,31304,63,0
4534,19078,63,0
4535,12179,63,0
4536,14621,63,0
4537,9525,63,0
4538,22017,63,0
4539,18072,63,0
4540,49037,63,0
4541,5445,63,0
4542,10800,63,0
4543,45383,63,0
4544,23542,63,0
4545,29573,63,0
4546,39592,63,0
4547,18069,63,0
4548,50169,63,0
4549,25322,63,0
4550,14176,63,0
4551,46171,63,0
4552,21245,63,0
4553,12598,63,0
4554,10414,63,0
4555,12976,63,0
4556,13422,63,0
4557,9910,63,0
4558,9277,63,0
4559,35466,63,0
4560,4439,63,0
4561,27476,63,0
4562,32296,63,0
4563,46923,63,0
4564,47477,63,0
4565,37020,63,0
4566,39478,63,0
4567,10344,63,0
4568,34959,63,0
4569,10881,63,0
4570,32778,63,0
4571,17611,63,0
4572,29699,63,0
4573,23540,63,0
4574,11457,63,0
4575,27233,63,0
4576,47071,63,0
4577,37460,63,0
4578,14808,63,0
4579,20205,63,0
4580,4720,63,0
4581,24753,63,0
4582,46965,63,0
4583,5604,63,0
4584,17011,63,0
4585,1055,63,0
4586,45054,63,0
4587,29757,63,0
4588,32150,63,0
4589,30148,63,0
4590,5304,63,0
4591,3327,63,0
4592,39606,63,0
4593,36199,63,0
4594,22312,63,0
4595,33514,63,0
4596,37302,63,0
4597,46947,63,0
4598,21566,63,0
4599,37883,63,0
4600,47550,63,0
4601,27793,63,0
4602,40540,63,0
4603,9668,63,0
4604,28847,63,0
4605,46887,63,0
4606,35350,63,0
4607,4827,63,0
4608,15562,63,0
4609,16310,63,0
4610,29413,63,0
4611,1037,63,0
4612,50423,63,0
4613,34709,63,0
4614,45805,63,0
4615,29135,63,0
4616,4107,63,0
4617,3153,63,0
4618,18060,63,0
4619,12253,63,0
4620,13315,63,0
4621,36054,63,0
4622,20695,63,0
4623,27321,63,0
4624,17908,63,0
4625,16845,63,0
4626,16266,63,0
4627,14671,63,0
4628,16136,63,0
4629,9242,63,0
4630,50157,63,0
4631,14723,63,0
4632,31928,63,0
4633,22923,63,0
4634,26257,63,0
4635,8981,63,0
4636,31663,63,0
4637,4490,63,0
4638,17249,63,0
4639,34427,63,0
4640,39001,63,0
4641,30742,63,0
4642,16451,63,0
4643,10760,63,0
4644,24884,63,0
4645,20343,63,0
4646,25011,63,0
4647,28990,63,0
4648,22254,63,0
4649,18,63,0
4650,39667,63,0
4651,18021,63,0
4652,33482,63,0
4653,27042,63,0
4654,24915,63,0
4655,49157,63,0
4656,13984,63,0
4657,30791,63,0
4658,5921,63,0
4659,25323,63,0
4660,47078,63,0
4661,45367,63,0
4662,22804,63,0
4663,9195,63,0
4664,27438,63,0
4665,11416,63,0
4666,35386,63,0
4667,7655,63,0
4668,32813,63,0
4669,20878,63,0
4670,21618,63,0
4671,16890,63,0
4672,30292,63,0
4673,35995,63,0
4674,50214,63,0
4675,43773,63,0
4676,12922,63,0
4677,7752,63,0
4678,36450,63,0
4679,45101,63,0
4680,26429,63,0
4681,21497,63,0
4682,29762,63,0
4683,48279,63,0
4684,11917,63,0
4685,23832,63,0
4686,5379,63,0
4687,31139,63,0
4688,38876,63,0
4689,18049,63,0
4690,48278,63,0
4691,28375,63,0
4692,28654,63,0
4693,4551,63,0
4694,42050,63,0
4695,44352,63,0
4696,49089,63,0
4697,38574,63,0
4698,9173,63,0
4699,17074,63,0
4700,19369,63,0
4701,19440,63,0
4702,19610,63,0
4703,15882,63,0
4704,10477,63,0
4705,31309,63,0
4706,12621,63,0
4707,48490,63,0
4708,8243,63,0
4709,47903,63,0
4710,14789,63,0
4711,30360,63,0
4712,13466,63,0
4713,50714,63,0
4714,43643,63,0
4715,47904,63,0
4716,32888,63,0
4717,10738,63,0
4718,11070,63,0
4719,1843,63,0
4720,36918,63,0
4721,17622,63,0
4722,48137,63,0
4723,10304,63,0
4724,29509,63,0
4725,14251,63,0
4726,24802,63,0
4727,12894,63,0
4728,5118,63,0
4729,10381,63,0
4730,15684,63,0
4731,32754,63,0
4732,45128,63,0
4733,35638,63,0
4734,3258,63,0
4735,34591,63,0
4736,48345,63,0
4737,24492,63,0
4738,49112,63,0
4739,3670,63,0
4740,22532,63,0
4741,9348,63,0
4742,49479,63,0
4743,31381,63,0
4744,31237,63,0
4745,50664,63,0
4746,24036,63,0
4747,25949,63,0
4748,19646,63,0
4749,31352,63,0
4750,13526,63,0
4751,34415,63,0
4752,12235,63,0
4753,4012,63,0
4754,24742,63,0
4755,11334,63,0
4756,13848,63,0
4757,5781,63,0
4758,37306,63,0
4759,25304,63,0
4760,37581,63,0
4761,31337,63,0
4762,30927,63,0
4763,28770,63,0
4764,34236,63,0
4765,37579,63,0
4766,29593,63,0
4767,32830,63,0
4768,42951,63,0
4769,41460,63,0
4770,14160,63,0
4771,32065,63,0
4772,5452,63,0
4773,6601,63,0
4774,11504,63,0
4775,33182,63,0
4776,819,63,0
4777,48346,63,0
4778,37559,63,0
4779,9485,63,0
4780,38549,63,0
4781,35002,63,0
4782,28089,63,0
4783,50742,63,0
4784,37080,63,0
4785,2055,63,0
4786,15318,63,0
4787,8146,63,0
4788,29651,63,0
4789,20413,63,0
4790,32649,63,0
4791,34258,63,0
4792,38968,63,0
4793,12543,63,0
4794,19107,63,0
4795,47499,63,0
4796,49366,63,0
4797,16329,63,0
4798,31243,63,0
4799,33100,63,0
4800,47102,63,0
4801,38871,63,0
4802,37138,63,0
4803,23389,63,0
4804,26576,63,0
4805,5306,63,0
4806,2611,63,0
4807,47569,63,0
4808,5220,63,0
4809,11129,63,0
4810,22150,63,0
4811,35011,63,0
4812,30188,63,0
4813,32530,63,0
4814,39335,63,0
4815,10504,63,0
4816,19235,63,0
4817,10831,63,0
4818,6878,63,0
4819,45030,63,0
4820,11087,63,0
4821,46015,63,0
4822,49470,63,0
4823,47838,63,0
4824,11020,63,0
4825,15665,63,0
4826,15015,63,0
4827,16178,63,0
4828,25241,63,0
4829,29888,63,0
4830,17342,63,0
4831,11713,63,0
4832,44496,63,0
4833,12301,63,0
4834,11371,63,0
4835,11426,63,0
4836,50360,63,0
4837,45695,63,0
4838,28589,63,0
4839,24027,63,0
4840,31987,63,0
4841,29337,63,0
4842,4639,63,0
4843,47276,63,0
4844,39391,63,0
4845,50215,63,0
4846,14554,63,0
4847,25164,63,0
4848,11376,63,0
4849,48489,63,0
4850,35526,63,0
4851,25346,63,0
4852,22594,63,0
4853,22313,63,0
4854,25016,63,0
4855,34654,63,0
4856,33771,63,0
4857,50344,63,0
4858,30708,63,0
4859,35515,63,0
4860,34402,63,0
4861,11815,63,0
4862,9360,63,0
4863,24337,63,0
4864,13317,63,0
4865,45557,63,0
4866,47864,63,0
4867,11401,63,0
4868,6346,63,0
4869,34770,63,0
4870,25725,63,0
4871,40908,63,0
4872,49034,63,0
4873,2476,63,0
4874,1620,63,0
4875,20067,63,0
4876,35867,63,0
4877,18452,63,0
4878,42915,63,0
4879,35248,63,0
4880,21609,63,0
4881,6929,63,0
4882,13767,63,0
4883,21694,63,0
4884,24565,63,0
4885,31013,63,0
4886,34511,63,0
4887,7180,63,0
4888,3913,63,0
4889,34543,63,0
4890,17135,63,0
4891,3189,63,0
4892,26874,63,0
4893,19908,63,0
4894,14896,63,0
4895,12387,63,0
4896,50343,63,0
4897,7139,63,0
4898,12993,63,0
4899,13795,63,0
4900,31874,63,0
4901,16938,63,0
4902,26430,63,0
4903,9667,63,0
4904,44809,63,0
4905,46371,63,0
4906,29447,63,0
4907,7736,63,0
4908,33671,63,0
4909,15402,63,0
4910,22219,63,0
4911,47077,63,0
4912,17071,63,0
4913,16476,63,0
4914,44773,63,0
4915,34280,63,0
4916,19623,63,0
4917,28611,63,0
4918,34383,63,0
4919,28713,63,0
4920,14020,63,0
4921,24004,63,0
4922,25731,63,0
4923,2395,63,0
4924,22616,63,0
4925,915,63,0
4926,35943,63,0
4927,50453,63,0
4928,42048,63,0
4929,10378,63,0
4930,50185,63,0
4931,50182,63,0
4932,24262,63,0
4933,38113,63,0
4934,25695,63,0
4935,29432,63,0
4936,2874,63,0
4937,10882,63,0
4938,15698,63,0
4939,21856,63,0
4940,10407,63,0
4941,33053,63,0
4942,33607,63,0
4943,33487,63,0
4944,395,63,0
4945,7741,63,0
4946,4400,63,0
4947,30189,63,0
4948,27348,63,0
4949,14772,63,0
4950,16471,63,0
4951,16817,63,0
4952,40659,63,0
4953,15125,63,0
4954,21515,63,0
4955,13227,63,0
4956,18408,63,0
4957,27837,63,0
4958,12462,63,0
4959,31576,63,0
4960,23990,63,0
4961,48857,63,0
4962,14997,63,0
4963,11257,63,0
4964,29320,63,0
4965,47869,63,0
4966,48471,63,0
4967,31330,63,0
4968,25374,63,0
4969,17718,63,0
4970,50534,63,0
4971,33694,63,0
4972,48552,63,0
4973,19324,63,0
4974,13714,63,0
4975,32339,63,0
4976,20190,63,0
4977,11487,63,0
4978,46506,63,0
4979,32620,63,0
4980,35497,63,0
4981,41582,63,0
4982,11729,63,0
4983,40508,63,0
4984,33364,63,0
4985,16736,63,0
4986,21162,63,0
4987,39494,63,0
4988,24317,63,0
4989,36208,63,0
4990,30491,63,0
4991,33787,63,0
4992,10990,63,0
4993,29760,63,0
4994,28823,63,0
4995,20681,63,0
4996,47197,63,0
4997,12477,63,0
4998,19013,63,0
4999,22257,63,0
5000,23772,63,0
5001,32563,63,0
5002,15089,63,0
5003,34446,63,0
5004,42878,63,0
5005,35627,63,0
5006,36454,63,0
5007,33184,63,0
5008,19192,63,0
5009,50482,63,0
5010,19551,63,0
5011,24592,63,0
5012,552,63,0
5013,21473,63,0
5014,12522,63,0
5015,16808,63,0
5016,34893,63,0
5017,25720,63,0
5018,27768,63,0
5019,14356,63,0
5020,17252,63,0
5021,8696,63,0
5022,17085,63,0
5023,34474,63,0
5024,35055,63,0
5025,46776,63,0
5026,16035,63,0
5027,8312,63,0
5028,18573,63,0
5029,13503,63,0
5030,16595,63,0
5031,23702,63,0
5032,5146,63,0
5033,6500,63,0
5034,38400,63,0
5035,14738,63,0
5036,7695,63,0
5037,10798,63,0
5038,35935,63,0
5039,21986,63,0
5040,19582,63,0
5041,17785,63,0
5042,28655,63,0
5043,36204,63,0
5044,16173,63,0
5045,26052,63,0
5046,11409,63,0
5047,17092,63,0
5048,13491,63,0
5049,2499,63,0
5050,28870,63,0
5051,9683,63,0
5052,50303,63,0
5053,25883,63,0
5054,11882,63,0
5055,50070,63,0
5056,6758,63,0
5057,10464,63,0
5058,34161,63,0
5059,24026,63,0
5060,48551,63,0
5061,4334,63,0
5062,34137,63,0
5063,13101,63,0
5064,16105,63,0
5065,35380,63,0
5066,12632,63,0
5067,15330,63,0
5068,47973,63,0
5069,17095,63,0
5070,33322,63,0
5071,45213,63,0
5072,23580,63,0
5073,42269,63,0
5074,34575,63,0
5075,7874,63,0
5076,17446,63,0
5077,6069,63,0
5078,7916,63,0
5079,34425,63,0
5080,16999,63,0
5081,35054,63,0
5082,26633,63,0
5083,20572,63,0
5084,25027,63,0
5085,44936,63,0
5086,26647,63,0
5087,19660,63,0
5088,46308,63,0
5089,15449,63,0
5090,32989,63,0
5091,13631,63,0
5092,14141,63,0
5093,48073,63,0
5094,13287,63,0
5095,31504,63,0
5096,4148,63,0
5097,49225,63,0
5098,46106,63,0
5099,15011,63,0
5100,33170,63,0
5101,17528,63,0
5102,11081,63,0
5103,15238,63,0
5104,20609,63,0
5105,26677,63,0
5106,10100,63,0
5107,3183,63,0
5108,23803,63,0
5109,34478,63,0
5110,10282,63,0
5111,42760,63,0
5112,34027,63,0
5113,28272,63,0
5114,40581,63,0
5115,17957,63,0
5116,12342,63,0
5117,26609,63,0
5118,26935,63,0
5119,20859,63,0
5120,32505,63,0
5121,43780,63,0
5122,11265,63,0
5123,19212,63,0
5124,45654,63,0
5125,40643,63,0
5126,28617,63,0
5127,9441,63,0
5128,5284,63,0
5129,21852,63,0
5130,35506,63,0
5131,47875,63,0
5132,17475,63,0
5133,15712,63,0
5134,2606,63,0
5135,27092,63,0
5136,17012,63,0
5137,39164,63,0
5138,33962,63,0
5139,29617,63,0
5140,2767,63,0
5141,31316,63,0
5142,14572,63,0
5143,31011,63,0
5144,5411,63,0
5145,35844,63,0
5146,47375,63,0
5147,29569,63,0
5148,20490,63,0
5149,39947,63,0
5150,50638,63,0
5151,50312,63,0
5152,33192,63,0
5153,15271,63,0
5154,48789,63,0
5155,21175,63,0
5156,19433,63,0
5157,50376,63,0
5158,10428,63,0
5159,20003,63,0
5160,42424,63,0
5161,16464,63,0
5162,50766,63,0
5163,6529,63,0
5164,33622,63,0
5165,50317,63,0
5166,45917,63,0
5167,28557,63,0
5168,10894,63,0
5169,22702,63,0
5170,30585,63,0
5171,5474,63,0
5172,32948,63,0
5173,12061,63,0
5174,9659,63,0
5175,35868,63,0
5176,33826,63,0
5177,42977,63,0
5178,19902,63,0
5179,5837,63,0
5180,23442,63,0
5181,6139,63,0
5182,13829,63,0
5183,19307,63,0
5184,35889,63,0
5185,30130,63,0
5186,7212,63,0
5187,41815,63,0
5188,32170,63,0
5189,29587,63,0
5190,38773,63,0
5191,46449,63,0
5192,43011,63,0
5193,14821,63,0
5194,28098,63,0
5195,15186,63,0
5196,12560,63,0
5197,28078,63,0
5198,19763,63,0
5199,32096,63,0
5200,48869,63,0
5201,6665,63,0
5202,22763,63,0
5203,18082,63,0
5204,3951,63,0
5205,49999,63,0
5206,16466,63,0
5207,27170,63,0
5208,33469,63,0
5209,41166,63,0
5210,46248,63,0
5211,26826,63,0
5212,1639,63,0
5213,9000,63,0
5214,16840,63,0
5215,47336,63,0
5216,33200,63,0
5217,10386,63,0
5218,50258,63,0
5219,27800,63,0
5220,15683,63,0
5221,35669,63,0
5222,13347,63,0
5223,35835,63,0
5224,36194,63,0
5225,7656,63,0
5226,28037,63,0
5227,11397,63,0
5228,15636,63,0
5229,50637,63,0
5230,33413,63,0
5231,10571,63,0
5232,31431,63,0
5233,34596,63,0
5234,26231,63,0
5235,42618,63,0
5236,23340,63,0
5237,32903,63,0
5238,50636,63,0
5239,11793,63,0
5240,11711,63,0
5241,48205,63,0
5242,23805,63,0
5243,15752,63,0
5244,12155,63,0
5245,6060,63,0
5246,39281,63,0
5247,12807,63,0
5248,11555,63,0
5249,12217,63,0
5250,42708,63,0
5251,26641,63,0
5252,14429,63,0
5253,32291,63,0
5254,14984,63,0
5255,13960,63,0
5256,1866,63,0
5257,14795,63,0
5258,27672,63,0
5259,32853,63,0
5260,12760,63,0
5261,48729,63,0
5262,47810,63,0
5263,14430,63,0
5264,29076,63,0
5265,27659,63,0
5266,22729,63,0
5267,11603,63,0
5268,18005,63,0
5269,16537,63,0
5270,41948,63,0
5271,21313,63,0
5272,23849,63,0
5273,25980,63,0
5274,4731,63,0
5275,22154,63,0
5276,10912,63,0
5277,30517,63,0
5278,32187,63,0
5279,38960,63,0
5280,34911,63,0
5281,4393,63,0
5282,11161,63,0
5283,30528,63,0
5284,31770,63,0
5285,23897,63,0
5286,33195,63,0
5287,21251,63,0
5288,33679,63,0
5289,23183,63,0
5290,23745,63,0
5291,13016,63,0
5292,23873,63,0
5293,35449,63,0
5294,16399,63,0
5295,44746,63,0
5296,27472,63,0
5297,33226,63,0
5298,50007,63,0
5299,29638,63,0
5300,31192,63,0
5301,28243,63,0
5302,19132,63,0
5303,1047,63,0
5304,30183,63,0
5305,26013,63,0
5306,31995,63,0
5307,20267,63,0
5308,19781,63,0
5309,6772,63,0
5310,20209,63,0
5311,7298,63,0
5312,16401,63,0
5313,33347,63,0
5314,49414,63,0
5315,28478,63,0
5316,12860,63,0
5317,49732,63,0
5318,43051,63,0
5319,17362,63,0
5320,7345,63,0
5321,22816,63,0
5322,14362,63,0
5323,35415,63,0
5324,30459,63,0
5325,25797,63,0
5326,5317,63,0
5327,21511,63,0
5328,27134,63,0
5329,19290,63,0
5330,14980,63,0
5331,14427,63,0
5332,7804,63,0
5333,20289,63,0
5334,47806,63,0
5335,21870,63,0
5336,15161,63,0
5337,22263,63,0
5338,21135,63,0
5339,700,63,0
5340,31923,63,0
5341,49194,63,0
5342,1723,63,0
5343,21811,63,0
5344,27298,63,0
5345,21754,63,0
5346,25600,63,0
5347,17131,63,0
5348,6876,63,0
5349,33108,63,0
5350,14413,63,0
5351,5348,63,0
5352,29416,63,0
5353,31239,63,0
5354,39143,63,0
5355,47748,63,0
5356,21394,63,0
5357,10241,63,0
5358,20761,63,0
5359,29036,63,0
5360,27133,63,0
5361,10456,63,0
5362,18187,63,0
5363,33556,63,0
5364,46888,63,0
5365,10338,63,0
5366,34035,63,0
5367,212,63,0
5368,17472,63,0
5369,38933,63,0
5370,10291,63,0
5371,35687,63,0
5372,14999,63,0
5373,41524,63,0
5374,16520,63,0
5375,15150,63,0
5376,8692,63,0
5377,32411,63,0
5378,19111,63,0
5379,26864,63,0
5380,8612,63,0
5381,15335,63,0
5382,34191,63,0
5383,32909,63,0
5384,43641,63,0
5385,19052,63,0
5386,46781,63,0
5387,16876,63,0
5388,34230,63,0
5389,1084,63,0
5390,15069,63,0
5391,45908,63,0
5392,9833,63,0
5393,30129,63,0
5394,50314,63,0
5395,30875,63,0
5396,28530,63,0
5397,10194,63,0
5398,15153,63,0
5399,7169,63,0
5400,26841,63,0
5401,18732,63,0
5402,32317,63,0
5403,48727,63,0
5404,9433,63,0
5405,3547,63,0
5406,1666,63,0
5407,44194,63,0
5408,46982,63,0
5409,30124,63,0
5410,31392,63,0
5411,30163,63,0
5412,14973,63,0
5413,32028,63,0
5414,30496,63,0
5415,32421,63,0
5416,36074,63,0
5417,19160,63,0
5418,19039,63,0
5419,13140,63,0
5420,14090,63,0
5421,34488,63,0
5422,18841,63,0
5423,30616,63,0
5424,38912,63,0
5425,14449,63,0
5426,27541,63,0
5427,7988,63,0
5428,34358,63,0
5429,4630,63,0
5430,32068,63,0
5431,14739,63,0
5432,16481,63,0
5433,2829,63,0
5434,21753,63,0
5435,17575,63,0
5436,33527,63,0
5437,20902,63,0
5438,22465,63,0
5439,10582,63,0
5440,28791,63,0
5441,33447,63,0
5442,50318,63,0
5443,7805,63,0
5444,27649,63,0
5445,18012,63,0
5446,14358,63,0
5447,47560,63,0
5448,25516,63,0
5449,16033,63,0
5450,32073,63,0
5451,28984,63,0
5452,30201,63,0
5453,11734,63,0
5454,22413,63,0
5455,42276,63,0
5456,16704,63,0
5457,42982,63,0
5458,17633,63,0
5459,27747,63,0
5460,17226,63,0
5461,48287,63,0
5462,38775,63,0
5463,15362,63,0
5464,20099,63,0
5465,3133,63,0
5466,13395,63,0
5467,32915,63,0
5468,1355,63,0
5469,47414,63,0
5470,37345,63,0
5471,12018,63,0
5472,21255,63,0
5473,30939,63,0
5474,11960,63,0
5475,35234,63,0
5476,49694,63,0
5477,15690,63,0
5478,14493,63,0
5479,14139,63,0
5480,20667,63,0
5481,39286,63,0
5482,48288,63,0
5483,33821,63,0
5484,41879,63,0
5485,16365,63,0
5486,17681,63,0
5487,19085,63,0
5488,12574,63,0
5489,4636,63,0
5490,17708,63,0
5491,21996,63,0
5492,26678,63,0
5493,23971,63,0
5494,16908,63,0
5495,30297,63,0
5496,34168,63,0
5497,27137,63,0
5498,2184,63,0
5499,20225,63,0
5500,30749,63,0
5501,20214,63,0
5502,32319,63,0
5503,2714,63,0
5504,38298,63,0
5505,27656,63,0
5506,2953,63,0
5507,2042,63,0
5508,4524,63,0
5509,8102,63,0
5510,27155,63,0
5511,7586,63,0
5512,17898,63,0
5513,28002,63,0
5514,16878,63,0
5515,34034,63,0
5516,35004,63,0
5517,38692,63,0
5518,34886,63,0
5519,34038,63,0
5520,24353,63,0
5521,695,63,0
5522,3250,63,0
5523,38636,63,0
5524,20342,63,0
5525,50851,63,0
5526,29915,63,0
5527,23639,63,0
5528,2368,63,0
5529,4919,63,0
5530,13194,63,0
5531,12085,63,0
5532,33189,63,0
5533,24568,63,0
5534,9237,63,0
5535,4134,63,0
5536,11022,63,0
5537,28853,63,0
5538,46296,63,0
5539,21540,63,0
5540,31395,63,0
5541,7501,63,0
5542,8741,63,0
5543,6430,63,0
5544,24531,63,0
5545,29419,63,0
5546,33749,63,0
5547,8571,63,0
5548,33368,63,0
5549,19041,63,0
5550,47033,63,0
5551,16735,63,0
5552,13866,63,0
5553,1180,63,0
5554,27435,63,0
5555,50002,63,0
5556,47127,63,0
5557,7925,63,0
5558,45334,63,0
5559,30056,63,0
5560,20711,63,0
5561,31829,63,0
5562,18520,63,0
5563,49497,63,0
5564,4681,63,0
5565,22020,63,0
5566,18403,63,0
5567,41478,63,0
5568,41004,63,0
5569,23598,63,0
5570,46477,63,0
5571,30371,63,0
5572,12231,63,0
5573,18117,63,0
5574,17360,63,0
5575,29185,63,0
5576,27189,63,0
5577,4560,63,0
5578,22228,63,0
5579,34532,63,0
5580,33103,63,0
5581,7056,63,0
5582,31331,63,0
5583,31695,63,0
5584,16540,63,0
5585,36068,63,0
5586,14304,63,0
5587,26755,63,0
5588,31166,63,0
5589,47604,63,0
5590,49402,63,0
5591,30471,63,0
5592,9528,63,0
5593,13434,63,0
5594,35738,63,0
5595,7598,63,0
5596,18038,63,0
5597,14599,63,0
5598,21876,63,0
5599,31444,63,0
5600,9434,63,0
5601,41092,63,0
5602,12689,63,0
5603,32372,63,0
5604,31319,63,0
5605,10887,63,0
5606,38275,63,0
5607,46823,63,0
5608,48151,63,0
5609,35243,63,0
5610,31977,63,0
5611,47862,63,0
5612,14618,63,0
5613,50293,63,0
5614,14871,63,0
5615,15801,63,0
5616,22166,63,0
5617,17471,63,0
5618,12714,63,0
5619,47776,63,0
5620,50721,63,0
5621,15338,63,0
5622,8651,63,0
5623,24173,63,0
5624,26207,63,0
5625,837,63,0
5626,23842,63,0
5627,27193,63,0
5628,49475,63,0
5629,8943,63,0
5630,27082,63,0
5631,50722,63,0
5632,10410,63,0
5633,16115,63,0
5634,34381,63,0
5635,28648,63,0
5636,11298,63,0
5637,32024,63,0
5638,2963,63,0
5639,28244,63,0
5640,48444,63,0
5641,14192,63,0
5642,22611,63,0
5643,34347,63,0
5644,50821,63,0
5645,31759,63,0
5646,1024,63,0
5647,47599,63,0
5648,31206,63,0
5649,20292,63,0
5650,49593,63,0
5651,22845,63,0
5652,29355,63,0
5653,35446,63,0
5654,25281,63,0
5655,35509,63,0
5656,34397,63,0
5657,13051,63,0
5658,49588,63,0
5659,29808,63,0
5660,31769,63,0
5661,34192,63,0
5662,34401,63,0
5663,19749,63,0
5664,49015,63,0
5665,3868,63,0
5666,21790,63,0
5667,46766,63,0
5668,11564,63,0
5669,11378,63,0
5670,47161,63,0
5671,17696,63,0
5672,50531,63,0
5673,30834,63,0
5674,32487,63,0
5675,21883,63,0
5676,15404,63,0
5677,50565,63,0
5678,40200,63,0
5679,35416,63,0
5680,36017,63,0
5681,35210,63,0
5682,1442,63,0
5683,220,63,0
5684,35617,63,0
5685,5743,63,0
5686,48850,63,0
5687,21715,63,0
5688,31448,63,0
5689,28178,63,0
5690,1679,63,0
5691,19524,63,0
5692,50506,63,0
5693,31313,63,0
5694,26510,63,0
5695,40330,63,0
5696,30385,63,0
5697,46021,63,0
5698,7645,63,0
5699,3581,63,0
5700,7069,63,0
5701,24833,63,0
5702,6635,63,0
5703,13817,63,0
5704,15065,63,0
5705,22040,63,0
5706,29479,63,0
5707,21363,63,0
5708,15946,63,0
5709,46032,63,0
5710,4860,63,0
5711,30373,63,0
5712,21062,63,0
5713,14667,63,0
5714,30212,63,0
5715,25794,63,0
5716,40670,63,0
5717,48000,63,0
5718,10301,63,0
5719,41801,63,0
5720,45131,63,0
5721,40561,63,0
5722,11969,63,0
5723,14420,63,0
5724,25431,63,0
5725,22304,63,0
5726,33238,63,0
5727,21998,63,0
5728,15499,63,0
5729,43707,63,0
5730,24788,63,0
5731,33652,63,0
5732,23964,63,0
5733,5302,63,0
5734,7189,63,0
5735,35723,63,0
5736,18116,63,0
5737,14074,63,0
5738,10176,63,0
5739,24443,63,0
5740,45235,63,0
5741,28547,63,0
5742,7053,63,0
5743,3860,63,0
5744,29158,63,0
5745,28578,63,0
5746,50038,63,0
5747,18346,63,0
5748,42018,63,0
5749,40905,63,0
5750,50609,63,0
5751,13095,63,0
5752,15099,63,0
5753,10639,63,0
5754,45516,63,0
5755,32943,63,0
5756,23656,63,0
5757,8655,63,0
5758,47490,63,0
5759,37317,63,0
5760,3242,63,0
5761,19238,63,0
5762,19069,63,0
5763,12372,63,0
5764,520,63,0
5765,27040,63,0
5766,11562,63,0
5767,5694,63,0
5768,22881,63,0
5769,33017,63,0
5770,25942,63,0
5771,39582,63,0
5772,32650,63,0
5773,36055,63,0
5774,10785,63,0
5775,8559,63,0
5776,16187,63,0
5777,40647,63,0
5778,1390,63,0
5779,21140,63,0
5780,27270,63,0
5781,34882,63,0
5782,48858,63,0
5783,38932,63,0
5784,11440,63,0
5785,19066,63,0
5786,30780,63,0
5787,3929,63,0
5788,42036,63,0
5789,1888,63,0
5790,19790,63,0
5791,17951,63,0
5792,35635,63,0
5793,44506,63,0
5794,17557,63,0
5795,10355,63,0
5796,41048,63,0
5797,49297,63,0
5798,21142,63,0
5799,34439,63,0
5800,34880,63,0
5801,29100,63,0
5802,17285,63,0
5803,30522,63,0
5804,37670,63,0
5805,13992,63,0
5806,13516,63,0
5807,15417,63,0
5808,41141,63,0
5809,21068,63,0
5810,25155,63,0
5811,27401,63,0
5812,31698,63,0
5813,29449,63,0
5814,6154,63,0
5815,31968,63,0
5816,14350,63,0
5817,21854,63,0
5818,19046,63,0
5819,50593,63,0
5820,26236,63,0
5821,11202,63,0
5822,30507,63,0
5823,30119,63,0
5824,48898,63,0
5825,26925,63,0
5826,12190,63,0
5827,1039,63,0
5828,8069,63,0
5829,8335,63,0
5830,16492,63,0
5831,40542,63,0
5832,44476,63,0
5833,21188,63,0
5834,37548,63,0
5835,10733,63,0
5836,14835,63,0
5837,13421,63,0
5838,7140,63,0
5839,39644,63,0
5840,24369,63,0
5841,14206,63,0
5842,29683,63,0
5843,8992,63,0
5844,17142,63,0
5845,36081,63,0
5846,35672,63,0
5847,38092,63,0
5848,44859,63,0
5849,35516,63,0
5850,13444,63,0
5851,6138,63,0
5852,15300,63,0
5853,647,63,0
5854,7389,63,0
5855,31105,63,0
5856,23710,63,0
5857,12108,63,0
5858,23281,63,0
5859,29751,63,0
5860,27957,63,0
5861,39144,63,0
5862,45767,63,0
5863,13077,63,0
5864,48518,63,0
5865,34574,63,0
5866,2207,63,0
5867,26848,63,0
5868,20438,63,0
5869,21014,63,0
5870,13117,63,0
5871,16504,63,0
5872,14404,63,0
5873,9112,63,0
5874,16227,63,0
5875,33277,63,0
5876,17697,63,0
5877,34458,63,0
5878,22529,63,0
5879,1207,63,0
5880,2172,63,0
5881,25526,63,0
5882,35464,63,0
5883,32508,63,0
5884,16314,63,0
5885,19630,63,0
5886,20452,63,0
5887,21116,63,0
5888,13200,63,0
5889,41886,63,0
5890,11702,63,0
5891,33810,63,0
5892,21937,63,0
5893,7211,63,0
5894,16286,63,0
5895,37573,63,0
5896,43589,63,0
5897,16613,63,0
5898,20151,63,0
5899,27011,63,0
5900,16323,63,0
5901,8173,63,0
5902,5952,63,0
5903,32834,63,0
5904,23945,63,0
5905,10370,63,0
5906,31689,63,0
5907,33920,63,0
5908,45897,63,0
5909,14614,63,0
5910,19852,63,0
5911,2216,63,0
5912,23049,63,0
5913,34646,63,0
5914,43921,63,0
5915,4324,63,0
5916,10360,63,0
5917,21726,63,0
5918,50458,63,0
5919,32703,63,0
5920,31550,63,0
5921,39358,63,0
5922,21668,63,0
5923,38797,63,0
5924,20641,63,0
5925,6767,63,0
5926,15124,63,0
5927,4297,63,0
5928,31731,63,0
5929,33896,63,0
5930,23944,63,0
5931,29729,63,0
5932,47773,63,0
5933,28406,63,0
5934,15397,63,0
5935,16022,63,0
5936,11976,63,0
5937,33254,63,0
5938,15545,63,0
5939,38701,63,0
5940,34917,63,0
5941,50066,63,0
5942,14952,63,0
5943,13865,63,0
5944,7009,63,0
5945,10111,63,0
5946,47470,63,0
5947,33217,63,0
5948,25010,63,0
5949,1415,63,0
5950,5544,63,0
5951,47534,63,0
5952,13330,63,0
5953,30037,63,0
5954,30798,63,0
5955,11307,63,0
5956,23044,63,0
5957,12713,63,0
5958,17862,63,0
5959,7411,63,0
5960,42522,63,0
5961,24479,63,0
5962,47419,63,0
5963,35071,63,0
5964,15549,63,0
5965,33605,63,0
5966,12927,63,0
5967,19624,63,0
5968,48587,63,0
5969,24318,63,0
5970,13515,63,0
5971,27109,63,0
5972,49256,63,0
5973,18983,63,0
5974,14073,63,0
5975,12763,63,0
5976,37630,63,0
5977,13416,63,0
5978,28550,63,0
5979,24921,63,0
5980,30261,63,0
5981,19243,63,0
5982,34165,63,0
5983,302,63,0
5984,15287,63,0
5985,38748,63,0
5986,38020,63,0
5987,9415,63,0
5988,15342,63,0
5989,10317,63,0
5990,19612,63,0
5991,4902,63,0
5992,24388,63,0
5993,29549,63,0
5994,9865,63,0
5995,13895,63,0
5996,21532,63,0
5997,38174,63,0
5998,20192,63,0
5999,17637,63,0
6000,31279,63,0
6001,31729,63,0
6002,36590,63,0
6003,30770,63,0
6004,48335,63,0
6005,7197,63,0
6006,29136,63,0
6007,21586,63,0
6008,16532,63,0
6009,46314,63,0
6010,34274,63,0
6011,14402,63,0
6012,30602,63,0
6013,657,63,0
6014,18519,63,0
6015,34042,63,0
6016,29639,63,0
6017,21827,63,0
6018,48267,63,0
6019,1694,63,0
6020,7759,63,0
6021,31603,63,0
6022,34430,63,0
6023,23759,63,0
6024,5505,63,0
6025,10352,63,0
6026,49073,63,0
6027,24975,63,0
6028,6441,63,0
6029,6602,63,0
6030,14172,63,0
6031,5170,63,0
6032,6896,63,0
6033,29740,63,0
6034,12955,63,0
6035,32016,63,0
6036,3122,63,0
6037,46498,63,0
6038,2579,63,0
6039,22333,63,0
6040,47998,63,0
6041,9604,63,0
6042,26041,63,0
6043,15014,63,0
6044,11506,63,0
6045,41547,63,0
6046,50052,63,0
6047,7114,63,0
6048,7879,63,0
6049,30241,63,0
6050,26134,63,0
6051,39954,63,0
6052,5021,63,0
6053,172,63,0
6054,33081,63,0
6055,46819,63,0
6056,19692,63,0
6057,33766,63,0
6058,34346,63,0
6059,24194,63,0
6060,20212,63,0
6061,28570,63,0
6062,31209,63,0
6063,8261,63,0
6064,23071,63,0
6065,9182,63,0
6066,16521,63,0
6067,13420,63,0
6068,25740,63,0
6069,33209,63,0
6070,47274,63,0
6071,34901,63,0
6072,7474,63,0
6073,32152,63,0
6074,9557,63,0
6075,9387,63,0
6076,32702,63,0
6077,28628,63,0
6078,13152,63,0
6079,12152,63,0
6080,32342,63,0
6081,47775,63,0
6082,25922,63,0
6083,36119,63,0
6084,10322,63,0
6085,31281,63,0
6086,21293,63,0
6087,48421,63,0
6088,14355,63,0
6089,34838,63,0
6090,11952,63,0
6091,21826,63,0
6092,45070,63,0
6093,35639,63,0
6094,34944,63,0
6095,26132,63,0
6096,43749,63,0
6097,21630,63,0
6098,9480,63,0
6099,20858,63,0
6100,28339,63,0
6101,38363,63,0
6102,10965,63,0
6103,11071,63,0
6104,48026,63,0
6105,5558,63,0
6106,3667,63,0
6107,15114,63,0
6108,48116,63,0
6109,34154,63,0
6110,31655,63,0
6111,7701,63,0
6112,33628,63,0
6113,9491,63,0
6114,23886,63,0
6115,43870,63,0
6116,39297,63,0
6117,34572,63,0
6118,31306,63,0
6119,12296,63,0
6120,12197,63,0
6121,49660,63,0
6122,14732,63,0
6123,22071,63,0
6124,19611,63,0
6125,29477,63,0
6126,47812,63,0
6127,19719,63,0
6128,23200,63,0
6129,26342,63,0
6130,23857,63,0
6131,14521,63,0
6132,16352,63,0
6133,10497,63,0
6134,27132,63,0
6135,3540,63,0
6136,1951,63,0
6137,31170,63,0
6138,18056,63,0
6139,2044,63,0
6140,13011,63,0
6141,24081,63,0
6142,9820,63,0
6143,47405,63,0
6144,19245,63,0
6145,4237,63,0
6146,16638,63,0
6147,11186,63,0
6148,30030,63,0
6149,30475,63,0
6150,14868,63,0
6151,14465,63,0
6152,35829,63,0
6153,20828,63,0
6154,28902,63,0
6155,50814,63,0
6156,38923,63,0
6157,34768,63,0
6158,29316,63,0
6159,17759,63,0
6160,5016,63,0
6161,50728,63,0
6162,12947,63,0
6163,13906,63,0
6164,26009,63,0
6165,2470,63,0
6166,14864,63,0
6167,38401,63,0
6168,11987,63,0
6169,17371,63,0
6170,15086,63,0
6171,2329,63,0
6172,19014,63,0
6173,34633,63,0
6174,45418,63,0
6175,47236,63,0
6176,21419,63,0
6177,22965,63,0
6178,35863,63,0
6179,15483,63,0
6180,34559,63,0
6181,12438,63,0
6182,31071,63,0
6183,20677,63,0
6184,5277,63,0
6185,2702,63,0
6186,47726,63,0
6187,41271,63,0
6188,5482,63,0
6189,32037,63,0
6190,33548,63,0
6191,27997,63,0
6192,20191,63,0
6193,27344,63,0
6194,49434,63,0
6195,15812,63,0
6196,50275,63,0
6197,47874,63,0
6198,10947,63,0
6199,48420,63,0
6200,20152,63,0
6201,48231,63,0
6202,49973,63,0
6203,313,63,0
6204,17384,63,0
6205,48461,63,0
6206,28001,63,0
6207,50062,63,0
6208,31262,63,0
6209,550,63,0
6210,35883,63,0
6211,20712,63,0
6212,24709,63,0
6213,13387,63,0
6214,42452,63,0
6215,17381,63,0
6216,6788,63,0
6217,17865,63,0
6218,13435,63,0
6219,30317,63,0
6220,11313,63,0
6221,10328,63,0
6222,26951,63,0
6223,47729,63,0
6224,2102,63,0
6225,25270,63,0
6226,5025,63,0
6227,27372,63,0
6228,6143,63,0
6229,17015,63,0
6230,50414,63,0
6231,9135,63,0
6232,37578,63,0
6233,29632,63,0
6234,17052,63,0
6235,7403,63,0
6236,29895,63,0
6237,14998,63,0
6238,29835,63,0
6239,24916,63,0
6240,24907,63,0
6241,22539,63,0
6242,18500,63,0
6243,26240,63,0
6244,25803,63,0
6245,14606,63,0
6246,34001,63,0
6247,18317,63,0
6248,14767,63,0
6249,5672,63,0
6250,49287,63,0
6251,2199,63,0
6252,35375,63,0
6253,32472,63,0
6254,35558,63,0
6255,4023,63,0
6256,4839,63,0
6257,34147,63,0
6258,17129,63,0
6259,50405,63,0
6260,25230,63,0
6261,33416,63,0
6262,6353,63,0
6263,31580,63,0
6264,10657,63,0
6265,42093,63,0
6266,14332,63,0
6267,10018,63,0
6268,47442,63,0
6269,29085,63,0
6270,33779,63,0
6271,21649,63,0
6272,20301,63,0
6273,49855,63,0
6274,38988,63,0
6275,19963,63,0
6276,16350,63,0
6277,11631,63,0
6278,33334,63,0
6279,16081,63,0
6280,13965,63,0
6281,37558,63,0
6282,33702,63,0
6283,25038,63,0
6284,29215,63,0
6285,35214,63,0
6286,18266,63,0
6287,16494,63,0
6288,21201,63,0
6289,26559,63,0
6290,45685,63,0
6291,32851,63,0
6292,9675,63,0
6293,32169,63,0
6294,48243,63,0
6295,15410,63,0
6296,25512,63,0
6297,28011,63,0
6298,16701,63,0
6299,34566,63,0
6300,12936,63,0
6301,10696,63,0
6302,11461,63,0
6303,31360,63,0
6304,31908,63,0
6305,36171,63,0
6306,48146,63,0
6307,17964,63,0
6308,15128,63,0
6309,7299,63,0
6310,409,63,0
6311,13845,63,0
6312,38859,63,0
6313,19946,63,0
6314,2095,63,0
6315,32229,63,0
6316,22896,63,0
6317,2561,63,0
6318,15623,63,0
6319,2239,63,0
6320,46312,63,0
6321,34955,63,0
6322,14741,63,0
6323,17269,63,0
6324,768,63,0
6325,22175,63,0
6326,7475,63,0
6327,7255,63,0
6328,1038,63,0
6329,29255,63,0
6330,21463,63,0
6331,46177,63,0
6332,11016,63,0
6333,19484,63,0
6334,2547,63,0
6335,34019,63,0
6336,48609,63,0
6337,25365,63,0
6338,17107,63,0
6339,30509,63,0
6340,23013,63,0
6341,35571,63,0
6342,27118,63,0
6343,13832,63,0
6344,47498,63,0
6345,654,63,0
6346,47730,63,0
6347,26875,63,0
6348,30472,63,0
6349,32433,63,0
6350,46903,63,0
6351,20615,63,0
6352,42799,63,0
6353,30573,63,0
6354,17134,63,0
6355,21567,63,0
6356,34866,63,0
6357,34859,63,0
6358,18843,63,0
6359,14590,63,0
6360,42864,63,0
6361,50691,63,0
6362,1044,63,0
6363,42637,63,0
6364,22012,63,0
6365,12082,63,0
6366,12100,63,0
6367,18738,63,0
6368,12848,63,0
6369,28217,63,0
6370,40469,63,0
6371,27903,63,0
6372,39075,63,0
6373,10788,63,0
6374,42233,63,0
6375,32067,63,0
6376,4813,63,0
6377,8736,63,0
6378,5178,63,0
6379,5674,63,0
6380,14905,63,0
6381,14428,63,0
6382,34473,63,0
6383,11714,63,0
6384,23575,63,0
6385,18210,63,0
6386,30149,63,0
6387,24619,63,0
6388,29130,63,0
6389,50040,63,0
6390,38335,63,0
6391,11015,63,0
6392,32760,63,0
6393,12444,63,0
6394,16623,63,0
6395,2919,63,0
6396,35328,63,0
6397,31844,63,0
6398,16756,63,0
6399,13348,63,0
6400,10494,63,0
6401,25638,63,0
6402,8420,63,0
6403,36677,63,0
6404,32033,63,0
6405,2399,63,0
6406,42730,63,0
6407,33473,63,0
6408,5630,63,0
6409,23420,63,0
6410,20635,63,0
6411,4603,63,0
6412,39668,63,0
6413,41200,63,0
6414,49083,63,0
6415,3279,63,0
6416,16844,63,0
6417,10796,63,0
6418,18864,63,0
6419,34652,63,0
6420,27496,63,0
6421,35283,63,0
6422,32350,63,0
6423,6662,63,0
6424,44324,63,0
6425,11926,63,0
6426,39308,63,0
6427,37721,63,0
6428,18368,63,0
6429,26050,63,0
6430,23537,63,0
6431,35126,63,0
6432,3915,63,0
6433,30238,63,0
6434,32079,63,0
6435,16691,63,0
6436,9723,63,0
6437,31086,63,0
6438,3674,63,0
6439,34767,63,0
6440,14608,63,0
6441,28091,63,0
6442,30022,63,0
6443,30432,63,0
6444,20423,63,0
6445,9800,63,0
6446,29097,63,0
6447,48588,63,0
6448,11967,63,0
6449,29703,63,0
6450,23800,63,0
6451,7865,63,0
6452,40780,63,0
6453,44061,63,0
6454,44452,63,0
6455,49904,63,0
6456,9134,63,0
6457,1178,63,0
6458,8956,63,0
6459,31275,63,0
6460,30043,63,0
6461,17715,63,0
6462,48397,63,0
6463,35763,63,0
6464,48081,63,0
6465,7880,63,0
6466,17044,63,0
6467,15906,63,0
6468,32058,63,0
6469,15292,63,0
6470,42634,63,0
6471,29687,63,0
6472,17082,63,0
6473,47659,63,0
6474,3810,63,0
6475,1384,63,0
6476,23578,63,0
6477,31159,63,0
6478,49529,63,0
6479,32639,63,0
6480,15731,63,0
6481,45853,63,0
6482,25729,63,0
6483,5897,63,0
6484,5291,63,0
6485,35082,63,0
6486,31649,63,0
6487,25200,63,0
6488,27894,63,0
6489,24123,63,0
6490,47674,63,0
6491,18277,63,0
6492,31628,63,0
6493,7070,63,0
6494,22113,63,0
6495,31925,63,0
6496,30907,63,0
6497,10945,63,0
6498,7849,63,0
6499,9203,63,0
6500,35409,63,0
6501,33663,63,0
6502,31837,63,0
6503,7639,63,0
6504,2543,63,0
6505,28873,63,0
6506,17090,63,0
6507,11695,63,0
6508,35348,63,0
6509,35389,63,0
6510,5786,63,0
6511,16027,63,0
6512,32074,63,0
6513,35565,63,0
6514,4870,63,0
6515,2497,63,0
6516,34323,63,0
6517,19606,63,0
6518,19377,63,0
6519,32018,63,0
6520,29896,63,0
6521,39737,63,0
6522,17811,63,0
6523,19811,63,0
6524,11636,63,0
6525,13524,63,0
6526,10353,63,0
6527,34362,63,0
6528,22741,63,0
6529,12588,63,0
6530,18953,63,0
6531,28003,63,0
6532,5900,63,0
6533,12614,63,0
6534,13675,63,0
6535,29764,63,0
6536,4942,63,0
6537,20727,63,0
6538,4980,63,0
6539,30601,63,0
6540,18333,63,0
6541,50216,63,0
6542,43038,63,0
6543,43102,63,0
6544,27386,63,0
6545,33704,63,0
6546,16897,63,0
6547,17283,63,0
6548,9114,63,0
6549,5985,63,0
6550,48147,63,0
6551,38514,63,0
6552,23282,63,0
6553,38769,63,0
6554,20707,63,0
6555,24580,63,0
6556,22957,63,0
6557,17443,63,0
6558,23185,63,0
6559,26108,63,0
6560,7370,63,0
6561,26819,63,0
6562,5245,63,0
6563,5574,63,0
6564,13755,63,0
6565,10763,63,0
6566,40817,63,0
6567,29117,63,0
6568,41402,63,0
6569,49461,63,0
6570,20488,63,0
6571,40281,63,0
6572,14327,63,0
6573,10125,63,0
6574,21009,63,0
6575,13188,63,0
6576,3299,63,0
6577,25058,63,0
6578,4008,63,0
6579,45292,63,0
6580,28963,63,0
6581,10183,63,0
6582,7334,63,0
6583,5197,63,0
6584,27898,63,0
6585,32927,63,0
6586,14589,63,0
6587,30204,63,0
6588,13412,63,0
6589,11589,63,0
6590,35441,63,0
6591,18406,63,0
6592,18605,63,0
6593,15598,63,0
6594,19561,63,0
6595,10976,63,0
6596,18985,63,0
6597,15336,63,0
6598,29705,63,0
6599,20918,63,0
6600,24924,63,0
6601,18644,63,0
6602,26309,63,0
6603,7600,63,0
6604,50266,63,0
6605,24579,63,0
6606,29898,63,0
6607,50553,63,0
6608,3554,63,0
6609,30339,63,0
6610,15869,63,0
6611,12360,63,0
6612,14056,63,0
6613,40519,63,0
6614,14414,63,0
6615,14125,63,0
6616,29225,63,0
6617,41601,63,0
6618,37876,63,0
6619,4176,63,0
6620,28684,63,0
6621,12239,63,0
6622,31692,63,0
6623,31897,63,0
6624,6503,63,0
6625,10889,63,0
6626,30988,63,0
6627,39474,63,0
6628,31103,63,0
6629,35387,63,0
6630,25792,63,0
6631,44163,63,0
6632,7905,63,0
6633,30120,63,0
6634,10658,63,0
6635,27963,63,0
6636,31910,63,0
6637,36086,63,0
6638,45182,63,0
6639,48514,63,0
6640,41007,63,0
6641,40849,63,0
6642,7993,63,0
6643,35455,63,0
6644,24944,63,0
6645,7881,63,0
6646,25144,63,0
6647,7259,63,0
6648,6245,63,0
6649,30457,63,0
6650,30140,63,0
6651,30269,63,0
6652,32744,63,0
6653,19560,63,0
6654,37506,63,0
6655,13525,63,0
6656,34920,63,0
6657,31659,63,0
6658,25212,63,0
6659,441,63,0
6660,15327,63,0
6661,19945,63,0
6662,24716,63,0
6663,39316,63,0
6664,27589,63,0
6665,18156,63,0
6666,34581,63,0
6667,34262,63,0
6668,10051,63,0
6669,11485,63,0
6670,13604,63,0
6671,48829,63,0
6672,12288,63,0
6673,46681,63,0
6674,21264,63,0
6675,1265,63,0
6676,25303,63,0
6677,16047,63,0
6678,36187,63,0
6679,44331,63,0
6680,10275,63,0
6681,5723,63,0
6682,32237,63,0
6683,29588,63,0
6684,18324,63,0
6685,30924,63,0
6686,26322,63,0
6687,46952,63,0
6688,20346,63,0
6689,35013,63,0
6690,21407,63,0
6691,28311,63,0
6692,14745,63,0
6693,49928,63,0
6694,13254,63,0
6695,47863,63,0
6696,3888,63,0
6697,46232,63,0
6698,34714,63,0
6699,7492,63,0
6700,32007,63,0
6701,50533,63,0
6702,17438,63,0
6703,19795,63,0
6704,38895,63,0
6705,31978,63,0
6706,18139,63,0
6707,26030,63,0
6708,20111,63,0
6709,25508,63,0
6710,32477,63,0
6711,13147,63,0
6712,22393,63,0
6713,14791,63,0
6714,33994,63,0
6715,16652,63,0
6716,15440,63,0
6717,12801,63,0
6718,24316,63,0
6719,47646,63,0
6720,32772,63,0
6721,25575,63,0
6722,48803,63,0
6723,15485,63,0
6724,19740,63,0
6725,10364,63,0
6726,25461,63,0
6727,26761,63,0
6728,33975,63,0
6729,15820,63,0
6730,30800,63,0
6731,10261,63,0
6732,13587,63,0
6733,41319,63,0
6734,48290,63,0
6735,19409,63,0
6736,30772,63,0
6737,49090,63,0
6738,13774,63,0
6739,13138,63,0
6740,44242,63,0
6741,33627,63,0
6742,31941,63,0
6743,34899,63,0
6744,6416,63,0
6745,3007,63,0
6746,76,63,0
6747,35580,63,0
6748,6107,63,0
6749,35587,63,0
6750,42224,63,0
6751,22945,63,0
6752,17426,63,0
6753,40189,63,0
6754,11448,63,0
6755,45702,63,0
6756,46387,63,0
6757,16681,63,0
6758,49825,63,0
6759,30493,63,0
6760,1301,63,0
6761,16992,63,0
6762,25664,63,0
6763,10502,63,0
6764,42169,63,0
6765,35114,63,0
6766,15079,63,0
6767,40694,63,0
6768,14140,63,0
6769,35123,63,0
6770,26934,63,0
6771,5734,63,0
6772,30180,63,0
6773,33410,63,0
6774,11806,63,0
6775,5548,63,0
6776,30559,63,0
6777,48025,63,0
6778,22962,63,0
6779,11050,63,0
6780,20351,63,0
6781,4761,63,0
6782,12931,63,0
6783,32189,63,0
6784,44504,63,0
6785,32395,63,0
6786,32625,63,0
6787,20975,63,0
6788,23041,63,0
6789,46330,63,0
6790,8188,63,0
6791,13248,63,0
6792,50800,63,0
6793,39921,63,0
6794,45877,63,0
6795,16708,63,0
6796,11816,63,0
6797,34002,63,0
6798,14849,63,0
6799,32335,63,0
6800,30356,63,0
6801,42715,63,0
6802,47667,63,0
6803,2585,63,0
6804,24020,63,0
6805,9424,63,0
6806,36431,63,0
6807,826,63,0
6808,35903,63,0
6809,12731,63,0
6810,23215,63,0
6811,46689,63,0
6812,46624,63,0
6813,46995,63,0
6814,22682,63,0
6815,18617,63,0
6816,4466,63,0
6817,13240,63,0
6818,48017,63,0
6819,17793,63,0
6820,19502,63,0
6821,22651,63,0
6822,24599,63,0
6823,17028,63,0
6824,11983,63,0
6825,26294,63,0
6826,27253,63,0
6827,20886,63,0
6828,3942,63,0
6829,16208,63,0
6830,8688,63,0
6831,31017,63,0
6832,29977,63,0
6833,29082,63,0
6834,8673,63,0
6835,46807,63,0
6836,32698,63,0
6837,31415,63,0
6838,49455,63,0
6839,33864,63,0
6840,49672,63,0
6841,30415,63,0
6842,46688,63,0
6843,32114,63,0
6844,38639,63,0
6845,23494,63,0
6846,46363,63,0
6847,25587,63,0
6848,12144,63,0
6849,31662,63,0
6850,14627,63,0
6851,11979,63,0
6852,11128,63,0
6853,37357,63,0
6854,44140,63,0
6855,30477,63,0
6856,2774,63,0
6857,30345,63,0
6858,47625,63,0
6859,31460,63,0
6860,12531,63,0
6861,27522,63,0
6862,28959,63,0
6863,17341,63,0
6864,2681,63,0
6865,14335,63,0
6866,23143,63,0
6867,6696,63,0
6868,38517,63,0
6869,22653,63,0
6870,10419,63,0
6871,1537,63,0
6872,3291,63,0
6873,2798,63,0
6874,12862,63,0
6875,10692,63,0
6876,3169,63,0
6877,5966,63,0
6878,23045,63,0
6879,28780,63,0
6880,27666,63,0
6881,11900,63,0
6882,34688,63,0
6883,14278,63,0
6884,13887,63,0
6885,17139,63,0
6886,32955,63,0
6887,6366,63,0
6888,41584,63,0
6889,27075,63,0
6890,23730,63,0
6891,40778,63,0
6892,6791,63,0
6893,33457,63,0
6894,32957,63,0
6895,6748,63,0
6896,13896,63,0
6897,34130,63,0
6898,48154,63,0
6899,42488,63,0
6900,12953,63,0
6901,22835,63,0
6902,1772,63,0
6903,3884,63,0
6904,4026,63,0
6905,21299,63,0
6906,12035,63,0
6907,23624,63,0
6908,46748,63,0
6909,8962,63,0
6910,5987,63,0
6911,8519,63,0
6912,24347,63,0
6913,35115,63,0
6914,8877,63,0
6915,19835,63,0
6916,19872,63,0
6917,12915,63,0
6918,20607,63,0
6919,45894,63,0
6920,36341,63,0
6921,28414,63,0
6922,30867,63,0
6923,26033,63,0
6924,9918,63,0
6925,29350,63,0
6926,10152,63,0
6927,33558,63,0
6928,23727,63,0
6929,32682,63,0
6930,48074,63,0
6931,26723,63,0
6932,5281,63,0
6933,21634,63,0
6934,21461,63,0
6935,23666,63,0
6936,32231,63,0
6937,35122,63,0
6938,14114,63,0
6939,9530,63,0
6940,5944,63,0
6941,48014,63,0
6942,34233,63,0
6943,42056,63,0
6944,21582,63,0
6945,47068,63,0
6946,5982,63,0
6947,12218,63,0
6948,22929,63,0
6949,3945,63,0
6950,31706,63,0
6951,2616,63,0
6952,13942,63,0
6953,14534,63,0
6954,10780,63,0
6955,50151,63,0
6956,21581,63,0
6957,17665,63,0
6958,38057,63,0
6959,32908,63,0
6960,41113,63,0
6961,15182,63,0
6962,39309,63,0
6963,31317,63,0
6964,13085,63,0
6965,45541,63,0
6966,35821,63,0
6967,47613,63,0
6968,22097,63,0
6969,14444,63,0
6970,33967,63,0
6971,19741,63,0
6972,31879,63,0
6973,33857,63,0
6974,13401,63,0
6975,11495,63,0
6976,16640,63,0
6977,45591,63,0
6978,24867,63,0
6979,31189,63,0
6980,46499,63,0
6981,20182,63,0
6982,2828,63,0
6983,6637,63,0
6984,6099,63,0
6985,33566,63,0
6986,5954,63,0
6987,28762,63,0
6988,32432,63,0
6989,25945,63,0
6990,46069,63,0
6991,21011,63,0
6992,22476,63,0
6993,41143,63,0
6994,3969,63,0
6995,30697,63,0
6996,50084,63,0
6997,42685,63,0
6998,32773,63,0
6999,21469,63,0
7000,34440,63,0
7001,27623,63,0
7002,25969,63,0
7003,14582,63,0
7004,28738,63,0
7005,27147,63,0
7006,46709,63,0
7007,2020,63,0
7008,12827,63,0
7009,15385,63,0
7010,46788,63,0
7011,17412,63,0
7012,15900,63,0
7013,41373,63,0
7014,3753,63,0
7015,27695,63,0
7016,20215,63,0
7017,50582,63,0
7018,49843,63,0
7019,13191,63,0
7020,33403,63,0
7021,26522,63,0
7022,1890,63,0
7023,42676,63,0
7024,3077,63,0
7025,29318,63,0
7026,7618,63,0
7027,16226,63,0
7028,14911,63,0
7029,42118,63,0
7030,39161,63,0
7031,34614,63,0
7032,14633,63,0
7033,20992,63,0
7034,36572,63,0
7035,12680,63,0
7036,50383,63,0
7037,10053,63,0
7038,48049,63,0
7039,16509,63,0
7040,35023,63,0
7041,40820,63,0
7042,4360,63,0
7043,46597,63,0
7044,32716,63,0
7045,30829,63,0
7046,15195,63,0
7047,28421,63,0
7048,20368,63,0
7049,11789,63,0
7050,41370,63,0
7051,14657,63,0
7052,37815,63,0
7053,47762,63,0
7054,27056,63,0
7055,15763,63,0
7056,2299,63,0
7057,20271,63,0
7058,23344,63,0
7059,32365,63,0
7060,5862,63,0
7061,21071,63,0
7062,12450,63,0
7063,7405,63,0
7064,47537,63,0
7065,43104,63,0
7066,9461,63,0
7067,28033,63,0
7068,307,63,0
7069,12077,63,0
7070,36213,63,0
7071,15189,63,0
7072,16912,63,0
7073,10638,63,0
7074,10171,63,0
7075,19394,63,0
7076,13405,63,0
7077,33637,63,0
7078,34426,63,0
7079,19972,63,0
7080,48706,63,0
7081,41650,63,0
7082,21690,63,0
7083,43952,63,0
7084,34361,63,0
7085,29902,63,0
7086,30322,63,0
7087,39819,63,0
7088,1676,63,0
7089,30728,63,0
7090,25971,63,0
7091,12983,63,0
7092,21120,63,0
7093,32085,63,0
7094,26569,63,0
7095,45904,63,0
7096,43965,63,0
7097,22982,63,0
7098,35701,63,0
7099,38710,63,0
7100,50457,63,0
7101,20293,63,0
7102,28370,63,0
7103,39665,63,0
7104,30280,63,0
7105,28580,63,0
7106,18838,63,0
7107,21818,63,0
7108,8514,63,0
7109,33134,63,0
7110,19349,63,0
7111,13964,63,0
7112,50549,63,0
7113,39620,63,0
7114,19344,63,0
7115,16561,63,0
7116,31521,63,0
7117,4843,63,0
7118,48410,63,0
7119,46313,63,0
7120,12758,63,0
7121,41272,63,0
7122,4745,63,0
7123,35831,63,0
7124,35737,63,0
7125,21915,63,0
7126,10931,63,0
7127,26263,63,0
7128,29943,63,0
7129,17533,63,0
7130,11905,63,0
7131,10246,63,0
7132,24362,63,0
7133,48607,63,0
7134,2976,63,0
7135,33636,63,0
7136,2472,63,0
7137,1076,63,0
7138,32835,63,0
7139,20952,63,0
7140,16442,63,0
7141,36023,63,0
7142,37488,63,0
7143,31263,63,0
7144,16054,63,0
7145,3436,63,0
7146,12803,63,0
7147,18987,63,0
7148,8386,63,0
7149,8953,63,0
7150,9930,63,0
7151,10767,63,0
7152,33699,63,0
7153,47846,63,0
7154,24333,63,0
7155,11213,63,0
7156,6986,63,0
7157,16550,63,0
7158,30309,63,0
7159,14760,63,0
7160,8792,63,0
7161,11574,63,0
7162,27101,63,0
7163,21266,63,0
7164,25417,63,0
7165,30984,63,0
7166,30329,63,0
7167,21669,63,0
7168,19605,63,0
7169,9104,63,0
7170,11046,63,0
7171,5889,63,0
7172,23765,63,0
7173,21775,63,0
7174,31863,63,0
7175,29814,63,0
7176,21127,63,0
7177,46392,63,0
7178,29233,63,0
7179,49001,63,0
7180,23533,63,0
7181,9624,63,0
7182,36207,63,0
7183,32370,63,0
7184,2468,63,0
7185,18934,63,0
7186,39150,63,0
7187,43709,63,0
7188,7944,63,0
7189,26432,63,0
7190,35795,63,0
7191,35155,63,0
7192,18086,63,0
7193,19796,63,0
7194,22843,63,0
7195,42678,63,0
7196,29487,63,0
7197,4696,63,0
7198,8712,63,0
7199,45321,63,0
7200,18566,63,0
7201,27451,63,0
7202,6688,63,0
7203,10426,63,0
7204,12069,63,0
7205,21406,63,0
7206,35299,63,0
7207,3191,63,0
7208,38334,63,0
7209,33275,63,0
7210,14421,63,0
7211,736,63,0
7212,14050,63,0
7213,31169,63,0
7214,13214,63,0
7215,11431,63,0
7216,7216,63,0
7217,50100,63,0
7218,16986,63,0
7219,18019,63,0
7220,22707,63,0
7221,46480,63,0
7222,11925,63,0
7223,47961,63,0
7224,23066,63,0
7225,21167,63,0
7226,25109,63,0
7227,2181,63,0
7228,85,63,0
7229,20579,63,0
7230,6639,63,0
7231,26021,63,0
7232,35548,63,0
7233,27228,63,0
7234,18028,63,0
7235,36269,63,0
7236,37687,63,0
7237,14803,63,0
7238,28725,63,0
7239,6367,63,0
7240,39589,63,0
7241,5840,63,0
7242,7167,63,0
7243,25339,63,0
7244,18585,63,0
7245,20397,63,0
7246,17119,63,0
7247,3573,63,0
7248,40545,63,0
7249,35510,63,0
7250,1865,63,0
7251,15523,63,0
7252,29387,63,0
7253,549,63,0
7254,11687,63,0
7255,32855,63,0
7256,30391,63,0
7257,2099,63,0
7258,37563,63,0
7259,44149,63,0
7260,48327,63,0
7261,2814,63,0
7262,22733,63,0
7263,36210,63,0
7264,50735,63,0
7265,46765,63,0
7266,2217,63,0
7267,23667,63,0
7268,32910,63,0
7269,6790,63,0
7270,48818,63,0
7271,13258,63,0
7272,17821,63,0
7273,31582,63,0
7274,4222,63,0
7275,24756,63,0
7276,33792,63,0
7277,32786,63,0
7278,27813,63,0
7279,38621,63,0
7280,19351,63,0
7281,48350,63,0
7282,50083,63,0
7283,34795,63,0
7284,14052,63,0
7285,48165,63,0
7286,38866,63,0
7287,47702,63,0
7288,5550,63,0
7289,48317,63,0
7290,25893,63,0
7291,42030,63,0
7292,5938,63,0
7293,28071,63,0
7294,30739,63,0
7295,38635,63,0
7296,34515,63,0
7297,24956,63,0
7298,31601,63,0
7299,48967,63,0
7300,21729,63,0
7301,35308,63,0
7302,31556,63,0
7303,32257,63,0
7304,28952,63,0
7305,49834,63,0
7306,7205,63,0
7307,3975,63,0
7308,21953,63,0
7309,46035,63,0
7310,3076,63,0
7311,34722,63,0
7312,6115,63,0
7313,37055,63,0
7314,4649,63,0
7315,16891,63,0
7316,14537,63,0
7317,19761,63,0
7318,16759,63,0
7319,28066,63,0
7320,19396,63,0
7321,1114,63,0
7322,1041,63,0
7323,30730,63,0
7324,24882,63,0
7325,18281,63,0
7326,41180,63,0
7327,25391,63,0
7328,33516,63,0
7329,31493,63,0
7330,29891,63,0
7331,30665,63,0
7332,39321,63,0
7333,45163,63,0
7334,46489,63,0
7335,47407,63,0
7336,13337,63,0
7337,15376,63,0
7338,11630,63,0
7339,8861,63,0
7340,34928,63,0
7341,10278,63,0
7342,48765,63,0
7343,31934,63,0
7344,32293,63,0
7345,2672,63,0
7346,49325,63,0
7347,27981,63,0
7348,22467,63,0
7349,6681,63,0
7350,12959,63,0
7351,41919,63,0
7352,35040,63,0
7353,19101,63,0
7354,18914,63,0
7355,8007,63,0
7356,8082,63,0
7357,13153,63,0
7358,28303,63,0
7359,48096,63,0
7360,25909,63,0
7361,8493,63,0
7362,14883,63,0
7363,48832,63,0
7364,17876,63,0
7365,14900,63,0
7366,6848,63,0
7367,49310,63,0
7368,34221,63,0
7369,27410,63,0
7370,16304,63,0
7371,21342,63,0
7372,21050,63,0
7373,21029,63,0
7374,32661,63,0
7375,38336,63,0
7376,47356,63,0
7377,6874,63,0
7378,21778,63,0
7379,26814,63,0
7380,29809,63,0
7381,14200,63,0
7382,1170,63,0
7383,44983,63,0
7384,14179,63,0
7385,258,63,0
7386,32313,63,0
7387,27373,63,0
7388,5936,63,0
7389,36772,63,0
7390,5634,63,0
7391,26680,63,0
7392,3285,63,0
7393,25662,63,0
7394,31929,63,0
7395,15278,63,0
7396,6623,63,0
7397,30695,63,0
7398,18597,63,0
7399,47930,63,0
7400,2200,63,0
7401,15847,63,0
7402,15187,63,0
7403,10298,63,0
7404,15901,63,0
7405,22187,63,0
7406,12149,63,0
7407,3193,63,0
7408,14524,63,0
7409,34183,63,0
7410,18013,63,0
7411,14740,63,0
7412,40504,63,0
7413,27992,63,0
7414,22172,63,0
7415,30753,63,0
7416,7912,63,0
7417,26815,63,0
7418,2384,63,0
7419,20855,63,0
7420,14939,63,0
7421,3308,63,0
7422,34152,63,0
7423,21468,63,0
7424,32784,63,0
7425,46696,63,0
7426,30700,63,0
7427,35907,63,0
7428,13160,63,0
7429,22265,63,0
7430,46941,63,0
7431,551,63,0
7432,18890,63,0
7433,821,63,0
7434,6938,63,0
7435,6519,63,0
7436,4164,63,0
7437,468,63,0
7438,14171,63,0
7439,40155,63,0
7440,4890,63,0
7441,3974,63,0
7442,39172,63,0
7443,14153,63,0
7444,24159,63,0
7445,22024,63,0
7446,31455,63,0
7447,6759,63,0
7448,44107,63,0
7449,14513,63,0
7450,47740,63,0
7451,34052,63,0
7452,49045,63,0
7453,14297,63,0
7454,38051,63,0
7455,5851,63,0
7456,10453,63,0
7457,12009,63,0
7458,35250,63,0
7459,33858,63,0
7460,49326,63,0
7461,24325,63,0
7462,1368,63,0
7463,23874,63,0
7464,15806,63,0
7465,29216,63,0
7466,14559,63,0
7467,35403,63,0
7468,47830,63,0
7469,11414,63,0
7470,50763,63,0
7471,5147,63,0
7472,15930,63,0
7473,50852,63,0
7474,27366,63,0
7475,47539,63,0
7476,27277,63,0
7477,24628,63,0
7478,31726,63,0
7479,46495,63,0
7480,33237,63,0
7481,25349,63,0
7482,21129,63,0
7483,8739,63,0
7484,47897,63,0
7485,19459,63,0
7486,20666,63,0
7487,28061,63,0
7488,8215,63,0
7489,31114,63,0
7490,13471,63,0
7491,10740,63,0
7492,3277,63,0
7493,16459,63,0
7494,2208,63,0
7495,32993,63,0
7496,50450,63,0
7497,16729,63,0
7498,22064,63,0
7499,2779,63,0
7500,3783,63,0
7501,13900,63,0
7502,42739,63,0
7503,42217,63,0
7504,23731,63,0
7505,20580,63,0
7506,12881,63,0
7507,33104,63,0
7508,22056,63,0
7509,8269,63,0
7510,6813,63,0
7511,13483,63,0
7512,31560,63,0
7513,24172,63,0
7514,37065,63,0
7515,48229,63,0
7516,3168,63,0
7517,4778,63,0
7518,47471,63,0
7519,40142,63,0
7520,3678,63,0
7521,29468,63,0
7522,35560,63,0
7523,42234,63,0
7524,11965,63,0
7525,31289,63,0
7526,25103,63,0
7527,35108,63,0
7528,31993,63,0
7529,12558,63,0
7530,14910,63,0
7531,34355,63,0
7532,20764,63,0
7533,10094,63,0
7534,2695,63,0
7535,16929,63,0
7536,27456,63,0
7537,45177,63,0
7538,22657,63,0
7539,27039,63,0
7540,293,63,0
7541,3914,63,0
7542,14842,63,0
7543,13570,63,0
7544,1068,63,0
7545,17498,63,0
7546,47540,63,0
7547,32920,63,0
7548,34517,63,0
7549,2449,63,0
7550,21177,63,0
7551,35399,63,0
7552,35926,63,0
7553,11144,63,0
7554,30233,63,0
7555,46818,63,0
7556,33938,63,0
7557,13903,63,0
7558,29568,63,0
7559,22104,63,0
7560,11335,63,0
7561,30125,63,0
7562,23737,63,0
7563,10232,63,0
7564,47225,63,0
7565,34245,63,0
7566,7141,63,0
7567,20059,63,0
7568,5207,63,0
7569,13490,63,0
7570,40676,63,0
7571,13268,63,0
7572,35710,63,0
7573,35500,63,0
7574,10500,63,0
7575,24863,63,0
7576,34553,63,0
7577,35332,63,0
7578,19063,63,0
7579,1696,63,0
7580,4243,63,0
7581,36033,63,0
7582,19257,63,0
7583,19529,63,0
7584,43278,63,0
7585,291,63,0
7586,35880,63,0
7587,35715,63,0
7588,39708,63,0
7589,14933,63,0
7590,9753,63,0
7591,44883,63,0
7592,17179,63,0
7593,8358,63,0
7594,17687,63,0
7595,9849,63,0
7596,5719,63,0
7597,11491,63,0
7598,49023,63,0
7599,23458,63,0
7600,3919,63,0
7601,20093,63,0
7602,20962,63,0
7603,18223,63,0
7604,29167,63,0
7605,10660,63,0
7606,14061,63,0
7607,50065,63,0
7608,34313,63,0
7609,29280,63,0
7610,45667,63,0
7611,37828,63,0
7612,24232,63,0
7613,27861,63,0
7614,26049,63,0
7615,10478,63,0
7616,25332,63,0
7617,47752,63,0
7618,43315,63,0
7619,19833,63,0
7620,7033,63,0
7621,49521,63,0
7622,47181,63,0
7623,31069,63,0
7624,36209,63,0
7625,13871,63,0
7626,5126,63,0
7627,15486,63,0
7628,24099,63,0
7629,34531,63,0
7630,31613,63,0
7631,23495,63,0
7632,36440,63,0
7633,13769,63,0
7634,36185,63,0
7635,39091,63,0
7636,38058,63,0
7637,3659,63,0
7638,26191,63,0
7639,8441,63,0
7640,3656,63,0
7641,12911,63,0
7642,44323,63,0
7643,26388,63,0
7644,44320,63,0
7645,26368,63,0
7646,29719,63,0
7647,26862,63,0
7648,49033,63,0
7649,517,63,0
7650,32933,63,0
7651,4970,63,0
7652,23900,63,0
7653,27205,63,0
7654,42818,63,0
7655,33696,63,0
7656,33091,63,0
7657,46490,63,0
7658,20613,63,0
7659,25962,63,0
7660,35482,63,0
7661,31220,63,0
7662,1617,63,0
7663,10164,63,0
7664,12129,63,0
7665,12259,63,0
7666,14500,63,0
7667,29198,63,0
7668,16488,63,0
7669,17598,63,0
7670,39227,63,0
7671,22620,63,0
7672,13294,63,0
7673,33333,63,0
7674,10385,63,0
7675,15814,63,0
7676,2402,63,0
7677,46924,63,0
7678,25387,63,0
7679,17928,63,0
7680,4795,63,0
7681,39148,63,0
7682,28095,63,0
7683,50727,63,0
7684,39226,63,0
7685,47845,63,0
7686,47803,63,0
7687,1251,63,0
7688,23377,63,0
7689,18700,63,0
7690,26817,63,0
7691,32645,63,0
7692,24149,63,0
7693,20868,63,0
7694,16874,63,0
7695,9874,63,0
7696,22505,63,0
7697,11573,63,0
7698,20792,63,0
7699,47503,63,0
7700,18045,63,0
7701,31104,63,0
7702,14316,63,0
7703,32197,63,0
7704,25459,63,0
7705,39676,63,0
7706,32382,63,0
7707,46186,63,0
7708,7793,63,0
7709,38341,63,0
7710,13238,63,0
7711,12888,63,0
7712,19051,63,0
7713,243,63,0
7714,24482,63,0
7715,30295,63,0
7716,16196,63,0
7717,39130,63,0
7718,570,63,0
7719,30592,63,0
7720,17741,63,0
7721,7363,63,0
7722,48482,63,0
7723,12845,63,0
7724,32673,63,0
7725,46507,63,0
7726,11115,63,0
7727,5392,63,0
7728,18591,63,0
7729,17986,63,0
7730,48629,63,0
7731,41071,63,0
7732,29020,63,0
7733,12134,63,0
7734,8971,63,0
7735,35522,63,0
7736,39037,63,0
7737,9680,63,0
7738,3341,63,0
7739,14830,63,0
7740,25953,63,0
7741,39650,63,0
7742,4875,63,0
7743,11858,63,0
7744,4656,63,0
7745,21444,63,0
7746,14696,63,0
7747,22834,63,0
7748,39832,63,0
7749,10498,63,0
7750,8212,63,0
7751,13076,63,0
7752,42145,63,0
7753,41208,63,0
7754,43139,63,0
7755,49029,63,0
7756,41903,63,0
7757,19614,63,0
7758,6068,63,0
7759,35098,63,0
7760,22738,63,0
7761,32080,63,0
7762,47408,63,0
7763,39283,63,0
7764,15020,63,0
7765,21626,63,0
7766,44356,63,0
7767,19804,63,0
7768,22052,63,0
7769,50018,63,0
7770,28196,63,0
7771,5179,63,0
7772,19640,63,0
7773,15145,63,0
7774,34108,63,0
7775,39240,63,0
7776,43487,63,0
7777,17537,63,0
7778,12383,63,0
7779,4453,63,0
7780,8131,63,0
7781,8160,63,0
7782,35477,63,0
7783,35133,63,0
7784,44472,63,0
7785,2462,63,0
7786,18490,63,0
7787,34705,63,0
7788,15346,63,0
7789,26148,63,0
7790,17369,63,0
7791,28299,63,0
7792,14491,63,0
7793,32193,63,0
7794,18900,63,0
7795,34299,63,0
7796,23627,63,0
7797,22062,63,0
7798,4687,63,0
7799,23557,63,0
7800,48001,63,0
7801,29493,63,0
7802,38019,63,0
7803,43822,63,0
7804,11651,63,0
7805,32529,63,0
7806,50545,63,0
7807,15624,63,0
7808,26725,63,0
7809,27783,63,0
7810,15639,63,0
7811,12086,63,0
7812,11539,63,0
7813,41046,63,0
7814,45963,63,0
7815,37170,63,0
7816,25022,63,0
7817,46987,63,0
7818,29531,63,0
7819,17592,63,0
7820,5678,63,0
7821,10314,63,0
7822,32239,63,0
7823,46959,63,0
7824,34310,63,0
7825,21343,63,0
7826,29081,63,0
7827,12762,63,0
7828,39280,63,0
7829,34537,63,0
7830,32946,63,0
7831,29460,63,0
7832,29948,63,0
7833,30480,63,0
7834,19752,63,0
7835,46204,63,0
7836,16767,63,0
7837,35254,63,0
7838,14977,63,0
7839,4271,63,0
7840,31144,63,0
7841,10123,63,0
7842,47497,63,0
7843,46226,63,0
7844,17784,63,0
7845,33459,63,0
7846,23191,63,0
7847,10311,63,0
7848,1942,63,0
7849,27544,63,0
7850,21327,63,0
7851,35860,63,0
7852,47552,63,0
7853,10248,63,0
7854,38429,63,0
7855,16373,63,0
7856,25955,63,0
7857,24914,63,0
7858,16524,63,0
7859,4748,63,0
7860,8391,63,0
7861,15408,63,0
7862,18282,63,0
7863,33029,63,0
7864,5668,63,0
7865,30441,63,0
7866,27119,63,0
7867,20027,63,0
7868,13218,63,0
7869,48749,63,0
7870,42192,63,0
7871,49782,63,0
7872,12188,63,0
7873,28830,63,0
7874,9157,63,0
7875,34651,63,0
7876,15243,63,0
7877,1977,63,0
7878,33739,63,0
7879,46879,63,0
7880,6419,63,0
7881,45392,63,0
7882,48357,63,0
7883,12755,63,0
7884,42179,63,0
7885,20954,63,0
7886,634,63,0
7887,17449,63,0
7888,1797,63,0
7889,34009,63,0
7890,47688,63,0
7891,34055,63,0
7892,42877,63,0
7893,22063,63,0
7894,30151,63,0
7895,34953,63,0
7896,10526,63,0
7897,6589,63,0
7898,47689,63,0
7899,34434,63,0
7900,12011,63,0
7901,4089,63,0
7902,35971,63,0
7903,17006,63,0
7904,26125,63,0
7905,11140,63,0
7906,24233,63,0
7907,8489,63,0
7908,5989,63,0
7909,15264,63,0
7910,31882,63,0
7911,48881,63,0
7912,27611,63,0
7913,36536,63,0
7914,40044,63,0
7915,12721,63,0
7916,7037,63,0
7917,25607,63,0
7918,31624,63,0
7919,2089,63,0
7920,23982,63,0
7921,34472,63,0
7922,29094,63,0
7923,47045,63,0
7924,2464,63,0
7925,7590,63,0
7926,28685,63,0
7927,5628,63,0
7928,48095,63,0
7929,32838,63,0
7930,11618,63,0
7931,46714,63,0
7932,29530,63,0
7933,28515,63,0
7934,37455,63,0
7935,42229,63,0
7936,1342,63,0
7937,16994,63,0
7938,39616,63,0
7939,4880,63,0
7940,42014,63,0
7941,36832,63,0
7942,34121,63,0
7943,8296,63,0
7944,34536,63,0
7945,7947,63,0
7946,30964,63,0
7947,48563,63,0
7948,19931,63,0
7949,40847,63,0
7950,16195,63,0
7951,15522,63,0
7952,28106,63,0
7953,43001,63,0
7954,34335,63,0
7955,27692,63,0
7956,22239,63,0
7957,46820,63,0
7958,21931,63,0
7959,932,63,0
7960,3923,63,0
7961,18322,63,0
7962,25255,63,0
7963,3976,63,0
7964,13760,63,0
7965,17053,63,0
7966,18433,63,0
7967,17887,63,0
7968,33345,63,0
7969,27251,63,0
7970,28768,63,0
7971,3820,63,0
7972,6273,63,0
7973,23988,63,0
7974,4352,63,0
7975,47355,63,0
7976,12887,63,0
7977,15332,63,0
7978,26786,63,0
7979,21155,63,0
7980,10279,63,0
7981,18079,63,0
7982,3853,63,0
7983,50922,63,0
7984,18756,63,0
7985,30372,63,0
7986,20305,63,0
7987,49242,63,0
7988,7286,63,0
7989,48662,63,0
7990,48360,63,0
7991,37255,63,0
7992,5614,63,0
7993,17108,63,0
7994,16299,63,0
7995,17797,63,0
7996,32123,63,0
7997,40473,63,0
7998,31728,63,0
7999,14146,63,0
8000,40425,63,0
8001,38045,63,0
8002,33588,63,0
8003,21860,63,0
8004,27533,63,0
8005,20514,63,0
8006,44567,63,0
8007,38410,63,0
8008,22142,63,0
8009,9367,63,0
8010,29942,63,0
8011,15970,63,0
8012,39459,63,0
8013,42409,63,0
8014,48726,63,0
8015,19356,63,0
8016,4450,63,0
8017,25521,63,0
8018,38766,63,0
8019,24551,63,0
8020,30838,63,0
8021,48507,63,0
8022,8392,63,0
8023,33669,63,0
8024,48466,63,0
8025,15802,63,0
8026,33677,63,0
8027,48478,63,0
8028,10219,63,0
8029,36924,63,0
8030,19948,63,0
8031,16522,63,0
8032,2148,63,0
8033,38817,63,0
8034,2263,63,0
8035,16275,63,0
8036,12072,63,0
8037,34359,63,0
8038,27320,63,0
8039,22746,63,0
8040,26285,63,0
8041,2570,63,0
8042,44495,63,0
8043,38073,63,0
8044,41725,63,0
8045,22116,63,0
8046,44838,63,0
8047,2496,63,0
8048,35425,63,0
8049,8744,63,0
8050,9929,63,0
8051,20455,63,0
8052,3729,63,0
8053,27590,63,0
8054,48069,63,0
8055,30769,63,0
8056,3877,63,0
8057,2101,63,0
8058,16598,63,0
8059,31148,63,0
8060,7721,63,0
8061,12021,63,0
8062,15297,63,0
8063,50117,63,0
8064,22981,63,0
8065,19042,63,0
8066,33666,63,0
8067,1507,63,0
8068,3194,63,0
8069,32419,63,0
8070,30299,63,0
8071,24338,63,0
8072,47318,63,0
8073,1684,63,0
8074,50394,63,0
8075,31457,63,0
8076,32579,63,0
8077,24583,63,0
8078,825,63,0
8079,37880,63,0
8080,26672,63,0
8081,30427,63,0
8082,38693,63,0
8083,15686,63,0
8084,19452,63,0
8085,35634,63,0
8086,46345,63,0
8087,25455,63,0
8088,1069,63,0
8089,14156,63,0
8090,23368,63,0
8091,37495,63,0
8092,13144,63,0
8093,23921,63,0
8094,251,63,0
8095,9963,63,0
8096,10546,63,0
8097,15162,63,0
8098,43966,63,0
8099,12309,63,0
8100,28966,63,0
8101,37324,63,0
8102,10083,63,0
8103,5283,63,0
8104,41111,63,0
8105,15653,63,0
8106,33072,63,0
8107,29472,63,0
8108,18901,63,0
8109,34545,63,0
8110,38899,63,0
8111,16326,63,0
8112,1736,63,0
8113,13690,63,0
8114,47034,63,0
8115,35312,63,0
8116,46792,63,0
8117,19453,63,0
8118,32397,63,0
8119,1755,63,0
8120,32902,63,0
8121,11637,63,0
8122,11295,63,0
8123,26498,63,0
8124,35618,63,0
8125,12981,63,0
8126,33570,63,0
8127,19572,63,0
8128,14506,63,0
8129,15234,63,0
8130,12759,63,0
8131,42329,63,0
8132,4116,63,0
8133,13882,63,0
8134,25586,63,0
8135,46585,63,0
8136,40729,63,0
8137,22276,63,0
8138,34204,63,0
8139,4215,63,0
8140,47067,63,0
8141,48006,63,0
8142,3685,63,0
8143,14502,63,0
8144,31898,63,0
8145,4279,63,0
8146,18240,63,0
8147,48697,63,0
8148,8513,63,0
8149,31146,63,0
8150,29296,63,0
8151,1272,63,0
8152,14373,63,0
8153,30973,63,0
8154,11109,63,0
8155,27712,63,0
8156,2535,63,0
8157,9392,63,0
8158,24864,63,0
8159,33140,63,0
8160,11215,63,0
8161,14893,63,0
8162,27100,63,0
8163,1792,63,0
8164,13698,63,0
8165,33926,63,0
8166,36932,63,0
8167,24622,63,0
8168,30607,63,0
8169,26746,63,0
8170,29576,63,0
8171,20726,63,0
8172,3792,63,0
8173,11572,63,0
8174,9354,63,0
8175,3082,63,0
8176,50005,63,0
8177,24349,63,0
8178,8873,63,0
8179,32724,63,0
8180,26382,63,0
8181,29717,63,0
8182,11963,63,0
8183,7577,63,0
8184,20521,63,0
8185,31807,63,0
8186,18438,63,0
8187,50032,63,0
8188,45621,63,0
8189,24398,63,0
8190,1057,63,0
8191,1547,63,0
8192,29546,63,0
8193,38536,63,0
8194,9051,63,0
8195,3456,63,0
8196,24773,63,0
8197,12237,63,0
8198,16536,63,0
8199,32325,63,0
8200,36088,63,0
8201,39282,63,0
8202,33396,63,0
8203,15659,63,0
8204,30024,63,0
8205,28790,63,0
8206,33160,63,0
8207,48639,63,0
8208,2707,63,0
8209,39748,63,0
8210,25868,63,0
8211,38555,63,0
8212,20971,63,0
8213,20432,63,0
8214,24118,63,0
8215,6939,63,0
8216,10803,63,0
8217,10487,63,0
8218,3272,63,0
8219,48483,63,0
8220,22302,63,0
8221,20338,63,0
8222,15744,63,0
8223,17161,63,0
8224,46008,63,0
8225,36843,63,0
8226,33409,63,0
8227,17963,63,0
8228,7822,63,0
8229,35247,63,0
8230,25097,63,0
8231,13044,63,0
8232,19333,63,0
8233,1971,63,0
8234,43159,63,0
8235,22141,63,0
8236,3535,63,0
8237,41595,63,0
8238,6355,63,0
8239,4959,63,0
8240,26836,63,0
8241,19709,63,0
8242,1879,63,0
8243,47836,63,0
8244,49826,63,0
8245,12556,63,0
8246,40118,63,0
8247,20554,63,0
8248,18509,63,0
8249,24147,63,0
8250,10455,63,0
8251,49609,63,0
8252,37941,63,0
8253,43281,63,0
8254,12148,63,0
8255,15280,63,0
8256,25105,63,0
8257,24945,63,0
8258,10505,63,0
8259,31812,63,0
8260,49062,63,0
8261,16731,63,0
8262,44745,63,0
8263,18817,63,0
8264,17799,63,0
8265,35574,63,0
8266,25423,63,0
8267,37777,63,0
8268,18298,63,0
8269,22862,63,0
8270,24740,63,0
8271,11388,63,0
8272,13653,63,0
8273,29718,63,0
8274,13478,63,0
8275,8401,63,0
8276,31965,63,0
8277,26341,63,0
8278,22314,63,0
8279,25080,63,0
8280,33462,63,0
8281,16551,63,0
8282,13738,63,0
8283,2946,63,0
8284,48659,63,0
8285,11324,63,0
8286,3362,63,0
8287,28373,63,0
8288,42013,63,0
8289,16574,63,0
8290,11857,63,0
8291,40689,63,0
8292,43160,63,0
8293,15476,63,0
8294,29351,63,0
8295,25914,63,0
8296,30076,63,0
8297,33814,63,0
8298,43532,63,0
8299,27179,63,0
8300,893,63,0
8301,31128,63,0
8302,11770,63,0
8303,17260,63,0
8304,44941,63,0
8305,30976,63,0
8306,18798,63,0
8307,12025,63,0
8308,20442,63,0
8309,20092,63,0
8310,3186,63,0
8311,12078,63,0
8312,8512,63,0
8313,5324,63,0
8314,32315,63,0
8315,32226,63,0
8316,1906,63,0
8317,22689,63,0
8318,27618,63,0
8319,4035,63,0
8320,11162,63,0
8321,25912,63,0
8322,31197,63,0
8323,27912,63,0
8324,3833,63,0
8325,39481,63,0
8326,17456,63,0
8327,32911,63,0
8328,1164,63,0
8329,35252,63,0
8330,16164,63,0
8331,641,63,0
8332,34919,63,0
8333,3797,63,0
8334,34088,63,0
8335,43981,63,0
8336,36266,63,0
8337,37965,63,0
8338,34718,63,0
8339,25480,63,0
8340,27776,63,0
8341,45961,63,0
8342,35642,63,0
8343,35590,63,0
8344,21143,63,0
8345,21679,63,0
8346,21801,63,0
8347,38132,63,0
8348,20574,63,0
8349,9130,63,0
8350,14307,63,0
8351,7452,63,0
8352,9049,63,0
8353,22010,63,0
8354,31040,63,0
8355,6123,63,0
8356,38521,63,0
8357,43309,63,0
8358,8832,63,0
8359,39451,63,0
8360,9398,63,0
8361,15559,63,0
8362,10362,63,0
8363,34655,63,0
8364,17941,63,0
8365,18908,63,0
8366,33075,63,0
8367,31643,63,0
8368,5948,63,0
8369,20315,63,0
8370,43992,63,0
8371,47620,63,0
8372,20202,63,0
8373,18938,63,0
8374,29429,63,0
8375,991,63,0
8376,12818,63,0
8377,16797,63,0
8378,46677,63,0
8379,17623,63,0
8380,15870,63,0
8381,21228,63,0
8382,9377,63,0
8383,27052,63,0
8384,7099,63,0
8385,16069,63,0
8386,8891,63,0
8387,33479,63,0
8388,17138,63,0
8389,12802,63,0
8390,25555,63,0
8391,28213,63,0
8392,35391,63,0
8393,17326,63,0
8394,34429,63,0
8395,12233,63,0
8396,38695,63,0
8397,29149,63,0
8398,35755,63,0
8399,46373,63,0
8400,48308,63,0
8401,13552,63,0
8402,4350,63,0
8403,31394,63,0
8404,12151,63,0
8405,9105,63,0
8406,11439,63,0
8407,23905,63,0
8408,24083,63,0
8409,9207,63,0
8410,49429,63,0
8411,18614,63,0
8412,28300,63,0
8413,41655,63,0
8414,3844,63,0
8415,34554,63,0
8416,27932,63,0
8417,49896,63,0
8418,37759,63,0
8419,31730,63,0
8420,38324,63,0
8421,39701,63,0
8422,41183,63,0
8423,20532,63,0
8424,11501,63,0
8425,29816,63,0
8426,28799,63,0
8427,47817,63,0
8428,27478,63,0
8429,12568,63,0
8430,1869,63,0
8431,45850,63,0
8432,34626,63,0
8433,11384,63,0
8434,7420,63,0
8435,25929,63,0
8436,19305,63,0
8437,32387,63,0
8438,10348,63,0
8439,46852,63,0
8440,29976,63,0
8441,43509,63,0
8442,26573,63,0
8443,7065,63,0
8444,30084,63,0
8445,17788,63,0
8446,10340,63,0
8447,26416,63,0
8448,23735,63,0
8449,8051,63,0
8450,7935,63,0
8451,43796,63,0
8452,2947,63,0
8453,16748,63,0
8454,25443,63,0
8455,31439,63,0
8456,29691,63,0
8457,28289,63,0
8458,7122,63,0
8459,5981,63,0
8460,21218,63,0
8461,31034,63,0
8462,33932,63,0
8463,17796,63,0
8464,9364,63,0
8465,31385,63,0
8466,18966,63,0
8467,47709,63,0
8468,24228,63,0
8469,6951,63,0
8470,27187,63,0
8471,5855,63,0
8472,41112,63,0
8473,19094,63,0
8474,33855,63,0
8475,34788,63,0
8476,44812,63,0
8477,11638,63,0
8478,21792,63,0
8479,48260,63,0
8480,16514,63,0
8481,25595,63,0
8482,36896,63,0
8483,22572,63,0
8484,43040,63,0
8485,48524,63,0
8486,31472,63,0
8487,30604,63,0
8488,49021,63,0
8489,47292,63,0
8490,16734,63,0
8491,25122,63,0
8492,27697,63,0
8493,7627,63,0
8494,9773,63,0
8495,15245,63,0
8496,22427,63,0
8497,35925,63,0
8498,11244,63,0
8499,12191,63,0
8500,26812,63,0
8501,30975,63,0
8502,5279,63,0
8503,10207,63,0
8504,22861,63,0
8505,39045,63,0
8506,29289,63,0
8507,13488,63,0
8508,29589,63,0
8509,19239,63,0
8510,19281,63,0
8511,19576,63,0
8512,3933,63,0
8513,36165,63,0
8514,41596,63,0
8515,5028,63,0
8516,16058,63,0
8517,11958,63,0
8518,7622,63,0
8519,5370,63,0
8520,33849,63,0
8521,11034,63,0
8522,12625,63,0
8523,37313,63,0
8524,35373,63,0
8525,6920,63,0
8526,47312,63,0
8527,23816,63,0
8528,27988,63,0
8529,34589,63,0
8530,34077,63,0
8531,12063,63,0
8532,12020,63,0
8533,19830,63,0
8534,5473,63,0
8535,33593,63,0
8536,15399,63,0
8537,33288,63,0
8538,23355,63,0
8539,31584,63,0
8540,48896,63,0
8541,13461,63,0
8542,5329,63,0
8543,11776,63,0
8544,48276,63,0
8545,44892,63,0
8546,29582,63,0
8547,25460,63,0
8548,20860,63,0
8549,50880,63,0
8550,48040,63,0
8551,24341,63,0
8552,20775,63,0
8553,46159,63,0
8554,35171,63,0
8555,6484,63,0
8556,2790,63,0
8557,7680,63,0
8558,24423,63,0
8559,17190,63,0
8560,21526,63,0
8561,20238,63,0
8562,42866,63,0
8563,48906,63,0
8564,34021,63,0
8565,9120,63,0
8566,46080,63,0
8567,5479,63,0
8568,28717,63,0
8569,15215,63,0
8570,4801,63,0
8571,50132,63,0
8572,23042,63,0
8573,21259,63,0
8574,40301,63,0
8575,20383,63,0
8576,32607,63,0
8577,50543,63,0
8578,34879,63,0
8579,6513,63,0
8580,34182,63,0
8581,14051,63,0
8582,2387,63,0
8583,4294,63,0
8584,18763,63,0
8585,6186,63,0
8586,45333,63,0
8587,27771,63,0
8588,1523,63,0
8589,49957,63,0
8590,16045,63,0
8591,8778,63,0
8592,30863,63,0
8593,22950,63,0
8594,16333,63,0
8595,46524,63,0
8596,29886,63,0
8597,30423,63,0
8598,7995,63,0
8599,2244,63,0
8600,32872,63,0
8601,18362,63,0
8602,20939,63,0
8603,38784,63,0
8604,38592,63,0
8605,35060,63,0
8606,39700,63,0
8607,45356,63,0
8608,25807,63,0
8609,14478,63,0
8610,49288,63,0
8611,29124,63,0
8612,23504,63,0
8613,8337,63,0
8614,19390,63,0
8615,39608,63,0
8616,50004,63,0
8617,33980,63,0
8618,30768,63,0
8619,11146,63,0
8620,31462,63,0
8621,16217,63,0
8622,34097,63,0
8623,49050,63,0
8624,24136,63,0
8625,15787,63,0
8626,5702,63,0
8627,31222,63,0
8628,20528,63,0
8629,18381,63,0
8630,21053,63,0
8631,10190,63,0
8632,32513,63,0
8633,12471,63,0
8634,26224,63,0
8635,50805,63,0
8636,34157,63,0
8637,33770,63,0
8638,35855,63,0
8639,34501,63,0
8640,16223,63,0
8641,12005,63,0
8642,49682,63,0
8643,27111,63,0
8644,38316,63,0
8645,33519,63,0
8646,48319,63,0
8647,48922,63,0
8648,19981,63,0
8649,47251,63,0
8650,21361,63,0
8651,32997,63,0
8652,3478,63,0
8653,14735,63,0
8654,13858,63,0
8655,30766,63,0
8656,32127,63,0
8657,18245,63,0
8658,4764,63,0
8659,24203,63,0
8660,12467,63,0
8661,33795,63,0
8662,30680,63,0
8663,33736,63,0
8664,27555,63,0
8665,3525,63,0
8666,17089,63,0
8667,18378,63,0
8668,37462,63,0
8669,15912,63,0
8670,13111,63,0
8671,34930,63,0
8672,37513,63,0
8673,38589,63,0
8674,40623,63,0
8675,38110,63,0
8676,27822,63,0
8677,17408,63,0
8678,28286,63,0
8679,1382,63,0
8680,38554,63,0
8681,7789,63,0
8682,11819,63,0
8683,29955,63,0
8684,7372,63,0
8685,14103,63,0
8686,25063,63,0
8687,36104,63,0
8688,28492,63,0
8689,9521,63,0
8690,11270,63,0
8691,47093,63,0
8692,26655,63,0
8693,25036,63,0
8694,3693,63,0
8695,682,63,0
8696,28878,63,0
8697,35849,63,0
8698,49338,63,0
8699,40144,63,0
8700,38598,63,0
8701,5006,63,0
8702,33832,63,0
8703,210,63,0
8704,16489,63,0
8705,29103,63,0
8706,23692,63,0
8707,25658,63,0
8708,14299,63,0
8709,6541,63,0
8710,13595,63,0
8711,29811,63,0
8712,29340,63,0
8713,24377,63,0
8714,49709,63,0
8715,30137,63,0
8716,2236,63,0
8717,28577,63,0
8718,20016,63,0
8719,11532,63,0
8720,34126,63,0
8721,42373,63,0
8722,13704,63,0
8723,6095,63,0
8724,26389,63,0
8725,25712,63,0
8726,9093,63,0
8727,5941,63,0
8728,24444,63,0
8729,455,63,0
8730,33344,63,0
8731,41339,63,0
8732,15902,63,0
8733,9227,63,0
8734,14126,63,0
8735,14163,63,0
8736,42732,63,0
8737,23343,63,0
8738,33323,63,0
8739,7098,63,0
8740,47663,63,0
8741,13563,63,0
8742,19359,63,0
8743,14336,63,0
8744,14323,63,0
8745,16002,63,0
8746,5917,63,0
8747,24600,63,0
8748,38934,63,0
8749,44552,63,0
8750,3417,63,0
8751,6568,63,0
8752,40046,63,0
8753,26296,63,0
8754,49371,63,0
8755,47425,63,0
8756,14685,63,0
8757,2584,63,0
8758,37007,63,0
8759,12905,63,0
8760,30255,63,0
8761,34820,63,0
8762,29500,63,0
8763,8048,63,0
8764,25509,63,0
8765,30851,63,0
8766,24576,63,0
8767,17104,63,0
8768,39758,63,0
8769,15340,63,0
8770,6672,63,0
8771,43892,63,0
8772,11984,63,0
8773,45723,63,0
8774,24028,63,0
8775,2730,63,0
8776,11268,63,0
8777,27547,63,0
8778,24382,63,0
8779,20917,63,0
8780,42832,63,0
8781,15502,63,0
8782,34066,63,0
8783,35566,63,0
8784,28549,63,0
8785,34734,63,0
8786,43743,63,0
8787,16649,63,0
8788,11189,63,0
8789,36041,63,0
8790,5919,63,0
8791,22005,63,0
8792,23422,63,0
8793,20389,63,0
8794,29538,63,0
8795,6969,63,0
8796,21328,63,0
8797,32214,63,0
8798,4785,63,0
8799,37873,63,0
8800,43014,63,0
8801,50686,63,0
8802,12293,63,0
8803,50931,63,0
8804,33272,63,0
8805,29437,63,0
8806,21678,63,0
8807,42273,63,0
8808,16193,63,0
8809,50224,63,0
8810,27211,63,0
8811,23987,63,0
8812,469,63,0
8813,1086,63,0
8814,50325,63,0
8815,22088,63,0
8816,45931,63,0
8817,11059,63,0
8818,15428,63,0
8819,13372,63,0
8820,29581,63,0
8821,5805,63,0
8822,23547,63,0
8823,23862,63,0
8824,39285,63,0
8825,31623,63,0
8826,38330,63,0
8827,23882,63,0
8828,16341,63,0
8829,16463,63,0
8830,28551,63,0
8831,8281,63,0
8832,35512,63,0
8833,50054,63,0
8834,45662,63,0
8835,30934,63,0
8836,50446,63,0
8837,30351,63,0
8838,11875,63,0
8839,19538,63,0
8840,2613,63,0
8841,39007,63,0
8842,13104,63,0
8843,15508,63,0
8844,8343,63,0
8845,8421,63,0
8846,26479,63,0
8847,3248,63,0
8848,33351,63,0
8849,33105,63,0
8850,35542,63,0
8851,22253,63,0
8852,6468,63,0
8853,34992,63,0
8854,30104,63,0
8855,32301,63,0
8856,20364,63,0
8857,20314,63,0
8858,621,63,0
8859,47479,63,0
8860,11928,63,0
8861,1754,63,0
8862,8808,63,0
8863,33782,63,0
8864,9724,63,0
8865,13429,63,0
8866,1988,63,0
8867,40595,63,0
8868,39594,63,0
8869,5561,63,0
8870,4266,63,0
8871,15581,63,0
8872,34468,63,0
8873,13828,63,0
8874,22681,63,0
8875,45888,63,0
8876,14730,63,0
8877,45673,63,0
8878,36001,63,0
8879,6291,63,0
8880,14828,63,0
8881,14265,63,0
8882,22844,63,0
8883,49992,63,0
8884,46532,63,0
8885,16719,63,0
8886,14591,63,0
8887,29965,63,0
8888,33649,63,0
8889,42641,63,0
8890,34854,63,0
8891,32801,63,0
8892,18506,63,0
8893,17610,63,0
8894,30999,63,0
8895,20317,63,0
8896,12097,63,0
8897,46357,63,0
8898,9012,63,0
8899,32517,63,0
8900,10499,63,0
8901,6334,63,0
8902,46705,63,0
8903,50244,63,0
8904,22942,63,0
8905,19730,63,0
8906,9701,63,0
8907,30580,63,0
8908,29753,63,0
8909,12733,63,0
8910,10731,63,0
8911,48880,63,0
8912,45681,63,0
8913,33267,63,0
8914,13577,63,0
8915,14123,63,0
8916,29963,63,0
8917,12163,63,0
8918,5641,63,0
8919,11191,63,0
8920,18821,63,0
8921,50474,63,0
8922,16019,63,0
8923,21337,63,0
8924,29599,63,0
8925,12302,63,0
8926,21107,63,0
8927,10172,63,0
8928,20100,63,0
8929,34012,63,0
8930,12722,63,0
8931,2078,63,0
8932,25938,63,0
8933,49166,63,0
8934,44296,63,0
8935,49851,63,0
8936,35140,63,0
8937,30873,63,0
8938,39521,63,0
8939,43156,63,0
8940,18321,63,0
8941,20256,63,0
8942,1896,63,0
8943,24195,63,0
8944,43023,63,0
8945,29017,63,0
8946,4832,63,0
8947,32759,63,0
8948,34084,63,0
8949,19189,63,0
8950,31223,63,0
8951,9867,63,0
8952,35859,63,0
8953,7043,63,0
8954,16682,63,0
8955,31089,63,0
8956,20905,63,0
8957,40662,63,0
8958,48259,63,0
8959,16328,63,0
8960,18819,63,0
8961,30902,63,0
8962,16452,63,0
8963,32323,63,0
8964,17340,63,0
8965,47089,63,0
8966,9466,63,0
8967,39122,63,0
8968,22213,63,0
8969,34257,63,0
8970,33129,63,0
8971,29960,63,0
8972,37054,63,0
8973,30563,63,0
8974,35938,63,0
8975,26118,63,0
8976,46481,63,0
8977,2994,63,0
8978,30086,63,0
8979,10132,63,0
8980,31942,63,0
8981,14497,63,0
8982,41293,63,0
8983,49233,63,0
8984,28637,63,0
8985,16099,63,0
8986,32410,63,0
8987,20263,63,0
8988,39610,63,0
8989,17202,63,0
8990,23225,63,0
8991,12723,63,0
8992,6953,63,0
8993,1607,63,0
8994,32509,63,0
8995,32398,63,0
8996,35014,63,0
8997,13139,63,0
8998,17169,63,0
8999,19793,63,0
9000,33917,63,0
9001,29779,63,0
9002,39981,63,0
9003,21161,63,0
9004,6406,63,0
9005,31612,63,0
9006,18138,63,0
9007,35833,63,0
9008,44471,63,0
9009,33513,63,0
9010,32750,63,0
9011,20170,63,0
9012,37555,63,0
9013,45162,63,0
9014,24221,63,0
9015,18397,63,0
9016,49167,63,0
9017,50252,63,0
9018,347,63,0
9019,49899,63,0
9020,28997,63,0
9021,47876,63,0
9022,13062,63,0
9023,31065,63,0
9024,50357,63,0
9025,29347,63,0
9026,31586,63,0
9027,30007,63,0
9028,16848,63,0
9029,17752,63,0
9030,4280,63,0
9031,11052,63,0
9032,35922,63,0
9033,50724,63,0
9034,9819,63,0
9035,49020,63,0
9036,29736,63,0
9037,18790,63,0
9038,16724,63,0
9039,50932,63,0
9040,42773,63,0
9041,46376,63,0
9042,20363,63,0
9043,27856,63,0
9044,50426,63,0
9045,24689,63,0
9046,34120,63,0
9047,477,63,0
9048,33971,63,0
9049,29173,63,0
9050,6730,63,0
9051,3485,63,0
9052,3214,63,0
9053,15727,63,0
9054,14084,63,0
9055,42519,63,0
9056,7697,63,0
9057,27391,63,0
9058,43314,63,0
9059,16211,63,0
9060,34240,63,0
9061,36225,63,0
9062,49392,63,0
9063,29922,63,0
9064,43953,63,0
9065,36678,63,0
9066,22090,63,0
9067,28813,63,0
9068,10357,63,0
9069,18260,63,0
9070,30724,63,0
9071,18402,63,0
9072,21982,63,0
9073,29018,63,0
9074,21871,63,0
9075,48441,63,0
9076,49538,63,0
9077,14656,63,0
9078,13598,63,0
9079,10597,63,0
9080,12285,63,0
9081,33950,63,0
9082,35162,63,0
9083,1351,63,0
9084,47363,63,0
9085,32336,63,0
9086,6552,63,0
9087,26494,63,0
9088,11720,63,0
9089,49704,63,0
9090,9211,63,0
9091,21974,63,0
9092,38982,63,0
9093,17868,63,0
9094,35168,63,0
9095,47884,63,0
9096,34751,63,0
9097,13695,63,0
9098,13349,63,0
9099,36177,63,0
9100,10376,63,0
9101,35504,63,0
9102,33455,63,0
9103,28999,63,0
9104,19341,63,0
9105,481,63,0
9106,24886,63,0
9107,15778,63,0
9108,8038,63,0
9109,11503,63,0
9110,20756,63,0
9111,3749,63,0
9112,32175,63,0
9113,19340,63,0
9114,33488,63,0
9115,46916,63,0
9116,18967,63,0
9117,3269,63,0
9118,12037,63,0
9119,39932,63,0
9120,47379,63,0
9121,10222,63,0
9122,22098,63,0
9123,38794,63,0
9124,14766,63,0
9125,37931,63,0
9126,34983,63,0
9127,49449,63,0
9128,3966,63,0
9129,24496,63,0
9130,20376,63,0
9131,21271,63,0
9132,22774,63,0
9133,50552,63,0
9134,18699,63,0
9135,36031,63,0
9136,22588,63,0
9137,38175,63,0
9138,35473,63,0
9139,16049,63,0
9140,18160,63,0
9141,15123,63,0
9142,27961,63,0
9143,41087,63,0
9144,48985,63,0
9145,12637,63,0
9146,26667,63,0
9147,29660,63,0
9148,47245,63,0
9149,19250,63,0
9150,32972,63,0
9151,13715,63,0
9152,34205,63,0
9153,21791,63,0
9154,9562,63,0
9155,8807,63,0
9156,33307,63,0
9157,25328,63,0
9158,32396,63,0
9159,14212,63,0
9160,19594,63,0
9161,24793,63,0
9162,33290,63,0
9163,13551,63,0
9164,10975,63,0
9165,7544,63,0
9166,30203,63,0
9167,2907,63,0
9168,27909,63,0
9169,23451,63,0
9170,22502,63,0
9171,5321,63,0
9172,48206,63,0
9173,10263,63,0
9174,10521,63,0
9175,7434,63,0
9176,9853,63,0
9177,25370,63,0
9178,31648,63,0
9179,38704,63,0
9180,36198,63,0
9181,14287,63,0
9182,10603,63,0
9183,20374,63,0
9184,32204,63,0
9185,33505,63,0
9186,31051,63,0
9187,44,63,0
9188,15061,63,0
9189,50798,63,0
9190,48495,63,0
9191,29191,63,0
9192,10028,63,0
9193,32634,63,0
9194,42820,63,0
9195,20462,63,0
9196,18487,63,0
9197,49063,63,0
9198,12961,63,0
9199,45027,63,0
9200,41608,63,0
9201,47943,63,0
9202,18475,63,0
9203,32349,63,0
9204,30414,63,0
9205,1020,63,0
9206,34336,63,0
9207,23273,63,0
9208,42038,63,0
9209,23224,63,0
9210,1829,63,0
9211,35736,63,0
9212,49948,63,0
9213,10465,63,0
9214,47446,63,0
9215,29986,63,0
9216,3220,63,0
9217,25935,63,0
9218,38295,63,0
9219,10387,63,0
9220,35691,63,0
9221,23907,63,0
9222,18065,63,0
9223,42301,63,0
9224,44151,63,0
9225,37152,63,0
9226,36095,63,0
9227,6401,63,0
9228,6532,63,0
9229,10527,63,0
9230,7487,63,0
9231,8942,63,0
9232,4782,63,0
9233,29465,63,0
9234,50660,63,0
9235,42485,63,0
9236,26083,63,0
9237,6018,63,0
9238,37732,63,0
9239,34492,63,0
9240,18037,63,0
9241,30796,63,0
9242,19329,63,0
9243,31283,63,0
9244,21203,63,0
9245,48120,63,0
9246,32701,63,0
9247,19657,63,0
9248,18279,63,0
9249,48611,63,0
9250,29294,63,0
9251,5371,63,0
9252,48957,63,0
9253,43608,63,0
9254,41718,63,0
9255,9236,63,0
9256,23587,63,0
9257,50774,63,0
9258,3265,63,0
9259,33872,63,0
9260,22864,63,0
9261,4712,63,0
9262,42985,63,0
9263,44202,63,0
9264,31363,63,0
9265,50688,63,0
9266,12363,63,0
9267,50911,63,0
9268,46817,63,0
9269,42193,63,0
9270,34996,63,0
9271,11744,63,0
9272,15030,63,0
9273,32578,63,0
9274,8511,63,0
9275,5144,63,0
9276,37672,63,0
9277,34900,63,0
9278,30866,63,0
9279,28937,63,0
9280,31136,63,0
9281,42908,63,0
9282,38684,63,0
9283,28075,63,0
9284,15360,63,0
9285,16899,63,0
9286,23783,63,0
9287,2332,63,0
9288,10483,63,0
9289,16993,63,0
9290,10918,63,0
9291,34925,63,0
9292,40124,63,0
9293,19717,63,0
9294,35198,63,0
9295,2834,63,0
9296,32647,63,0
9297,20771,63,0
9298,9116,63,0
9299,48574,63,0
9300,34470,63,0
9301,26249,63,0
9302,31819,63,0
9303,19417,63,0
9304,9915,63,0
9305,11091,63,0
9306,7271,63,0
9307,21267,63,0
9308,48144,63,0
9309,11045,63,0
9310,30011,63,0
9311,6570,63,0
9312,47883,63,0
9313,7883,63,0
9314,12135,63,0
9315,21759,63,0
9316,28477,63,0
9317,24559,63,0
9318,558,63,0
9319,43889,63,0
9320,26040,63,0
9321,50311,63,0
9322,34151,63,0
9323,24680,63,0
9324,42212,63,0
9325,41576,63,0
9326,30410,63,0
9327,28943,63,0
9328,28542,63,0
9329,47710,63,0
9330,34277,63,0
9331,23929,63,0
9332,17505,63,0
9333,44442,63,0
9334,9448,63,0
9335,5598,63,0
9336,4542,63,0
9337,26485,63,0
9338,11363,63,0
9339,11929,63,0
9340,21697,63,0
9341,22953,63,0
9342,50003,63,0
9343,36749,63,0
9344,48029,63,0
9345,40507,63,0
9346,33578,63,0
9347,30892,63,0
9348,11122,63,0
9349,3113,63,0
9350,2664,63,0
9351,25630,63,0
9352,29608,63,0
9353,28683,63,0
9354,21980,63,0
9355,49527,63,0
9356,13286,63,0
9357,27283,63,0
9358,18668,63,0
9359,10001,63,0
9360,31160,63,0
9361,6014,63,0
9362,5860,63,0
9363,10373,63,0
9364,48873,63,0
9365,21369,63,0
9366,24784,63,0
9367,16555,63,0
9368,28641,63,0
9369,12373,63,0
9370,8338,63,0
9371,36020,63,0
9372,31949,63,0
9373,34821,63,0
9374,16924,63,0
9375,20582,63,0
9376,31387,63,0
9377,42138,63,0
9378,13969,63,0
9379,14946,63,0
9380,24927,63,0
9381,22320,63,0
9382,636,63,0
9383,7604,63,0
9384,48545,63,0
9385,6889,63,0
9386,365,63,0
9387,46683,63,0
9388,525,63,0
9389,21449,63,0
9390,19930,63,0
9391,29248,63,0
9392,2440,63,0
9393,35059,63,0
9394,29220,63,0
9395,30301,63,0
9396,36025,63,0
9397,7513,63,0
9398,23787,63,0
9399,20705,63,0
9400,42996,63,0
9401,14389,63,0
9402,21700,63,0
9403,22924,63,0
9404,13156,63,0
9405,23780,63,0
9406,18481,63,0
9407,38099,63,0
9408,18892,63,0
9409,22805,63,0
9410,47606,63,0
9411,10486,63,0
9412,1747,63,0
9413,29561,63,0
9414,21546,63,0
9415,41191,63,0
9416,33778,63,0
9417,4310,63,0
9418,33152,63,0
9419,35675,63,0
9420,12257,63,0
9421,26784,63,0
9422,10539,63,0
9423,9003,63,0
9424,20721,63,0
9425,45459,63,0
9426,1780,63,0
9427,29339,63,0
9428,38925,63,0
9429,5745,63,0
9430,21360,63,0
9431,10247,63,0
9432,4948,63,0
9433,41258,63,0
9434,46884,63,0
9435,34325,63,0
9436,24504,63,0
9437,6144,63,0
9438,4967,63,0
9439,31028,63,0
9440,34100,63,0
9441,47804,63,0
9442,33617,63,0
9443,48530,63,0
9444,2221,63,0
9445,2192,63,0
9446,23260,63,0
9447,25236,63,0
9448,10513,63,0
9449,43313,63,0
9450,31936,63,0
9451,4289,63,0
9452,29511,63,0
9453,27151,63,0
9454,36117,63,0
9455,27567,63,0
9456,39331,63,0
9457,10417,63,0
9458,30443,63,0
9459,6853,63,0
9460,23014,63,0
9461,13185,63,0
9462,13455,63,0
9463,21922,63,0
9464,5330,63,0
9465,9087,63,0
9466,7584,63,0
9467,8266,63,0
9468,26880,63,0
9469,21119,63,0
9470,21687,63,0
9471,46109,63,0
9472,17939,63,0
9473,38105,63,0
9474,3154,63,0
9475,46522,63,0
9476,9399,63,0
9477,48494,63,0
9478,34350,63,0
9479,16945,63,0
9480,36141,63,0
9481,13759,63,0
9482,11493,63,0
9483,16516,63,0
9484,10554,63,0
9485,14936,63,0
9486,22321,63,0
9487,40319,63,0
9488,32931,63,0
9489,29534,63,0
9490,19984,63,0
9491,46758,63,0
9492,26719,63,0
9493,4480,63,0
9494,986,63,0
9495,2762,63,0
9496,13781,63,0
9497,45424,63,0
9498,26490,63,0
9499,31027,63,0
9500,8586,63,0
9501,10677,63,0
9502,23824,63,0
9503,26629,63,0
9504,31889,63,0
9505,37722,63,0
9506,49409,63,0
9507,48695,63,0
9508,50649,63,0
9509,26045,63,0
9510,10748,63,0
9511,13913,63,0
9512,32751,63,0
9513,11364,63,0
9514,26690,63,0
9515,45719,63,0
9516,24799,63,0
9517,32996,63,0
9518,30883,63,0
9519,46319,63,0
9520,1745,63,0
9521,39671,63,0
9522,34213,63,0
9523,11329,63,0
9524,44787,63,0
9525,23222,63,0
9526,28644,63,0
9527,14100,63,0
9528,17378,63,0
9529,39120,63,0
9530,4125,63,0
9531,41138,63,0
9532,25401,63,0
9533,40733,63,0
9534,20617,63,0
9535,15108,63,0
9536,26816,63,0
9537,31544,63,0
9538,47322,63,0
9539,37469,63,0
9540,21359,63,0
9541,34368,63,0
9542,28778,63,0
9543,38883,63,0
9544,13201,63,0
9545,12873,63,0
9546,5456,63,0
9547,13063,63,0
9548,16566,63,0
9549,19881,63,0
9550,31388,63,0
9551,9289,63,0
9552,13411,63,0
9553,18526,63,0
9554,21817,63,0
9555,44951,63,0
9556,21032,63,0
9557,30837,63,0
9558,19855,63,0
9559,38084,63,0
9560,5278,63,0
9561,11761,63,0
9562,14489,63,0
9563,3493,63,0
9564,19983,63,0
9565,26803,63,0
9566,35944,63,0
9567,42131,63,0
9568,949,63,0
9569,15551,63,0
9570,10984,63,0
9571,10682,63,0
9572,17953,63,0
9573,34864,63,0
9574,35759,63,0
9575,14679,63,0
9576,1795,63,0
9577,33764,63,0
9578,16386,63,0
9579,26854,63,0
9580,50518,63,0
9581,32531,63,0
9582,23048,63,0
9583,23899,63,0
9584,14585,63,0
9585,43037,63,0
9586,1268,63,0
9587,27061,63,0
9588,48060,63,0
9589,16546,63,0
9590,15144,63,0
9591,16927,63,0
9592,366,63,0
9593,11855,63,0
9594,45890,63,0
9595,41987,63,0
9596,48021,63,0
9597,8461,63,0
9598,3767,63,0
9599,20431,63,0
9600,9899,63,0
9601,48921,63,0
9602,27165,63,0
9603,28173,63,0
9604,16354,63,0
9605,45373,63,0
9606,20779,63,0
9607,16935,63,0
9608,22912,63,0
9609,20618,63,0
9610,43819,63,0
9611,50232,63,0
9612,16796,63,0
9613,11092,63,0
9614,47765,63,0
9615,15600,63,0
9616,9045,63,0
9617,35905,63,0
9618,13324,63,0
9619,21106,63,0
9620,36624,63,0
9621,39664,63,0
9622,25167,63,0
9623,3237,63,0
9624,28904,63,0
9625,30595,63,0
9626,26856,63,0
9627,20703,63,0
9628,3713,63,0
9629,49244,63,0
9630,33328,63,0
9631,49224,63,0
9632,48119,63,0
9633,1407,63,0
9634,22164,63,0
9635,11628,63,0
9636,23413,63,0
9637,33040,63,0
9638,33320,63,0
9639,432,63,0
9640,9253,63,0
9641,9928,63,0
9642,45574,63,0
9643,6487,63,0
9644,49850,63,0
9645,37479,63,0
9646,13105,63,0
9647,11221,63,0
9648,38984,63,0
9649,6496,63,0
9650,45056,63,0
9651,28945,63,0
9652,45245,63,0
9653,22076,63,0
9654,41922,63,0
9655,41182,63,0
9656,18543,63,0
9657,5605,63,0
9658,29840,63,0
9659,47076,63,0
9660,33453,63,0
9661,504,63,0
9662,48213,63,0
9663,26787,63,0
9664,22839,63,0
9665,50428,63,0
9666,20856,63,0
9667,32960,63,0
9668,8438,63,0
9669,18549,63,0
9670,17452,63,0
9671,23321,63,0
9672,998,63,0
9673,46436,63,0
9674,8661,63,0
9675,47692,63,0
9676,11040,63,0
9677,31500,63,0
9678,39783,63,0
9679,3008,63,0
9680,4158,63,0
9681,11692,63,0
9682,13366,63,0
9683,41908,63,0
9684,43855,63,0
9685,2338,63,0
9686,11083,63,0
9687,41572,63,0
9688,8114,63,0
9689,15907,63,0
9690,30511,63,0
9691,24424,63,0
9692,21458,63,0
9693,21260,63,0
9694,5591,63,0
9695,35294,63,0
9696,17849,63,0
9697,39368,63,0
9698,7663,63,0
9699,40844,63,0
9700,13573,63,0
9701,17757,63,0
9702,11317,63,0
9703,30963,63,0
9704,16305,63,0
9705,43575,63,0
9706,28809,63,0
9707,32603,63,0
9708,37184,63,0
9709,48776,63,0
9710,19379,63,0
9711,15973,63,0
9712,11980,63,0
9713,26431,63,0
9714,37081,63,0
9715,37631,63,0
9716,50483,63,0
9717,31733,63,0
9718,12982,63,0
9719,1511,63,0
9720,8060,63,0
9721,6902,63,0
9722,31527,63,0
9723,18385,63,0
9724,47799,63,0
9725,19158,63,0
9726,19866,63,0
9727,13437,63,0
9728,26638,63,0
9729,15526,63,0
9730,8451,63,0
9731,14845,63,0
9732,17834,63,0
9733,37,63,0
9734,4726,63,0
9735,35465,63,0
9736,10678,63,0
9737,49332,63,0
9738,20234,63,0
9739,23565,63,0
9740,14190,63,0
9741,5463,63,0
9742,23174,63,0
9743,50866,63,0
9744,5838,63,0
9745,22944,63,0
9746,39324,63,0
9747,36399,63,0
9748,41397,63,0
9749,13423,63,0
9750,49875,63,0
9751,32821,63,0
9752,17935,63,0
9753,25451,63,0
9754,43713,63,0
9755,29909,63,0
9756,45754,63,0
9757,27975,63,0
9758,49933,63,0
9759,18179,63,0
9760,49934,63,0
9761,1769,63,0
9762,24858,63,0
9763,25162,63,0
9764,11635,63,0
9765,10391,63,0
9766,11000,63,0
9767,43756,63,0
9768,34320,63,0
9769,12884,63,0
9770,16395,63,0
9771,7311,63,0
9772,21083,63,0
9773,46703,63,0
9774,30499,63,0
9775,18530,63,0
9776,33751,63,0
9777,36579,63,0
9778,28913,63,0
9779,50733,63,0
9780,30152,63,0
9781,23927,63,0
9782,35377,63,0
9783,11148,63,0
9784,47681,63,0
9785,35852,63,0
9786,31818,63,0
9787,40015,63,0
9788,33976,63,0
9789,33602,63,0
9790,46565,63,0
9791,1656,63,0
9792,20115,63,0
9793,27307,63,0
9794,6338,63,0
9795,757,63,0
9796,14697,63,0
9797,34195,63,0
9798,44805,63,0
9799,26141,63,0
9800,14161,63,0
9801,20517,63,0
9802,49235,63,0
9803,32341,63,0
9804,27339,63,0
9805,42766,63,0
9806,48034,63,0
9807,49241,63,0
9808,25967,63,0
9809,41179,63,0
9810,14322,63,0
9811,10230,63,0
9812,18144,63,0
9813,20606,63,0
9814,36436,63,0
9815,15090,63,0
9816,28567,63,0
9817,19375,63,0
9818,30196,63,0
9819,12647,63,0
9820,41018,63,0
9821,14517,63,0
9822,31269,63,0
9823,38686,63,0
9824,18982,63,0
9825,48813,63,0
9826,38306,63,0
9827,33567,63,0
9828,4589,63,0
9829,15248,63,0
9830,32402,63,0
9831,16712,63,0
9832,13148,63,0
9833,34090,63,0
9834,29421,63,0
9835,8210,63,0
9836,271,63,0
9837,33079,63,0
9838,46175,63,0
9839,3230,63,0
9840,37510,63,0
9841,39225,63,0
9842,15163,63,0
9843,11243,63,0
9844,13619,63,0
9845,14197,63,0
9846,27840,63,0
9847,34238,63,0
9848,37515,63,0
9849,5519,63,0
9850,34916,63,0
9851,18412,63,0
9852,4985,63,0
9853,43949,63,0
9854,18930,63,0
9855,12746,63,0
9856,50736,63,0
9857,31558,63,0
9858,50286,63,0
9859,14879,63,0
9860,33502,63,0
9861,12914,63,0
9862,2114,63,0
9863,14076,63,0
9864,47605,63,0
9865,49226,63,0
9866,17263,63,0
9867,151,63,0
9868,20605,63,0
9869,46337,63,0
9870,47786,63,0
9871,35249,63,0
9872,1693,63,0
9873,36704,63,0
9874,8100,63,0
9875,40814,63,0
9876,5512,63,0
9877,29171,63,0
9878,5957,63,0
9879,15516,63,0
9880,30844,63,0
9881,5226,63,0
9882,16066,63,0
9883,40724,63,0
9884,17068,63,0
9885,32097,63,0
9886,1187,63,0
9887,24025,63,0
9888,48333,63,0
9889,19262,63,0
9890,43136,63,0
9891,34830,63,0
9892,39319,63,0
9893,4309,63,0
9894,19575,63,0
9895,31414,63,0
9896,4979,63,0
9897,25963,63,0
9898,9563,63,0
9899,24084,63,0
9900,29452,63,0
9901,11381,63,0
9902,31724,63,0
9903,34220,63,0
9904,45821,63,0
9905,31276,63,0
9906,10481,63,0
9907,3793,63,0
9908,34686,63,0
9909,33336,63,0
9910,15547,63,0
9911,3167,63,0
9912,37552,63,0
9913,49410,63,0
9914,26016,63,0
9915,10372,63,0
9916,31277,63,0
9917,31680,63,0
9918,30723,63,0
9919,35384,63,0
9920,41247,63,0
9921,18814,63,0
9922,48713,63,0
9923,36256,63,0
9924,24322,63,0
9925,11620,63,0
9926,13484,63,0
9927,18671,63,0
9928,41346,63,0
9929,48730,63,0
9930,2386,63,0
9931,23703,63,0
9932,46737,63,0
9933,13049,63,0
9934,48738,63,0
9935,48221,63,0
9936,4523,63,0
9937,23985,63,0
9938,47199,63,0
9939,44996,63,0
9940,30215,63,0
9941,23949,63,0
9942,50123,63,0
9943,18221,63,0
9944,48510,63,0
9945,28940,63,0
9946,33639,63,0
9947,5127,63,0
9948,13376,63,0
9949,38146,63,0
9950,43785,63,0
9951,20637,63,0
9952,1612,63,0
9953,20710,63,0
9954,306,63,0
9955,3544,63,0
9956,31986,63,0
9957,20038,63,0
9958,33719,63,0
9959,2379,63,0
9960,30906,63,0
9961,12154,63,0
9962,16639,63,0
9963,33885,63,0
9964,11297,63,0
9965,46075,63,0
9966,33883,63,0
9967,13531,63,0
9968,24678,63,0
9969,3241,63,0
9970,27164,63,0
9971,42022,63,0
9972,30403,63,0
9973,3834,63,0
9974,43955,63,0
9975,12090,63,0
9976,14744,63,0
9977,5816,63,0
9978,6203,63,0
9979,10667,63,0
9980,42776,63,0
9981,94,63,0
9982,50723,63,0
9983,30096,63,0
9984,28038,63,0
9985,26537,63,0
9986,1844,63,0
9987,28202,63,0
9988,3661,63,0
9989,3249,63,0
9990,26993,63,0
9991,15303,63,0
9992,44285,63,0
9993,10063,63,0
9994,49622,63,0
9995,34437,63,0
9996,13919,63,0
9997,758,63,0
9998,35340,63,0
9999,10622,63,0
10000,18940,63,0
10001,49601,63,0
10002,34691,63,0
10003,36193,63,0
10004,1360,63,0
10005,6923,63,0
10006,48373,63,0
10007,2716,63,0
10008,32735,63,0
10009,25676,63,0
10010,4732,63,0
10011,14137,63,0
10012,20010,63,0
10013,48364,63,0
10014,21890,63,0
10015,17688,63,0
10016,9046,63,0
10017,34061,63,0
10018,39977,63,0
10019,40929,63,0
10020,4825,63,0
10021,28881,63,0
10022,27602,63,0
10023,39408,63,0
10024,25777,63,0
10025,27308,63,0
10026,35800,63,0
10027,4094,63,0
10028,3388,63,0
10029,22545,63,0
10030,45241,63,0
10031,30424,63,0
10032,8689,63,0
10033,18463,63,0
10034,7943,63,0
10035,10749,63,0
10036,40339,63,0
10037,30524,63,0
10038,32201,63,0
10039,26123,63,0
10040,21401,63,0
10041,31014,63,0
10042,46235,63,0
10043,2830,63,0
10044,7889,63,0
10045,24874,63,0
10046,12842,63,0
10047,30515,63,0
10048,7967,63,0
10049,20430,63,0
10050,47877,63,0
10051,31937,63,0
10052,1218,63,0
10053,24465,63,0
10054,36585,63,0
10055,18413,63,0
10056,14102,63,0
10057,17441,63,0
10058,31776,63,0
10059,3716,63,0
10060,14981,63,0
10061,24124,63,0
10062,2904,63,0
10063,32442,63,0
10064,686,63,0
10065,39273,63,0
10066,48649,63,0
10067,8040,63,0
10068,44503,63,0
10069,10137,63,0
10070,21139,63,0
10071,32512,63,0
10072,50164,63,0
10073,30504,63,0
10074,44772,63,0
10075,13787,63,0
10076,13851,63,0
10077,50663,63,0
10078,6607,63,0
10079,6212,63,0
10080,1764,63,0
10081,19040,63,0
10082,39924,63,0
10083,17704,63,0
10084,32200,63,0
10085,24320,63,0
10086,40236,63,0
10087,4879,63,0
10088,14180,63,0
10089,14904,63,0
10090,2363,63,0
10091,30483,63,0
10092,30358,63,0
10093,15971,63,0
10094,11679,63,0
10095,32534,63,0
10096,22338,63,0
10097,6712,63,0
10098,32171,63,0
10099,16077,63,0
10100,17236,63,0
10101,2116,63,0
10102,21612,63,0
10103,17255,63,0
10104,24972,63,0
10105,22311,63,0
10106,29181,63,0
10107,20287,63,0
10108,20464,63,0
10109,2051,63,0
10110,28102,63,0
10111,38977,63,0
10112,4427,63,0
10113,24188,63,0
10114,29980,63,0
10115,32966,63,0
10116,36839,63,0
10117,23826,63,0
10118,22125,63,0
10119,32062,63,0
10120,27034,63,0
10121,10488,63,0
10122,35533,63,0
10123,27569,63,0
10124,14752,63,0
10125,15550,63,0
10126,20171,63,0
10127,47051,63,0
10128,34698,63,0
10129,5695,63,0
10130,13008,63,0
10131,13789,63,0
10132,20167,63,0
10133,22925,63,0
10134,44484,63,0
10135,24455,63,0
10136,14432,63,0
10137,46800,63,0
10138,8774,63,0
10139,23471,63,0
10140,32878,63,0
10141,18254,63,0
10142,16741,63,0
10143,47797,63,0
10144,30193,63,0
10145,39254,63,0
10146,35173,63,0
10147,36696,63,0
10148,40848,63,0
10149,1893,63,0
10150,13192,63,0
10151,49765,63,0
10152,5447,63,0
10153,30194,63,0
10154,35185,63,0
10155,27750,63,0
10156,27268,63,0
10157,9554,63,0
10158,24093,63,0
10159,37719,63,0
10160,25976,63,0
10161,32040,63,0
10162,22987,63,0
10163,20341,63,0
10164,42115,63,0
10165,27839,63,0
10166,13990,63,0
10167,2473,63,0
10168,13581,63,0
10169,25449,63,0
10170,8485,63,0
10171,21664,63,0
10172,47136,63,0
10173,16048,63,0
10174,23958,63,0
10175,47430,63,0
10176,19080,63,0
10177,19289,63,0
10178,22448,63,0
10179,47416,63,0
10180,23995,63,0
10181,5372,63,0
10182,22178,63,0
10183,1137,63,0
10184,13535,63,0
10185,26531,63,0
10186,25357,63,0
10187,39568,63,0
10188,17786,63,0
10189,17050,63,0
10190,19496,63,0
10191,29643,63,0
10192,15799,63,0
10193,28586,63,0
10194,43544,63,0
10195,6553,63,0
10196,4637,63,0
10197,13783,63,0
10198,30583,63,0
10199,32501,63,0
10200,14013,63,0
10201,23973,63,0
10202,48559,63,0
10203,50765,63,0
10204,43828,63,0
10205,40050,63,0
10206,49920,63,0
10207,10645,63,0
10208,21104,63,0
10209,48264,63,0
10210,5666,63,0
10211,31627,63,0
10212,44050,63,0
10213,41367,63,0
10214,16641,63,0
10215,12415,63,0
10216,34254,63,0
10217,16586,63,0
10218,14285,63,0
10219,37618,63,0
10220,5458,63,0
10221,31369,63,0
10222,17514,63,0
10223,45092,63,0
10224,26288,63,0
10225,46221,63,0
10226,4260,63,0
10227,44153,63,0
10228,25168,63,0
10229,48974,63,0
10230,12725,63,0
10231,31957,63,0
10232,18741,63,0
10233,39292,63,0
10234,28912,63,0
10235,42800,63,0
10236,48039,63,0
10237,2708,63,0
10238,3346,63,0
10239,35412,63,0
10240,36568,63,0
10241,32797,63,0
10242,47228,63,0
10243,9285,63,0
10244,31798,63,0
10245,29951,63,0
10246,26558,63,0
10247,21460,63,0
10248,24688,63,0
10249,7409,63,0
10250,13157,63,0
10251,19413,63,0
10252,39943,63,0
10253,21423,63,0
10254,34378,63,0
10255,17076,63,0
10256,41561,63,0
10257,32332,63,0
10258,48218,63,0
10259,47074,63,0
10260,35381,63,0
10261,32524,63,0
10262,29335,63,0
10263,5602,63,0
10264,23187,63,0
10265,37239,63,0
10266,2469,63,0
10267,28059,63,0
10268,41250,63,0
10269,46814,63,0
10270,5470,63,0
10271,10635,63,0
10272,30992,63,0
10273,6256,63,0
10274,12753,63,0
10275,32368,63,0
10276,49870,63,0
10277,50708,63,0
10278,9129,63,0
10279,39984,63,0
10280,1707,63,0
10281,39609,63,0
10282,43969,63,0
10283,19381,63,0
10284,44657,63,0
10285,13822,63,0
10286,24088,63,0
10287,21888,63,0
10288,8796,63,0
10289,46664,63,0
10290,18875,63,0
10291,29210,63,0
10292,48511,63,0
10293,31681,63,0
10294,20865,63,0
10295,36012,63,0
10296,34868,63,0
10297,46611,63,0
10298,16122,63,0
10299,17781,63,0
10300,42575,63,0
10301,42990,63,0
10302,2793,63,0
10303,40382,63,0
10304,29231,63,0
10305,48516,63,0
10306,32125,63,0
10307,18866,63,0
10308,49930,63,0
10309,32401,63,0
10310,32479,63,0
10311,32228,63,0
10312,18815,63,0
10313,18555,63,0
10314,30712,63,0
10315,29903,63,0
10316,15929,63,0
10317,32122,63,0
10318,43119,63,0
10319,8541,63,0
10320,49059,63,0
10321,24730,63,0
10322,20484,63,0
10323,30406,63,0
10324,42091,63,0
10325,13107,63,0
10326,32262,63,0
10327,30987,63,0
10328,38742,63,0
10329,31518,63,0
10330,50284,63,0
10331,32,63,0
10332,10809,63,0
10333,40021,63,0
10334,27562,63,0
10335,1203,63,0
10336,21657,63,0
10337,19875,63,0
10338,7651,63,0
10339,50231,63,0
10340,14136,63,0
10341,47987,63,0
10342,6140,63,0
10343,11033,63,0
10344,22148,63,0
10345,38645,63,0
10346,50634,63,0
10347,867,63,0
10348,25296,63,0
10349,23127,63,0
10350,36920,63,0
10351,14282,63,0
10352,40882,63,0
10353,4172,63,0
10354,10977,63,0
10355,13761,63,0
10356,33854,63,0
10357,7481,63,0
10358,16597,63,0
10359,38025,63,0
10360,18677,63,0
10361,47931,63,0
10362,11594,63,0
10363,9586,63,0
10364,34884,63,0
10365,30014,63,0
10366,44164,63,0
10367,38358,63,0
10368,24253,63,0
10369,18177,63,0
10370,18711,63,0
10371,28871,63,0
10372,9188,63,0
10373,6205,63,0
10374,23258,63,0
10375,19676,63,0
10376,47330,63,0
10377,32641,63,0
10378,7885,63,0
10379,31184,63,0
10380,13270,63,0
10381,22436,63,0
10382,23361,63,0
10383,13159,63,0
10384,45089,63,0
10385,30070,63,0
10386,23036,63,0
10387,33561,63,0
10388,27879,63,0
10389,32665,63,0
10390,23288,63,0
10391,48526,63,0
10392,41555,63,0
10393,24131,63,0
10394,45358,63,0
10395,5114,63,0
10396,23947,63,0
10397,22074,63,0
10398,41507,63,0
10399,25724,63,0
10400,49897,63,0
10401,47705,63,0
10402,11516,63,0
10403,10258,63,0
10404,37116,63,0
10405,14043,63,0
10406,18902,63,0
10407,5120,63,0
10408,28527,63,0
10409,33233,63,0
10410,13086,63,0
10411,22786,63,0
10412,5562,63,0
10413,34229,63,0
10414,35559,63,0
10415,46935,63,0
10416,19244,63,0
10417,50692,63,0
10418,2962,63,0
10419,36311,63,0
10420,29213,63,0
10421,12520,63,0
10422,31775,63,0
10423,25849,63,0
10424,38170,63,0
10425,48361,63,0
10426,7306,63,0
10427,36310,63,0
10428,30542,63,0
10429,39614,63,0
10430,32608,63,0
10431,40076,63,0
10432,47986,63,0
10433,13426,63,0
10434,17650,63,0
10435,47113,63,0
10436,37084,63,0
10437,29489,63,0
10438,45316,63,0
10439,34393,63,0
10440,22100,63,0
10441,32814,63,0
10442,6516,63,0
10443,12008,63,0
10444,31658,63,0
10445,47070,63,0
10446,23002,63,0
10447,16694,63,0
10448,20288,63,0
10449,40960,63,0
10450,14964,63,0
10451,15464,63,0
10452,46874,63,0
10453,27717,63,0
10454,10633,63,0
10455,22337,63,0
10456,16939,63,0
10457,32176,63,0
10458,14408,63,0
10459,30539,63,0
10460,3606,63,0
10461,29373,63,0
10462,49024,63,0
10463,49435,63,0
10464,35101,63,0
10465,33153,63,0
10466,18480,63,0
10467,35916,63,0
10468,35019,63,0
10469,49465,63,0
10470,19622,63,0
10471,413,63,0
10472,35445,63,0
10473,21646,63,0
10474,34518,63,0
10475,811,63,0
10476,34590,63,0
10477,32304,63,0
10478,43712,63,0
10479,7232,63,0
10480,16040,63,0
10481,3352,63,0
10482,3925,63,0
10483,36679,63,0
10484,19591,63,0
10485,41638,63,0
10486,31822,63,0
10487,30479,63,0
10488,6122,63,0
10489,10637,63,0
10490,26692,63,0
10491,48767,63,0
10492,42012,63,0
10493,24375,63,0
10494,39743,63,0
10495,30657,63,0
10496,36319,63,0
10497,25904,63,0
10498,21043,63,0
10499,25574,63,0
10500,29819,63,0
10501,21762,63,0
10502,47130,63,0
10503,32680,63,0
10504,3303,63,0
10505,2667,63,0
10506,25592,63,0
10507,30608,63,0
10508,32516,63,0
10509,10268,63,0
10510,2162,63,0
10511,30952,63,0
10512,47638,63,0
10513,49427,63,0
10514,19861,63,0
10515,14149,63,0
10516,19241,63,0
10517,32367,63,0
10518,48419,63,0
10519,12448,63,0
10520,2109,63,0
10521,20803,63,0
10522,17761,63,0
10523,11526,63,0
10524,45164,63,0
10525,47429,63,0
10526,30977,63,0
10527,50189,63,0
10528,9033,63,0
10529,24903,63,0
10530,21547,63,0
10531,9111,63,0
10532,15856,63,0
10533,7942,63,0
10534,33798,63,0
10535,37022,63,0
10536,11018,63,0
10537,15955,63,0
10538,42792,63,0
10539,8141,63,0
10540,17221,63,0
10541,15309,63,0
10542,8235,63,0
10543,17330,63,0
10544,50559,63,0
10545,44155,63,0
10546,39604,63,0
10547,16591,63,0
10548,48318,63,0
10549,6504,63,0
10550,21286,63,0
10551,37140,63,0
10552,16475,63,0
10553,26548,63,0
10554,29501,63,0
10555,39566,63,0
10556,15561,63,0
10557,21197,63,0
10558,28475,63,0
10559,35540,63,0
10560,36828,63,0
10561,2726,63,0
10562,21489,63,0
10563,5833,63,0
10564,34932,63,0
10565,6515,63,0
10566,46801,63,0
10567,48117,63,0
10568,26278,63,0
10569,42320,63,0
10570,50704,63,0
10571,32390,63,0
10572,29990,63,0
10573,48777,63,0
10574,23774,63,0
10575,37040,63,0
10576,11102,63,0
10577,30967,63,0
10578,15703,63,0
10579,6201,63,0
10580,38079,63,0
10581,8876,63,0
10582,47653,63,0
10583,22208,63,0
10584,31048,63,0
10585,50400,63,0
10586,22039,63,0
10587,13541,63,0
10588,4441,63,0
10589,1611,63,0
10590,25738,63,0
10591,33452,63,0
10592,21800,63,0
10593,3757,63,0
10594,40381,63,0
10595,47235,63,0
10596,14844,63,0
10597,33060,63,0
10598,16519,63,0
10599,3255,63,0
10600,38579,63,0
10601,31318,63,0
10602,41299,63,0
10603,50592,63,0
10604,34805,63,0
10605,20501,63,0
10606,48709,63,0
10607,5280,63,0
10608,27993,63,0
10609,24166,63,0
10610,12526,63,0
10611,30337,63,0
10612,2424,63,0
10613,9478,63,0
10614,27149,63,0
10615,45227,63,0
10616,7628,63,0
10617,14948,63,0
10618,13897,63,0
10619,43930,63,0
10620,262,63,0
10621,43689,63,0
10622,45980,63,0
10623,19970,63,0
10624,18643,63,0
10625,43964,63,0
10626,18074,63,0
10627,4005,63,0
10628,15834,63,0
10629,47694,63,0
10630,34370,63,0
10631,28460,63,0
10632,36112,63,0
10633,46237,63,0
10634,14688,63,0
10635,37761,63,0
10636,19635,63,0
10637,41647,63,0
10638,9898,63,0
10639,45034,63,0
10640,37299,63,0
10641,18488,63,0
10642,35942,63,0
10643,26847,63,0
10644,4625,63,0
10645,11358,63,0
10646,19808,63,0
10647,36682,63,0
10648,50605,63,0
10649,27102,63,0
10650,36129,63,0
10651,23823,63,0
10652,26436,63,0
10653,1995,63,0
10654,32173,63,0
10655,38287,63,0
10656,38077,63,0
10657,17737,63,0
10658,9036,63,0
10659,12854,63,0
10660,32503,63,0
10661,27781,63,0
10662,3734,63,0
10663,49656,63,0
10664,37086,63,0
10665,14277,63,0
10666,8994,63,0
10667,16201,63,0
10668,31902,63,0
10669,42847,63,0
10670,35353,63,0
10671,48839,63,0
10672,15924,63,0
10673,47713,63,0
10674,32970,63,0
10675,28134,63,0
10676,29507,63,0
10677,37356,63,0
10678,22673,63,0
10679,17039,63,0
10680,29019,63,0
10681,5790,63,0
10682,12449,63,0
10683,34606,63,0
10684,5812,63,0
10685,30703,63,0
10686,29407,63,0
10687,36996,63,0
10688,29420,63,0
10689,39669,63,0
10690,40981,63,0
10691,11497,63,0
10692,24015,63,0
10693,29071,63,0
10694,11328,63,0
10695,37975,63,0
10696,4841,63,0
10697,8256,63,0
10698,6084,63,0
10699,17990,63,0
10700,40334,63,0
10701,13088,63,0
10702,14275,63,0
10703,32019,63,0
10704,20279,63,0
10705,13413,63,0
10706,6495,63,0
10707,4728,63,0
10708,463,63,0
10709,23670,63,0
10710,3627,63,0
10711,19334,63,0
10712,47307,63,0
10713,4464,63,0
10714,29583,63,0
10715,13467,63,0
10716,8880,63,0
10717,5477,63,0
10718,6222,63,0
10719,19151,63,0
10720,41252,63,0
10721,23484,63,0
10722,45152,63,0
10723,5089,63,0
10724,34143,63,0
10725,33130,63,0
10726,50748,63,0
10727,43559,63,0
10728,48195,63,0
10729,805,63,0
10730,2257,63,0
10731,33478,63,0
10732,46864,63,0
10733,166,63,0
10734,32000,63,0
10735,17306,63,0
10736,33218,63,0
10737,24402,63,0
10738,19528,63,0
10739,29677,63,0
10740,34103,63,0
10741,32965,63,0
10742,23153,63,0
10743,50139,63,0
10744,47380,63,0
10745,2188,63,0
10746,45948,63,0
10747,38286,63,0
10748,37893,63,0
10749,10616,63,0
10750,47038,63,0
10751,37782,63,0
10752,214,63,0
10753,39687,63,0
10754,35720,63,0
10755,21345,63,0
10756,20304,63,0
10757,41198,63,0
10758,804,63,0
10759,43672,63,0
10760,44386,63,0
10761,11154,63,0
10762,24759,63,0
10763,32391,63,0
10764,21362,63,0
10765,10789,63,0
10766,24163,63,0
10767,40344,63,0
10768,4711,63,0
10769,4507,63,0
10770,10438,63,0
10771,406,63,0
10772,35992,63,0
10773,25677,63,0
10774,1670,63,0
10775,7365,63,0
10776,20163,63,0
10777,39277,63,0
10778,24095,63,0
10779,19128,63,0
10780,37477,63,0
10781,17660,63,0
10782,47785,63,0
10783,37381,63,0
10784,20935,63,0
10785,22558,63,0
10786,38009,63,0
10787,2276,63,0
10788,9106,63,0
10789,29230,63,0
10790,1088,63,0
10791,23993,63,0
10792,32860,63,0
10793,9439,63,0
10794,35812,63,0
10795,24436,63,0
10796,49907,63,0
10797,21554,63,0
10798,50500,63,0
10799,29995,63,0
10800,4033,63,0
10801,309,63,0
10802,31430,63,0
10803,12053,63,0
10804,42696,63,0
10805,50738,63,0
10806,6457,63,0
10807,25726,63,0
10808,18042,63,0
10809,11063,63,0
10810,953,63,0
10811,13003,63,0
10812,33762,63,0
10813,19081,63,0
10814,8556,63,0
10815,13442,63,0
10816,387,63,0
10817,46423,63,0
10818,34604,63,0
10819,44780,63,0
10820,934,63,0
10821,7828,63,0
10822,10265,63,0
10823,6679,63,0
10824,27654,63,0
10825,12693,63,0
10826,8748,63,0
10827,43048,63,0
10828,19494,63,0
10829,46323,63,0
10830,36019,63,0
10831,2284,63,0
10832,35370,63,0
10833,26057,63,0
10834,2663,63,0
10835,30158,63,0
10836,17822,63,0
10837,44139,63,0
10838,9063,63,0
10839,6600,63,0
10840,29670,63,0
10841,47474,63,0
10842,24047,63,0
10843,3998,63,0
10844,40756,63,0
10845,15529,63,0
10846,48711,63,0
10847,41102,63,0
10848,30115,63,0
10849,30346,63,0
10850,27066,63,0
10851,33381,63,0
10852,27150,63,0
10853,1506,63,0
10854,20702,63,0
10855,37212,63,0
10856,29815,63,0
10857,28039,63,0
10858,45624,63,0
10859,24503,63,0
10860,18416,63,0
10861,2430,63,0
10862,20686,63,0
10863,30355,63,0
10864,23555,63,0
10865,20262,63,0
10866,188,63,0
10867,1485,63,0
10868,34812,63,0
10869,48363,63,0
10870,15285,63,0
10871,30794,63,0
10872,34302,63,0
10873,49881,63,0
10874,29686,63,0
10875,48712,63,0
10876,15776,63,0
10877,10154,63,0
10878,34704,63,0
10879,7332,63,0
10880,14333,63,0
10881,33376,63,0
10882,34730,63,0
10883,20584,63,0
10884,48840,63,0
10885,7791,63,0
10886,47873,63,0
10887,13039,63,0
10888,47227,63,0
10889,33758,63,0
10890,12186,63,0
10891,30239,63,0
10892,17944,63,0
10893,23546,63,0
10894,19840,63,0
10895,35269,63,0
10896,12036,63,0
10897,15541,63,0
10898,11812,63,0
10899,34672,63,0
10900,33664,63,0
10901,26994,63,0
10902,4949,63,0
10903,17478,63,0
10904,33587,63,0
10905,34228,63,0
10906,33128,63,0
10907,23107,63,0
10908,5623,63,0
10909,9774,63,0
10910,31664,63,0
10911,30832,63,0
10912,15456,63,0
10913,22190,63,0
10914,24473,63,0
10915,48048,63,0
10916,3932,63,0
10917,41324,63,0
10918,9443,63,0
10919,2596,63,0
10920,16015,63,0
10921,29424,63,0
10922,9454,63,0
10923,29921,63,0
10924,8088,63,0
10925,29262,63,0
10926,40168,63,0
10927,17618,63,0
10928,39166,63,0
10929,3911,63,0
10930,32413,63,0
10931,34087,63,0
10932,8436,63,0
10933,5102,63,0
10934,5013,63,0
10935,30619,63,0
10936,26871,63,0
10937,40568,63,0
10938,33738,63,0
10939,6557,63,0
10940,26246,63,0
10941,31772,63,0
10942,48286,63,0
10943,19649,63,0
10944,39753,63,0
10945,32591,63,0
10946,11339,63,0
10947,22191,63,0
10948,47832,63,0
10949,23711,63,0
10950,8912,63,0
10951,20882,63,0
10952,16130,63,0
10953,47678,63,0
10954,48332,63,0
10955,30359,63,0
10956,48393,63,0
10957,43814,63,0
10958,48980,63,0
10959,49683,63,0
10960,28633,63,0
10961,50262,63,0
10962,30888,63,0
10963,14807,63,0
10964,49976,63,0
10965,13370,63,0
10966,14762,63,0
10967,29188,63,0
10968,18432,63,0
10969,44617,63,0
10970,1173,63,0
10971,4808,63,0
10972,30741,63,0
10973,32266,63,0
10974,4807,63,0
10975,19253,63,0
10976,33511,63,0
10977,2718,63,0
10978,23102,63,0
10979,2935,63,0
10980,27769,63,0
10981,2107,63,0
10982,16423,63,0
10983,46213,63,0
10984,33465,63,0
10985,38398,63,0
10986,16602,63,0
10987,40958,63,0
10988,34756,63,0
10989,23274,63,0
10990,27588,63,0
10991,28474,63,0
10992,24091,63,0
10993,20118,63,0
10994,23827,63,0
10995,45856,63,0
10996,49139,63,0
10997,33371,63,0
10998,14967,63,0
10999,24307,63,0
11000,42654,63,0
11001,3805,63,0
11002,1266,63,0
11003,42825,63,0
11004,2281,63,0
11005,44195,63,0
11006,487,63,0
11007,33889,63,0
11008,9489,63,0
11009,18812,63,0
11010,37250,63,0
11011,20268,63,0
11012,21148,63,0
11013,18022,63,0
11014,38778,63,0
11015,44867,63,0
11016,33807,63,0
11017,34509,63,0
11018,33880,63,0
11019,49419,63,0
11020,69,63,0
11021,41918,63,0
11022,17437,63,0
11023,1273,63,0
11024,15724,63,0
11025,33392,63,0
11026,28680,63,0
11027,33094,63,0
11028,47168,63,0
11029,38796,63,0
11030,26613,63,0
11031,19926,63,0
11032,45197,63,0
11033,39460,63,0
11034,22715,63,0
11035,18920,63,0
11036,32252,63,0
11037,22622,63,0
11038,32935,63,0
11039,6017,63,0
11040,30628,63,0
11041,13663,63,0
11042,45157,63,0
11043,48190,63,0
11044,32691,63,0
11045,3061,63,0
11046,25100,63,0
11047,38053,63,0
11048,31443,63,0
11049,35981,63,0
11050,10064,63,0
11051,9301,63,0
11052,14488,63,0
11053,32557,63,0
11054,47454,63,0
11055,13741,63,0
11056,18544,63,0
11057,305,63,0
11058,35480,63,0
11059,21156,63,0
11060,4876,63,0
11061,22836,63,0
11062,478,63,0
11063,30826,63,0
11064,41652,63,0
11065,8746,63,0
11066,46866,63,0
11067,41197,63,0
11068,35706,63,0
11069,30914,63,0
11070,49914,63,0
11071,43003,63,0
11072,5856,63,0
11073,6025,63,0
11074,22029,63,0
11075,44803,63,0
11076,29380,63,0
11077,38095,63,0
11078,14903,63,0
11079,26858,63,0
11080,14801,63,0
11081,41452,63,0
11082,44083,63,0
11083,29537,63,0
11084,22940,63,0
11085,28643,63,0
11086,17694,63,0
11087,5737,63,0
11088,11668,63,0
11089,26882,63,0
11090,10122,63,0
11091,20478,63,0
11092,1579,63,0
11093,39633,63,0
11094,45408,63,0
11095,29698,63,0
11096,49454,63,0
11097,5461,63,0
11098,22766,63,0
11099,17389,63,0
11100,18099,63,0
11101,7537,63,0
11102,21821,63,0
11103,28772,63,0
11104,47788,63,0
11105,10859,63,0
11106,43609,63,0
11107,45588,63,0
11108,10252,63,0
11109,797,63,0
11110,25778,63,0
11111,14312,63,0
11112,15415,63,0
11113,1096,63,0
11114,44493,63,0
11115,8276,63,0
11116,3636,63,0
11117,31922,63,0
11118,47683,63,0
11119,24275,63,0
11120,36275,63,0
11121,5054,63,0
11122,3472,63,0
11123,10654,63,0
11124,49607,63,0
11125,23922,63,0
11126,1176,63,0
11127,20901,63,0
11128,14848,63,0
11129,48672,63,0
11130,18498,63,0
11131,17434,63,0
11132,40812,63,0
11133,7743,63,0
11134,13962,63,0
11135,37896,63,0
11136,9257,63,0
11137,24315,63,0
11138,14469,63,0
11139,11942,63,0
11140,3570,63,0
11141,22075,63,0
11142,32526,63,0
11143,48830,63,0
11144,18337,63,0
11145,31924,63,0
11146,30118,63,0
11147,4219,63,0
11148,22081,63,0
11149,6070,63,0
11150,10383,63,0
11151,3774,63,0
11152,11871,63,0
11153,32762,63,0
11154,30470,63,0
11155,23080,63,0
11156,15050,63,0
11157,22813,63,0
11158,32061,63,0
11159,3719,63,0
11160,28914,63,0
11161,19685,63,0
11162,46052,63,0
11163,29527,63,0
11164,39256,63,0
11165,5135,63,0
11166,6530,63,0
11167,3630,63,0
11168,22186,63,0
11169,22776,63,0
11170,32131,63,0
11171,18292,63,0
11172,5039,63,0
11173,39522,63,0
11174,10950,63,0
11175,6088,63,0
11176,7824,63,0
11177,44961,63,0
11178,45077,63,0
11179,47624,63,0
11180,19070,63,0
11181,46164,63,0
11182,13546,63,0
11183,33231,63,0
11184,24953,63,0
11185,19129,63,0
11186,18781,63,0
11187,33378,63,0
11188,23347,63,0
11189,45489,63,0
11190,31244,63,0
11191,26796,63,0
11192,31756,63,0
11193,4555,63,0
11194,27141,63,0
11195,15035,63,0
11196,26471,63,0
11197,19557,63,0
11198,22218,63,0
11199,17895,63,0
11200,21682,63,0
11201,3175,63,0
11202,33499,63,0
11203,9735,63,0
11204,30375,63,0
11205,23512,63,0
11206,41823,63,0
11207,31884,63,0
11208,2482,63,0
11209,43304,63,0
11210,24442,63,0
11211,31570,63,0
11212,12700,63,0
11213,23850,63,0
11214,731,63,0
11215,22409,63,0
11216,2700,63,0
11217,1715,63,0
11218,28338,63,0
11219,48719,63,0
11220,33794,63,0
11221,24435,63,0
11222,16656,63,0
11223,22449,63,0
11224,21656,63,0
11225,9913,63,0
11226,16205,63,0
11227,10584,63,0
11228,20153,63,0
11229,10902,63,0
11230,7964,63,0
11231,41575,63,0
11232,8755,63,0
11233,14693,63,0
11234,16967,63,0
11235,14252,63,0
11236,36688,63,0
11237,25183,63,0
11238,16007,63,0
11239,6199,63,0
11240,5769,63,0
11241,32788,63,0
11242,778,63,0
11243,11830,63,0
11244,36430,63,0
11245,31668,63,0
11246,20324,63,0
11247,27507,63,0
11248,8061,63,0
11249,4411,63,0
11250,23470,63,0
11251,10285,63,0
11252,40160,63,0
11253,4690,63,0
11254,17614,63,0
11255,12938,63,0
11256,32480,63,0
11257,38619,63,0
11258,29807,63,0
11259,41480,63,0
11260,41392,63,0
11261,33859,63,0
11262,35141,63,0
11263,33490,63,0
11264,42746,63,0
11265,35295,63,0
11266,21284,63,0
11267,3893,63,0
11268,40237,63,0
11269,46137,63,0
11270,21223,63,0
11271,3092,63,0
11272,49299,63,0
11273,33686,63,0
11274,49791,63,0
11275,5522,63,0
11276,24129,63,0
11277,34748,63,0
11278,18239,63,0
11279,15808,63,0
11280,30416,63,0
11281,13130,63,0
11282,10735,63,0
11283,9340,63,0
11284,23323,63,0
11285,22779,63,0
11286,23748,63,0
11287,35099,63,0
11288,47097,63,0
11289,48230,63,0
11290,15854,63,0
11291,30784,63,0
11292,23506,63,0
11293,5585,63,0
11294,35597,63,0
11295,37542,63,0
11296,41005,63,0
11297,24242,63,0
11298,990,63,0
11299,3903,63,0
11300,39692,63,0
11301,39723,63,0
11302,19999,63,0
11303,11280,63,0
11304,13247,63,0
11305,29041,63,0
11306,2138,63,0
11307,23586,63,0
11308,50379,63,0
11309,27443,63,0
11310,3354,63,0
11311,2260,63,0
11312,47448,63,0
11313,30123,63,0
11314,41852,63,0
11315,50521,63,0
11316,40655,63,0
11317,4000,63,0
11318,27124,63,0
11319,20915,63,0
11320,9498,63,0
11321,45273,63,0
11322,16292,63,0
11323,18758,63,0
11324,34779,63,0
11325,3725,63,0
11326,29458,63,0
11327,434,63,0
11328,28991,63,0
11329,24725,63,0
11330,41996,63,0
11331,17005,63,0
11332,34885,63,0
11333,48177,63,0
11334,18551,63,0
11335,38131,63,0
11336,37480,63,0
11337,28555,63,0
11338,28265,63,0
11339,36260,63,0
11340,3121,63,0
11341,33869,63,0
11342,21512,63,0
11343,47392,63,0
11344,8037,63,0
11345,15100,63,0
11346,39115,63,0
11347,16089,63,0
11348,11749,63,0
11349,16553,63,0
11350,6806,63,0
11351,33894,63,0
11352,5901,63,0
11353,599,63,0
11354,13798,63,0
11355,20797,63,0
11356,38581,63,0
11357,37795,63,0
11358,8369,63,0
11359,43858,63,0
11360,23767,63,0
11361,30365,63,0
11362,49792,63,0
11363,38067,63,0
11364,21326,63,0
11365,24952,63,0
11366,3791,63,0
11367,11139,63,0
11368,35648,63,0
11369,21701,63,0
11370,3531,63,0
11371,19357,63,0
11372,24238,63,0
11373,20619,63,0
11374,29720,63,0
11375,50690,63,0
11376,18419,63,0
11377,17639,63,0
11378,24416,63,0
11379,22410,63,0
11380,2563,63,0
11381,28513,63,0
11382,48508,63,0
11383,27954,63,0
11384,10820,63,0
11385,26876,63,0
11386,13953,63,0
11387,6763,63,0
11388,31762,63,0
11389,35138,63,0
11390,16962,63,0
11391,17310,63,0
11392,9004,63,0
11393,33952,63,0
11394,10267,63,0
11395,34881,63,0
11396,24148,63,0
11397,8095,63,0
11398,27833,63,0
11399,10121,63,0
11400,35424,63,0
11401,15460,63,0
11402,5446,63,0
11403,46906,63,0
11404,37423,63,0
11405,17272,63,0
11406,50176,63,0
11407,6624,63,0
11408,3368,63,0
11409,30367,63,0
11410,9208,63,0
11411,42722,63,0
11412,1397,63,0
11413,21908,63,0
11414,8500,63,0
11415,17017,63,0
11416,939,63,0
11417,47206,63,0
11418,38325,63,0
11419,20066,63,0
11420,6013,63,0
11421,24491,63,0
11422,46799,63,0
11423,6765,63,0
11424,47376,63,0
11425,13198,63,0
11426,30897,63,0
11427,32977,63,0
11428,16689,63,0
11429,16158,63,0
11430,22112,63,0
11431,29515,63,0
11432,44885,63,0
11433,2951,63,0
11434,49630,63,0
11435,23870,63,0
11436,6966,63,0
11437,37192,63,0
11438,21731,63,0
11439,22281,63,0
11440,34416,63,0
11441,17577,63,0
11442,27080,63,0
11443,16445,63,0
11444,14564,63,0
11445,12336,63,0
11446,39158,63,0
11447,13586,63,0
11448,29015,63,0
11449,50177,63,0
11450,7071,63,0
11451,27053,63,0
11452,2106,63,0
11453,3887,63,0
11454,26276,63,0
11455,48077,63,0
11456,1146,63,0
11457,2182,63,0
11458,2750,63,0
11459,26524,63,0
11460,31391,63,0
11461,6053,63,0
11462,30543,63,0
11463,47985,63,0
11464,23024,63,0
11465,3691,63,0
11466,4469,63,0
11467,14558,63,0
11468,43866,63,0
11469,46831,63,0
11470,17399,63,0
11471,31966,63,0
11472,20312,63,0
11473,4531,63,0
11474,25106,63,0
11475,3899,63,0
11476,18783,63,0
11477,7735,63,0
11478,22301,63,0
11479,14311,63,0
11480,24108,63,0
11481,35731,63,0
11482,33484,63,0
11483,15450,63,0
11484,9225,63,0
11485,50689,63,0
11486,10251,63,0
11487,50300,63,0
11488,28155,63,0
11489,9009,63,0
11490,1519,63,0
11491,47768,63,0
11492,27644,63,0
11493,47261,63,0
11494,29148,63,0
11495,48411,63,0
11496,12388,63,0
11497,22991,63,0
11498,40928,63,0
11499,23229,63,0
11500,14007,63,0
11501,8707,63,0
11502,19463,63,0
11503,600,63,0
11504,7525,63,0
11505,21959,63,0
11506,27485,63,0
11507,50826,63,0
11508,27264,63,0
11509,17100,63,0
11510,36721,63,0
11511,18723,63,0
11512,19114,63,0
11513,25113,63,0
11514,31417,63,0
11515,8764,63,0
11516,11600,63,0
11517,46126,63,0
11518,47156,63,0
11519,11158,63,0
11520,26268,63,0
11521,7811,63,0
11522,514,63,0
11523,30904,63,0
11524,49942,63,0
11525,5712,63,0
11526,12081,63,0
11527,13860,63,0
11528,50253,63,0
11529,2267,63,0
11530,32699,63,0
11531,34763,63,0
11532,6465,63,0
11533,26578,63,0
11534,15783,63,0
11535,23081,63,0
11536,3158,63,0
11537,49892,63,0
11538,3182,63,0
11539,46342,63,0
11540,26182,63,0
11541,41941,63,0
11542,32793,63,0
11543,33251,63,0
11544,48643,63,0
11545,43533,63,0
11546,29249,63,0
11547,10687,63,0
11548,41883,63,0
11549,46048,63,0
11550,18647,63,0
11551,24593,63,0
11552,38294,63,0
11553,23760,63,0
11554,42395,63,0
11555,19474,63,0
11556,27265,63,0
11557,17777,63,0
11558,48569,63,0
11559,42401,63,0
11560,33313,63,0
11561,624,63,0
11562,36371,63,0
11563,26156,63,0
11564,32333,63,0
11565,13382,63,0
11566,26913,63,0
11567,10758,63,0
11568,5521,63,0
11569,24441,63,0
11570,32441,63,0
11571,3528,63,0
11572,29726,63,0
11573,2637,63,0
11574,42816,63,0
11575,25376,63,0
11576,41940,63,0
11577,27684,63,0
11578,112,63,0
11579,32952,63,0
11580,6225,63,0
11581,22016,63,0
11582,38649,63,0
11583,27013,63,0
11584,14856,63,0
11585,45155,63,0
11586,46841,63,0
11587,5044,63,0
11588,19927,63,0
11589,23226,63,0
11590,8096,63,0
11591,17087,63,0
11592,12547,63,0
11593,10951,63,0
11594,29128,63,0
11595,37231,63,0
11596,18096,63,0
11597,48212,63,0
11598,20403,63,0
11599,30684,63,0
11600,14024,63,0
11601,1396,63,0
11602,33020,63,0
11603,18516,63,0
11604,24853,63,0
11605,35987,63,0
11606,15597,63,0
11607,24732,63,0
11608,34005,63,0
11609,15497,63,0
11610,25420,63,0
11611,38642,63,0
11612,47725,63,0
11613,44243,63,0
11614,9267,63,0
11615,39228,63,0
11616,18168,63,0
11617,27925,63,0
11618,4307,63,0
11619,9958,63,0
11620,42762,63,0
11621,21584,63,0
11622,8920,63,0
11623,25709,63,0
11624,50490,63,0
11625,19345,63,0
11626,38503,63,0
11627,24111,63,0
11628,47997,63,0
11629,42051,63,0
11630,6263,63,0
11631,2787,63,0
11632,14690,63,0
11633,15028,63,0
11634,15637,63,0
11635,9269,63,0
11636,14580,63,0
11637,22598,63,0
11638,16795,63,0
11639,24495,63,0
11640,39363,63,0
11641,13351,63,0
11642,31746,63,0
11643,35972,63,0
11644,20241,63,0
11645,25031,63,0
11646,27123,63,0
11647,19814,63,0
11648,31490,63,0
11649,33707,63,0
11650,3675,63,0
11651,38659,63,0
11652,419,63,0
11653,20977,63,0
11654,22800,63,0
11655,50581,63,0
11656,38780,63,0
11657,18344,63,0
11658,39467,63,0
11659,1861,63,0
11660,21875,63,0
11661,45166,63,0
11662,26425,63,0
11663,48362,63,0
11664,22628,63,0
11665,7400,63,0
11666,33540,63,0
11667,11134,63,0
11668,31932,63,0
11669,18693,63,0
11670,22665,63,0
11671,25652,63,0
11672,12766,63,0
11673,44183,63,0
11674,1058,63,0
11675,25367,63,0
11676,5688,63,0
11677,43943,63,0
11678,39288,63,0
11679,6887,63,0
11680,13391,63,0
11681,46160,63,0
11682,49446,63,0
11683,12745,63,0
11684,21886,63,0
11685,31572,63,0
11686,8606,63,0
11687,49093,63,0
11688,46407,63,0
11689,36626,63,0
11690,32172,63,0
11691,41691,63,0
11692,46886,63,0
11693,11554,63,0
11694,43682,63,0
11695,45296,63,0
11696,20770,63,0
11697,20930,63,0
11698,12046,63,0
11699,27497,63,0
11700,35239,63,0
11701,29406,63,0
11702,10177,63,0
11703,13267,63,0
11704,10342,63,0
11705,18122,63,0
11706,34360,63,0
11707,26776,63,0
11708,20567,63,0
11709,34053,63,0
11710,37952,63,0
11711,7870,63,0
11712,38258,63,0
11713,28536,63,0
11714,32612,63,0
11715,40089,63,0
11716,25442,63,0
11717,20412,63,0
11718,1751,63,0
11719,34217,63,0
11720,26273,63,0
11721,39483,63,0
11722,26493,63,0
11723,17551,63,0
11724,29180,63,0
11725,42370,63,0
11726,50671,63,0
11727,30736,63,0
11728,40788,63,0
11729,16841,63,0
11730,35655,63,0
11731,2614,63,0
11732,29786,63,0
11733,5184,63,0
11734,19710,63,0
11735,12427,63,0
11736,42853,63,0
11737,29866,63,0
11738,32559,63,0
11739,32268,63,0
11740,3832,63,0
11741,50175,63,0
11742,8404,63,0
11743,13384,63,0
11744,30707,63,0
11745,30881,63,0
11746,30341,63,0
11747,12657,63,0
11748,11299,63,0
11749,28068,63,0
11750,42453,63,0
11751,14089,63,0
11752,12825,63,0
11753,7003,63,0
11754,15908,63,0
11755,38368,63,0
11756,9459,63,0
11757,43885,63,0
11758,14734,63,0
11759,5223,63,0
11760,5319,63,0
11761,46185,63,0
11762,50622,63,0
11763,2296,63,0
11764,337,63,0
11765,15380,63,0
11766,42123,63,0
11767,29701,63,0
11768,19751,63,0
11769,31541,63,0
11770,16698,63,0
11771,23421,63,0
11772,22736,63,0
11773,26554,63,0
11774,37464,63,0
11775,31477,63,0
11776,33062,63,0
11777,26732,63,0
11778,34465,63,0
11779,16702,63,0
11780,46698,63,0
11781,16322,63,0
11782,42975,63,0
11783,40059,63,0
11784,35879,63,0
11785,3306,63,0
11786,19955,63,0
11787,35954,63,0
11788,22891,63,0
11789,35534,63,0
11790,26774,63,0
11791,32918,63,0
11792,18657,63,0
11793,6237,63,0
11794,36293,63,0
11795,43064,63,0
11796,36323,63,0
11797,26413,63,0
11798,30706,63,0
11799,8254,63,0
11800,30540,63,0
11801,29787,63,0
11802,35888,63,0
11803,44584,63,0
11804,35079,63,0
11805,35261,63,0
11806,50011,63,0
11807,24693,63,0
11808,42326,63,0
11809,2539,63,0
11810,25513,63,0
11811,45753,63,0
11812,25454,63,0
11813,46785,63,0
11814,27468,63,0
11815,41861,63,0
11816,678,63,0
11817,14283,63,0
11818,30046,63,0
11819,7342,63,0
11820,34248,63,0
11821,46973,63,0
11822,34387,63,0
11823,20157,63,0
11824,11654,63,0
11825,23975,63,0
11826,49943,63,0
11827,48656,63,0
11828,28781,63,0
11829,40638,63,0
11830,17069,63,0
11831,18777,63,0
11832,17657,63,0
11833,31099,63,0
11834,37203,63,0
11835,32327,63,0
11836,46723,63,0
11837,36380,63,0
11838,31656,63,0
11839,20914,63,0
11840,49412,63,0
11841,30845,63,0
11842,12579,63,0
11843,47205,63,0
11844,4998,63,0
11845,40766,63,0
11846,33656,63,0
11847,7359,63,0
11848,29917,63,0
11849,25118,63,0
11850,20043,63,0
11851,47275,63,0
11852,45731,63,0
11853,47934,63,0
11854,38542,63,0
11855,6747,63,0
11856,16235,63,0
11857,48295,63,0
11858,11570,63,0
11859,8128,63,0
11860,21887,63,0
11861,47109,63,0
11862,1435,63,0
11863,30678,63,0
11864,23914,63,0
11865,47023,63,0
11866,2228,63,0
11867,30454,63,0
11868,5582,63,0
11869,47578,63,0
11870,27870,63,0
11871,46534,63,0
11872,19615,63,0
11873,10542,63,0
11874,3874,63,0
11875,16174,63,0
11876,22623,63,0
11877,47949,63,0
11878,42861,63,0
11879,12226,63,0
11880,39067,63,0
11881,42827,63,0
11882,12357,63,0
11883,15055,63,0
11884,24070,63,0
11885,23869,63,0
11886,9048,63,0
11887,38572,63,0
11888,43971,63,0
11889,28949,63,0
11890,29919,63,0
11891,5237,63,0
11892,36148,63,0
11893,38578,63,0
11894,11682,63,0
11895,24177,63,0
11896,13446,63,0
11897,43326,63,0
11898,15509,63,0
11899,8497,63,0
11900,32522,63,0
11901,49837,63,0
11902,2378,63,0
11903,38235,63,0
11904,30159,63,0
11905,15652,63,0
11906,438,63,0
11907,35601,63,0
11908,10326,63,0
11909,3423,63,0
11910,9080,63,0
11911,4185,63,0
11912,19152,63,0
11913,27436,63,0
11914,32454,63,0
11915,20135,63,0
11916,47404,63,0
11917,22595,63,0
11918,40099,63,0
11919,36977,63,0
11920,27036,63,0
11921,13313,63,0
11922,2621,63,0
11923,4329,63,0
11924,7023,63,0
11925,11075,63,0
11926,40791,63,0
11927,48339,63,0
11928,24463,63,0
11929,14819,63,0
11930,45053,63,0
11931,15178,63,0
11932,23249,63,0
11933,45410,63,0
11934,16617,63,0
11935,19276,63,0
11936,32926,63,0
11937,6834,63,0
11938,36607,63,0
11939,44585,63,0
11940,9657,63,0
11941,6209,63,0
11942,40255,63,0
11943,5744,63,0
11944,1832,63,0
11945,21381,63,0
11946,12374,63,0
11947,44757,63,0
11948,17148,63,0
11949,24755,63,0
11950,16777,63,0
11951,16023,63,0
11952,29113,63,0
11953,17000,63,0
11954,39463,63,0
11955,47628,63,0
11956,26308,63,0
11957,35026,63,0
11958,47568,63,0
11959,19620,63,0
11960,18702,63,0
11961,37101,63,0
11962,2041,63,0
11963,2608,63,0
11964,2645,63,0
11965,26614,63,0
11966,10068,63,0
11967,27032,63,0
11968,24787,63,0
11969,26940,63,0
11970,19922,63,0
11971,14793,63,0
11972,18794,63,0
11973,22913,63,0
11974,13810,63,0
11975,6328,63,0
11976,19020,63,0
11977,17168,63,0
11978,48052,63,0
11979,46816,63,0
11980,23668,63,0
11981,23535,63,0
11982,1989,63,0
11983,14607,63,0
11984,1097,63,0
11985,27374,63,0
11986,13908,63,0
11987,34172,63,0
11988,25762,63,0
11989,113,63,0
11990,31764,63,0
11991,48063,63,0
11992,5051,63,0
11993,21638,63,0
11994,15113,63,0
11995,23648,63,0
11996,3721,63,0
11997,47134,63,0
11998,22905,63,0
11999,50301,63,0
12000,28631,63,0
12001,30614,63,0
12002,41333,63,0
12003,32203,63,0
12004,14435,63,0
12005,38270,63,0
12006,4381,63,0
12007,13409,63,0
12008,25589,63,0
12009,12381,63,0
12010,82,63,0
12011,18460,63,0
12012,50088,63,0
12013,25551,63,0
12014,44389,63,0
12015,21336,63,0
12016,39621,63,0
12017,30949,63,0
12018,47757,63,0
12019,13667,63,0
12020,41897,63,0
12021,32376,63,0
12022,11267,63,0
12023,32093,63,0
12024,34896,63,0
12025,17178,63,0
12026,31108,63,0
12027,39187,63,0
12028,33953,63,0
12029,26289,63,0
12030,12464,63,0
12031,14071,63,0
12032,50192,63,0
12033,22043,63,0
12034,32763,63,0
12035,30537,63,0
12036,18788,63,0
12037,50091,63,0
12038,42474,63,0
12039,27756,63,0
12040,31161,63,0
12041,8825,63,0
12042,25165,63,0
12043,11465,63,0
12044,26330,63,0
12045,42942,63,0
12046,21880,63,0
12047,10479,63,0
12048,49511,63,0
12049,7613,63,0
12050,28509,63,0
12051,11726,63,0
12052,19123,63,0
12053,41348,63,0
12054,22203,63,0
12055,48056,63,0
12056,1427,63,0
12057,21150,63,0
12058,35165,63,0
12059,33480,63,0
12060,34502,63,0
12061,3045,63,0
12062,12941,63,0
12063,49722,63,0
12064,23920,63,0
12065,48820,63,0
12066,1028,63,0
12067,18951,63,0
12068,31343,63,0
12069,48082,63,0
12070,27289,63,0
12071,15413,63,0
12072,35208,63,0
12073,33988,63,0
12074,46278,63,0
12075,40757,63,0
12076,46974,63,0
12077,2971,63,0
12078,19816,63,0
12079,5260,63,0
12080,635,63,0
12081,24770,63,0
12082,36140,63,0
12083,10874,63,0
12084,10151,63,0
12085,20060,63,0
12086,12212,63,0
12087,23312,63,0
12088,6518,63,0
12089,29092,63,0
12090,3087,63,0
12091,29504,63,0
12092,11822,63,0
12093,50836,63,0
12094,34874,63,0
12095,16264,63,0
12096,49333,63,0
12097,16832,63,0
12098,10178,63,0
12099,40675,63,0
12100,22151,63,0
12101,20739,63,0
12102,13135,63,0
12103,26818,63,0
12104,29663,63,0
12105,2534,63,0
12106,47635,63,0
12107,39082,63,0
12108,49587,63,0
12109,29042,63,0
12110,23499,63,0
12111,44872,63,0
12112,43356,63,0
12113,18847,63,0
12114,8275,63,0
12115,7351,63,0
12116,29732,63,0
12117,2241,63,0
12118,31501,63,0
12119,6566,63,0
12120,14890,63,0
12121,9215,63,0
12122,36052,63,0
12123,48701,63,0
12124,44308,63,0
12125,49143,63,0
12126,1708,63,0
12127,27108,63,0
12128,15979,63,0
12129,20700,63,0
12130,4104,63,0
12131,32300,63,0
12132,41720,63,0
12133,47263,63,0
12134,45022,63,0
12135,45035,63,0
12136,47391,63,0
12137,27513,63,0
12138,35428,63,0
12139,39579,63,0
12140,2782,63,0
12141,33067,63,0
12142,13142,63,0
12143,32348,63,0
12144,20196,63,0
12145,10485,63,0
12146,34085,63,0
12147,48211,63,0
12148,15546,63,0
12149,22854,63,0
12150,39663,63,0
12151,14940,63,0
12152,34096,63,0
12153,19974,63,0
12154,1053,63,0
12155,20448,63,0
12156,50544,63,0
12157,31952,63,0
12158,17698,63,0
12159,480,63,0
12160,11639,63,0
12161,13487,63,0
12162,47053,63,0
12163,32863,63,0
12164,48941,63,0
12165,26135,63,0
12166,26794,63,0
12167,19242,63,0
12168,44266,63,0
12169,2745,63,0
12170,47656,63,0
12171,32057,63,0
12172,7097,63,0
12173,17903,63,0
12174,34985,63,0
12175,48496,63,0
12176,29398,63,0
12177,24046,63,0
12178,50538,63,0
12179,27178,63,0
12180,39564,63,0
12181,25939,63,0
12182,14650,63,0
12183,3965,63,0
12184,36865,63,0
12185,19996,63,0
12186,19130,63,0
12187,49616,63,0
12188,15916,63,0
12189,26604,63,0
12190,42167,63,0
12191,356,63,0
12192,35511,63,0
12193,12770,63,0
12194,25783,63,0
12195,7550,63,0
12196,4845,63,0
12197,5255,63,0
12198,31265,63,0
12199,38124,63,0
12200,9840,63,0
12201,16789,63,0
12202,5227,63,0
12203,31835,63,0
12204,45324,63,0
12205,15083,63,0
12206,48129,63,0
12207,2972,63,0
12208,48874,63,0
12209,1305,63,0
12210,48138,63,0
12211,43332,63,0
12212,34970,63,0
12213,15160,63,0
12214,17720,63,0
12215,24451,63,0
12216,21049,63,0
12217,23650,63,0
12218,41241,63,0
12219,1480,63,0
12220,2851,63,0
12221,34945,63,0
12222,1333,63,0
12223,32426,63,0
12224,28563,63,0
12225,33834,63,0
12226,20908,63,0
12227,46123,63,0
12228,27306,63,0
12229,14029,63,0
12230,11575,63,0
12231,5804,63,0
12232,26140,63,0
12233,12891,63,0
12234,42418,63,0
12235,50064,63,0
12236,26208,63,0
12237,9103,63,0
12238,32617,63,0
12239,33261,63,0
12240,11585,63,0
12241,31232,63,0
12242,1130,63,0
12243,50433,63,0
12244,22485,63,0
12245,4899,63,0
12246,14155,63,0
12247,25954,63,0
12248,23991,63,0
12249,2886,63,0
12250,11330,63,0
12251,50527,63,0
12252,43685,63,0
12253,23893,63,0
12254,18804,63,0
12255,10901,63,0
12256,16683,63,0
12257,18651,63,0
12258,48106,63,0
12259,6147,63,0
12260,1006,63,0
12261,197,63,0
12262,28787,63,0
12263,32221,63,0
12264,9598,63,0
12265,18851,63,0
12266,19514,63,0
12267,28732,63,0
12268,6506,63,0
12269,835,63,0
12270,2961,63,0
12271,34832,63,0
12272,3848,63,0
12273,27319,63,0
12274,5429,63,0
12275,26775,63,0
12276,10351,63,0
12277,38586,63,0
12278,19300,63,0
12279,11008,63,0
12280,15334,63,0
12281,3552,63,0
12282,31871,63,0
12283,27681,63,0
12284,50888,63,0
12285,42173,63,0
12286,738,63,0
12287,3815,63,0
12288,28779,63,0
12289,34252,63,0
12290,8573,63,0
12291,8344,63,0
12292,2121,63,0
12293,50281,63,0
12294,20926,63,0
12295,28875,63,0
12296,10625,63,0
12297,3010,63,0
12298,20144,63,0
12299,32272,63,0
12300,45480,63,0
12301,50678,63,0
12302,34549,63,0
12303,24616,63,0
12304,29026,63,0
12305,18476,63,0
12306,7329,63,0
12307,47742,63,0
12308,10941,63,0
12309,47462,63,0
12310,3728,63,0
12311,18887,63,0
12312,47343,63,0
12313,19903,63,0
12314,45487,63,0
12315,25126,63,0
12316,14379,63,0
12317,43540,63,0
12318,50212,63,0
12319,50923,63,0
12320,50183,63,0
12321,16249,63,0
12322,7236,63,0
12323,28608,63,0
12324,18969,63,0
12325,33162,63,0
12326,29072,63,0
12327,49417,63,0
12328,1078,63,0
12329,17193,63,0
12330,38075,63,0
12331,25532,63,0
12332,38333,63,0
12333,40287,63,0
12334,17828,63,0
12335,22841,63,0
12336,47530,63,0
12337,9379,63,0
12338,49776,63,0
12339,29633,63,0
12340,18658,63,0
12341,14063,63,0
12342,33723,63,0
12343,49643,63,0
12344,27662,63,0
12345,22717,63,0
12346,46295,63,0
12347,2077,63,0
12348,7021,63,0
12349,46096,63,0
12350,35909,63,0
12351,5256,63,0
12352,24472,63,0
12353,33194,63,0
12354,42090,63,0
12355,41028,63,0
12356,22753,63,0
12357,12361,63,0
12358,22748,63,0
12359,1839,63,0
12360,31847,63,0
12361,27423,63,0
12362,6293,63,0
12363,5346,63,0
12364,33383,63,0
12365,29344,63,0
12366,39469,63,0
12367,23583,63,0
12368,2481,63,0
12369,18111,63,0
12370,4409,63,0
12371,32666,63,0
12372,3311,63,0
12373,19050,63,0
12374,37308,63,0
12375,29174,63,0
12376,22882,63,0
12377,47401,63,0
12378,21689,63,0
12379,23917,63,0
12380,39252,63,0
12381,16160,63,0
12382,15306,63,0
12383,24248,63,0
12384,39359,63,0
12385,43648,63,0
12386,48538,63,0
12387,45147,63,0
12388,3711,63,0
12389,11686,63,0
12390,39979,63,0
12391,20751,63,0
12392,19916,63,0
12393,22751,63,0
12394,40964,63,0
12395,30868,63,0
12396,2509,63,0
12397,42338,63,0
12398,38885,63,0
12399,38280,63,0
12400,18442,63,0
12401,4742,63,0
12402,9841,63,0
12403,49744,63,0
12404,14770,63,0
12405,5062,63,0
12406,50149,63,0
12407,32047,63,0
12408,32404,63,0
12409,25829,63,0
12410,43647,63,0
12411,32095,63,0
12412,13655,63,0
12413,26825,63,0
12414,25238,63,0
12415,5316,63,0
12416,11731,63,0
12417,14227,63,0
12418,30023,63,0
12419,25284,63,0
12420,23254,63,0
12421,19917,63,0
12422,22920,63,0
12423,27624,63,0
12424,46646,63,0
12425,14586,63,0
12426,48817,63,0
12427,28745,63,0
12428,35980,63,0
12429,36868,63,0
12430,35768,63,0
12431,35326,63,0
12432,38966,63,0
12433,8251,63,0
12434,25854,63,0
12435,32511,63,0
12436,9722,63,0
12437,18229,63,0
12438,27275,63,0
12439,24100,63,0
12440,31732,63,0
12441,20257,63,0
12442,13803,63,0
12443,32586,63,0
12444,30848,63,0
12445,38030,63,0
12446,4991,63,0
12447,30131,63,0
12448,19308,63,0
12449,46459,63,0
12450,19627,63,0
12451,20568,63,0
12452,38054,63,0
12453,11355,63,0
12454,31429,63,0
12455,37976,63,0
12456,6418,63,0
12457,6804,63,0
12458,8408,63,0
12459,34568,63,0
12460,49606,63,0
12461,27094,63,0
12462,26718,63,0
12463,50693,63,0
12464,35205,63,0
12465,16541,63,0
12466,38850,63,0
12467,26931,63,0
12468,45122,63,0
12469,47596,63,0
12470,5687,63,0
12471,50624,63,0
12472,32950,63,0
12473,30971,63,0
12474,29157,63,0
12475,25694,63,0
12476,21077,63,0
12477,33246,63,0
12478,292,63,0
12479,33846,63,0
12480,30442,63,0
12481,46083,63,0
12482,9739,63,0
12483,28976,63,0
12484,36681,63,0
12485,21133,63,0
12486,23311,63,0
12487,49291,63,0
12488,37827,63,0
12489,7096,63,0
12490,33706,63,0
12491,28819,63,0
12492,15458,63,0
12493,36176,63,0
12494,12362,63,0
12495,7388,63,0
12496,37501,63,0
12497,3464,63,0
12498,25863,63,0
12499,38501,63,0
12500,20222,63,0
12501,50591,63,0
12502,29029,63,0
12503,29836,63,0
12504,22386,63,0
12505,9520,63,0
12506,9039,63,0
12507,41388,63,0
12508,7690,63,0
12509,38273,63,0
12510,36249,63,0
12511,35483,63,0
12512,13786,63,0
12513,44877,63,0
12514,41399,63,0
12515,16421,63,0
12516,45501,63,0
12517,10215,63,0
12518,39771,63,0
12519,16557,63,0
12520,23088,63,0
12521,34587,63,0
12522,38130,63,0
12523,29556,63,0
12524,38319,63,0
12525,5414,63,0
12526,48725,63,0
12527,47609,63,0
12528,16925,63,0
12529,20103,63,0
12530,34984,63,0
12531,49048,63,0
12532,49995,63,0
12533,36302,63,0
12534,355,63,0
12535,50793,63,0
12536,18897,63,0
12537,10229,63,0
12538,2084,63,0
12539,3199,63,0
12540,32652,63,0
12541,22290,63,0
12542,27406,63,0
12543,18227,63,0
12544,19943,63,0
12545,7472,63,0
12546,28228,63,0
12547,34694,63,0
12548,19978,63,0
12549,40122,63,0
12550,7831,63,0
12551,17676,63,0
12552,6039,63,0
12553,7753,63,0
12554,30864,63,0
12555,30629,63,0
12556,26373,63,0
12557,15436,63,0
12558,10949,63,0
12559,47390,63,0
12560,32054,63,0
12561,49250,63,0
12562,32668,63,0
12563,19907,63,0
12564,30746,63,0
12565,10605,63,0
12566,21282,63,0
12567,18147,63,0
12568,41387,63,0
12569,41127,63,0
12570,30903,63,0
12571,24155,63,0
12572,13599,63,0
12573,35575,63,0
12574,26185,63,0
12575,11382,63,0
12576,50431,63,0
12577,31155,63,0
12578,22915,63,0
12579,50272,63,0
12580,50095,63,0
12581,44152,63,0
12582,16572,63,0
12583,35484,63,0
12584,17729,63,0
12585,20652,63,0
12586,8135,63,0
12587,3692,63,0
12588,36479,63,0
12589,34609,63,0
12590,48475,63,0
12591,50136,63,0
12592,46479,63,0
12593,28,63,0
12594,35695,63,0
12595,30209,63,0
12596,31247,63,0
12597,24281,63,0
12598,46968,63,0
12599,30304,63,0
12600,46343,63,0
12601,46717,63,0
12602,39138,63,0
12603,33070,63,0
12604,16864,63,0
12605,48148,63,0
12606,30349,63,0
12607,50209,63,0
12608,25686,63,0
12609,20002,63,0
12610,34366,63,0
12611,22999,63,0
12612,7693,63,0
12613,289,63,0
12614,10310,63,0
12615,43833,63,0
12616,13901,63,0
12617,48438,63,0
12618,34339,63,0
12619,22231,63,0
12620,14703,63,0
12621,31063,63,0
12622,45769,63,0
12623,2413,63,0
12624,47890,63,0
12625,16234,63,0
12626,28467,63,0
12627,50058,63,0
12628,41344,63,0
12629,13379,63,0
12630,13005,63,0
12631,12055,63,0
12632,3927,63,0
12633,47058,63,0
12634,47951,63,0
12635,22326,63,0
12636,14539,63,0
12637,15649,63,0
12638,40083,63,0
12639,11625,63,0
12640,2235,63,0
12641,31888,63,0
12642,47661,63,0
12643,2989,63,0
12644,7054,63,0
12645,30431,63,0
12646,23612,63,0
12647,48783,63,0
12648,26568,63,0
12649,37647,63,0
12650,47939,63,0
12651,45559,63,0
12652,23074,63,0
12653,33397,63,0
12654,46625,63,0
12655,4878,63,0
12656,19774,63,0
12657,42034,63,0
12658,14120,63,0
12659,13454,63,0
12660,23933,63,0
12661,24175,63,0
12662,34562,63,0
12663,8298,63,0
12664,18895,63,0
12665,33191,63,0
12666,18366,63,0
12667,32963,63,0
12668,38783,63,0
12669,19559,63,0
12670,17558,63,0
12671,18293,63,0
12672,27608,63,0
12673,31712,63,0
12674,12844,63,0
12675,23335,63,0
12676,38096,63,0
12677,12104,63,0
12678,23481,63,0
12679,279,63,0
12680,24249,63,0
12681,48821,63,0
12682,10632,63,0
12683,28371,63,0
12684,50757,63,0
12685,30632,63,0
12686,20945,63,0
12687,43054,63,0
12688,24676,63,0
12689,4618,63,0
12690,24178,63,0
12691,22469,63,0
12692,10143,63,0
12693,9159,63,0
12694,8916,63,0
12695,2442,63,0
12696,33111,63,0
12697,17749,63,0
12698,18751,63,0
12699,35705,63,0
12700,9497,63,0
12701,13406,63,0
12702,7998,63,0
12703,2025,63,0
12704,39803,63,0
12705,49374,63,0
12706,17439,63,0
12707,41911,63,0
12708,3988,63,0
12709,28360,63,0
12710,15557,63,0
12711,12904,63,0
12712,43763,63,0
12713,29904,63,0
12714,1885,63,0
12715,20626,63,0
12716,48705,63,0
12717,46081,63,0
12718,749,63,0
12719,21152,63,0
12720,3487,63,0
12721,10814,63,0
12722,25759,63,0
12723,729,63,0
12724,23706,63,0
12725,13735,63,0
12726,23889,63,0
12727,47266,63,0
12728,17470,63,0
12729,24072,63,0
12730,18101,63,0
12731,5934,63,0
12732,10346,63,0
12733,29200,63,0
12734,1074,63,0
12735,27760,63,0
12736,28057,63,0
12737,12800,63,0
12738,9626,63,0
12739,18980,63,0
12740,32643,63,0
12741,18618,63,0
12742,17091,63,0
12743,8965,63,0
12744,13852,63,0
12745,34247,63,0
12746,7734,63,0
12747,20480,63,0
12748,14119,63,0
12749,34739,63,0
12750,27850,63,0
12751,48954,63,0
12752,46293,63,0
12753,24086,63,0
12754,35430,63,0
12755,50791,63,0
12756,4407,63,0
12757,6947,63,0
12758,40837,63,0
12759,11811,63,0
12760,36122,63,0
12761,19122,63,0
12762,7675,63,0
12763,28278,63,0
12764,773,63,0
12765,33389,63,0
12766,26317,63,0
12767,4654,63,0
12768,34068,63,0
12769,48539,63,0
12770,30343,63,0
12771,40002,63,0
12772,23661,63,0
12773,16775,63,0
12774,27175,63,0
12775,49677,63,0
12776,32357,63,0
12777,8289,63,0
12778,18724,63,0
12779,21935,63,0
12780,14570,63,0
12781,6093,63,0
12782,49405,63,0
12783,24352,63,0
12784,50541,63,0
12785,49293,63,0
12786,11117,63,0
12787,27613,63,0
12788,19465,63,0
12789,9946,63,0
12790,32048,63,0
12791,31608,63,0
12792,18635,63,0
12793,451,63,0
12794,9711,63,0
12795,15219,63,0
12796,3507,63,0
12797,31920,63,0
12798,15501,63,0
12799,29782,63,0
12800,28117,63,0
12801,15190,63,0
12802,31992,63,0
12803,28312,63,0
12804,43984,63,0
12805,28189,63,0
12806,7817,63,0
12807,50665,63,0
12808,364,63,0
12809,24459,63,0
12810,25507,63,0
12811,30092,63,0
12812,27652,63,0
12813,33280,63,0
12814,20226,63,0
12815,48842,63,0
12816,710,63,0
12817,20542,63,0
12818,24205,63,0
12819,9588,63,0
12820,2409,63,0
12821,19595,63,0
12822,25362,63,0
12823,36673,63,0
12824,26648,63,0
12825,22571,63,0
12826,6146,63,0
12827,17210,63,0
12828,30190,63,0
12829,29333,63,0
12830,6561,63,0
12831,3492,63,0
12832,48642,63,0
12833,12422,63,0
12834,18485,63,0
12835,1739,63,0
12836,2629,63,0
12837,1838,63,0
12838,48387,63,0
12839,31748,63,0
12840,2336,63,0
12841,18806,63,0
12842,3060,63,0
12843,24130,63,0
12844,22000,63,0
12845,30353,63,0
12846,21777,63,0
12847,37530,63,0
12848,40481,63,0
12849,10766,63,0
12850,3624,63,0
12851,3469,63,0
12852,27795,63,0
12853,12968,63,0
12854,18989,63,0
12855,46775,63,0
12856,3686,63,0
12857,30698,63,0
12858,24581,63,0
12859,4259,63,0
12860,37394,63,0
12861,50454,63,0
12862,49762,63,0
12863,4689,63,0
12864,4709,63,0
12865,44332,63,0
12866,33443,63,0
12867,4362,63,0
12868,46466,63,0
12869,45476,63,0
12870,3001,63,0
12871,17615,63,0
12872,44342,63,0
12873,17333,63,0
12874,23446,63,0
12875,46857,63,0
12876,32464,63,0
12877,5320,63,0
12878,30249,63,0
12879,27070,63,0
12880,6331,63,0
12881,31059,63,0
12882,13968,63,0
12883,35952,63,0
12884,25488,63,0
12885,18563,63,0
12886,10495,63,0
12887,30262,63,0
12888,41381,63,0
12889,10475,63,0
12890,40862,63,0
12891,30323,63,0
12892,23330,63,0
12893,24087,63,0
12894,30704,63,0
12895,5093,63,0
12896,141,63,0
12897,14005,63,0
12898,49836,63,0
12899,43987,63,0
12900,36411,63,0
12901,43864,63,0
12902,34266,63,0
12903,46062,63,0
12904,17897,63,0
12905,26901,63,0
12906,7861,63,0
12907,13534,63,0
12908,8033,63,0
12909,10908,63,0
12910,39375,63,0
12911,21078,63,0
12912,26464,63,0
12913,19706,63,0
12914,43665,63,0
12915,19405,63,0
12916,34535,63,0
12917,20164,63,0
12918,5080,63,0
12919,10446,63,0
12920,9650,63,0
12921,27393,63,0
12922,37884,63,0
12923,48431,63,0
12924,27721,63,0
12925,24887,63,0
12926,39107,63,0
12927,36139,63,0
12928,18172,63,0
12929,32636,63,0
12930,17466,63,0
12931,17888,63,0
12932,8624,63,0
12933,23162,63,0
12934,45598,63,0
12935,47303,63,0
12936,47445,63,0
12937,21527,63,0
12938,1166,63,0
12939,37956,63,0
12940,2651,63,0
12941,36563,63,0
12942,2765,63,0
12943,19180,63,0
12944,20181,63,0
12945,2176,63,0
12946,40164,63,0
12947,13867,63,0
12948,42738,63,0
12949,12690,63,0
12950,46969,63,0
12951,48917,63,0
12952,2390,63,0
12953,32216,63,0
12954,26795,63,0
12955,35848,63,0
12956,29854,63,0
12957,14992,63,0
12958,34907,63,0
12959,32923,63,0
12960,13453,63,0
12961,30841,63,0
12962,3996,63,0
12963,37898,63,0
12964,17658,63,0
12965,34687,63,0
12966,10363,63,0
12967,26867,63,0
12968,11694,63,0
12969,9141,63,0
12970,35470,63,0
12971,44706,63,0
12972,50353,63,0
12973,4688,63,0
12974,35476,63,0
12975,20104,63,0
12976,16771,63,0
12977,30178,63,0
12978,1155,63,0
12979,7446,63,0
12980,37193,63,0
12981,23662,63,0
12982,15240,63,0
12983,7579,63,0
12984,49181,63,0
12985,15797,63,0
12986,1286,63,0
12987,34757,63,0
12988,37489,63,0
12989,29591,63,0
12990,33508,63,0
12991,15512,63,0
12992,49994,63,0
12993,35139,63,0
12994,19233,63,0
12995,15644,63,0
12996,38909,63,0
12997,40173,63,0
12998,42019,63,0
12999,20642,63,0
13000,181,63,0
13001,27177,63,0
13002,29378,63,0
13003,32259,63,0
13004,6661,63,0
13005,22669,63,0
13006,8779,63,0
13007,29540,63,0
13008,29478,63,0
13009,16259,63,0
13010,27297,63,0
13011,11284,63,0
13012,32581,63,0
13013,34867,63,0
13014,11732,63,0
13015,32700,63,0
13016,10163,63,0
13017,39126,63,0
13018,27294,63,0
13019,3336,63,0
13020,31351,63,0
13021,47793,63,0
13022,1807,63,0
13023,22578,63,0
13024,22520,63,0
13025,14343,63,0
13026,33355,63,0
13027,21934,63,0
13028,8103,63,0
13029,30571,63,0
13030,3066,63,0
13031,43678,63,0
13032,9517,63,0
13033,5195,63,0
13034,50386,63,0
13035,1461,63,0
13036,670,63,0
13037,7958,63,0
13038,48470,63,0
13039,50700,63,0
13040,42525,63,0
13041,39337,63,0
13042,35762,63,0
13043,24984,63,0
13044,23663,63,0
13045,3876,63,0
13046,35894,63,0
13047,24962,63,0
13048,20799,63,0
13049,49281,63,0
13050,33571,63,0
13051,29567,63,0
13052,46601,63,0
13053,41540,63,0
13054,8308,63,0
13055,29088,63,0
13056,29614,63,0
13057,49848,63,0
13058,11642,63,0
13059,48931,63,0
13060,25192,63,0
13061,9883,63,0
13062,35335,63,0
13063,3320,63,0
13064,10489,63,0
13065,20424,63,0
13066,46909,63,0
13067,7015,63,0
13068,19110,63,0
13069,16146,63,0
13070,44666,63,0
13071,46813,63,0
13072,21525,63,0
13073,28084,63,0
13074,35771,63,0
13075,18102,63,0
13076,31786,63,0
13077,36339,63,0
13078,32279,63,0
13079,26515,63,0
13080,42195,63,0
13081,40107,63,0
13082,14405,63,0
13083,10250,63,0
13084,21210,63,0
13085,4877,63,0
13086,4632,63,0
13087,32646,63,0
13088,42979,63,0
13089,47977,63,0
13090,26691,63,0
13091,24438,63,0
13092,22358,63,0
13093,31606,63,0
13094,1546,63,0
13095,31286,63,0
13096,24237,63,0
13097,15165,63,0
13098,11217,63,0
13099,47699,63,0
13100,18195,63,0
13101,41315,63,0
13102,699,63,0
13103,47593,63,0
13104,35452,63,0
13105,15988,63,0
13106,28989,63,0
13107,29284,63,0
13108,834,63,0
13109,50179,63,0
13110,23986,63,0
13111,18225,63,0
13112,24591,63,0
13113,15252,63,0
13114,7172,63,0
13115,29761,63,0
13116,31514,63,0
13117,49436,63,0
13118,35982,63,0
13119,40899,63,0
13120,2648,63,0
13121,19090,63,0
13122,33890,63,0
13123,20388,63,0
13124,5888,63,0
13125,40786,63,0
13126,5015,63,0
13127,48645,63,0
13128,12966,63,0
13129,50646,63,0
13130,18599,63,0
13131,44611,63,0
13132,49210,63,0
13133,5716,63,0
13134,19503,63,0
13135,10350,63,0
13136,49202,63,0
13137,41686,63,0
13138,2675,63,0
13139,5288,63,0
13140,9641,63,0
13141,667,63,0
13142,24401,63,0
13143,33274,63,0
13144,15593,63,0
13145,3502,63,0
13146,15992,63,0
13147,16389,63,0
13148,33931,63,0
13149,15631,63,0
13150,2723,63,0
13151,26660,63,0
13152,28008,63,0
13153,39267,63,0
13154,28062,63,0
13155,12300,63,0
13156,22167,63,0
13157,37813,63,0
13158,30001,63,0
13159,46405,63,0
13160,23784,63,0
13161,23012,63,0
13162,907,63,0
13163,9467,63,0
13164,9942,63,0
13165,38116,63,0
13166,1372,63,0
13167,46657,63,0
13168,36016,63,0
13169,14924,63,0
13170,50617,63,0
13171,22900,63,0
13172,32669,63,0
13173,45676,63,0
13174,18954,63,0
13175,46451,63,0
13176,32749,63,0
13177,8378,63,0
13178,33483,63,0
13179,83,63,0
13180,9495,63,0
13181,17447,63,0
13182,28891,63,0
13183,5713,63,0
13184,8176,63,0
13185,24641,63,0
13186,8955,63,0
13187,3835,63,0
13188,31364,63,0
13189,15599,63,0
13190,19366,63,0
13191,19583,63,0
13192,37609,63,0
13193,48093,63,0
13194,17072,63,0
13195,49746,63,0
13196,15029,63,0
13197,44419,63,0
13198,47922,63,0
13199,46018,63,0
13200,37457,63,0
13201,14439,63,0
13202,12331,63,0
13203,31198,63,0
13204,17532,63,0
13205,46413,63,0
13206,3514,63,0
13207,19365,63,0
13208,15748,63,0
13209,29968,63,0
13210,29628,63,0
13211,12056,63,0
13212,21916,63,0
13213,23439,63,0
13214,18572,63,0
13215,20747,63,0
13216,30370,63,0
13217,7061,63,0
13218,2959,63,0
13219,6660,63,0
13220,16185,63,0
13221,1917,63,0
13222,42389,63,0
13223,23161,63,0
13224,24654,63,0
13225,31605,63,0
13226,6239,63,0
13227,30445,63,0
13228,33691,63,0
13229,23600,63,0
13230,42546,63,0
13231,20161,63,0
13232,29508,63,0
13233,32727,63,0
13234,48189,63,0
13235,30174,63,0
13236,42367,63,0
13237,185,63,0
13238,47818,63,0
13239,11395,63,0
13240,35805,63,0
13241,42514,63,0
13242,48792,63,0
13243,37301,63,0
13244,4883,63,0
13245,13246,63,0
13246,30501,63,0
13247,29996,63,0
13248,1958,63,0
13249,45105,63,0
13250,14757,63,0
13251,499,63,0
13252,32684,63,0
13253,50788,63,0
13254,3356,63,0
13255,18289,63,0
13256,7478,63,0
13257,5079,63,0
13258,43730,63,0
13259,50746,63,0
13260,43191,63,0
13261,26324,63,0
13262,46400,63,0
13263,23441,63,0
13264,33493,63,0
13265,35851,63,0
13266,4733,63,0
13267,8843,63,0
13268,10960,63,0
13269,36248,63,0
13270,37538,63,0
13271,25558,63,0
13272,32316,63,0
13273,49806,63,0
13274,6509,63,0
13275,48103,63,0
13276,17250,63,0
13277,49566,63,0
13278,30554,63,0
13279,6563,63,0
13280,23634,63,0
13281,41406,63,0
13282,50794,63,0
13283,35240,63,0
13284,37493,63,0
13285,30716,63,0
13286,34787,63,0
13287,6315,63,0
13288,23723,63,0
13289,40544,63,0
13290,13103,63,0
13291,23247,63,0
13292,17329,63,0
13293,8803,63,0
13294,22277,63,0
13295,5726,63,0
13296,5528,63,0
13297,22986,63,0
13298,27334,63,0
13299,35245,63,0
13300,22061,63,0
13301,42865,63,0
13302,32536,63,0
13303,14649,63,0
13304,6035,63,0
13305,40368,63,0
13306,18548,63,0
13307,45552,63,0
13308,37449,63,0
13309,1572,63,0
13310,13308,63,0
13311,18661,63,0
13312,27148,63,0
13313,15275,63,0
13314,13408,63,0
13315,21711,63,0
13316,18404,63,0
13317,15822,63,0
13318,15621,63,0
13319,21963,63,0
13320,41380,63,0
13321,32914,63,0
13322,22828,63,0
13323,45739,63,0
13324,30969,63,0
13325,37508,63,0
13326,38930,63,0
13327,24182,63,0
13328,12337,63,0
13329,46047,63,0
13330,48179,63,0
13331,23836,63,0
13332,13620,63,0
13333,2755,63,0
13334,33221,63,0
13335,34271,63,0
13336,44864,63,0
13337,46189,63,0
13338,17363,63,0
13339,12812,63,0
13340,50589,63,0
13341,11805,63,0
13342,34040,63,0
13343,50195,63,0
13344,5542,63,0
13345,3677,63,0
13346,45636,63,0
13347,18578,63,0
13348,48581,63,0
13349,1973,63,0
13350,11996,63,0
13351,42838,63,0
13352,7419,63,0
13353,36484,63,0
13354,18185,63,0
13355,37201,63,0
13356,20704,63,0
13357,31805,63,0
13358,27130,63,0
13359,40727,63,0
13360,3818,63,0
13361,23788,63,0
13362,30378,63,0
13363,27899,63,0
13364,23169,63,0
13365,27973,63,0
13366,21340,63,0
13367,15381,63,0
13368,50222,63,0
13369,28867,63,0
13370,40480,63,0
13371,32052,63,0
13372,41391,63,0
13373,33797,63,0
13374,50824,63,0
13375,8703,63,0
13376,20361,63,0
13377,5711,63,0
13378,46812,63,0
13379,16560,63,0
13380,27099,63,0
13381,15986,63,0
13382,34180,63,0
13383,33474,63,0
13384,2690,63,0
13385,43853,63,0
13386,3202,63,0
13387,22168,63,0
13388,29096,63,0
13389,46797,63,0
13390,48590,63,0
13391,21220,63,0
13392,35216,63,0
13393,13263,63,0
13394,2330,63,0
13395,22884,63,0
13396,16910,63,0
13397,12761,63,0
13398,30279,63,0
13399,43645,63,0
13400,10274,63,0
13401,39552,63,0
13402,39279,63,0
13403,11975,63,0
13404,33318,63,0
13405,41114,63,0
13406,13154,63,0
13407,12832,63,0
13408,48926,63,0
13409,139,63,0
13410,5986,63,0
13411,4120,63,0
13412,18094,63,0
13413,20688,63,0
13414,15693,63,0
13415,5073,63,0
13416,26265,63,0
13417,35834,63,0
13418,48309,63,0
13419,35142,63,0
13420,31540,63,0
13421,32265,63,0
13422,9250,63,0
13423,4790,63,0
13424,28854,63,0
13425,10249,63,0
13426,24392,63,0
13427,47050,63,0
13428,30612,63,0
13429,46663,63,0
13430,19838,63,0
13431,3453,63,0
13432,16332,63,0
13433,6200,63,0
13434,3921,63,0
13435,2190,63,0
13436,9759,63,0
13437,48973,63,0
13438,38238,63,0
13439,46779,63,0
13440,25024,63,0
13441,49524,63,0
13442,29818,63,0
13443,35817,63,0
13444,42127,63,0
13445,605,63,0
13446,50248,63,0
13447,35111,63,0
13448,34837,63,0
13449,18363,63,0
13450,11235,63,0
13451,41026,63,0
13452,18667,63,0
13453,49418,63,0
13454,20313,63,0
13455,5276,63,0
13456,39197,63,0
13457,4512,63,0
13458,24618,63,0
13459,18106,63,0
13460,2760,63,0
13461,2627,63,0
13462,46129,63,0
13463,41986,63,0
13464,27341,63,0
13465,20031,63,0
13466,14022,63,0
13467,30822,63,0
13468,2364,63,0
13469,34872,63,0
13470,7049,63,0
13471,39353,63,0
13472,1200,63,0
13473,7455,63,0
13474,15003,63,0
13475,26689,63,0
13476,18435,63,0
13477,3947,63,0
13478,11104,63,0
13479,16717,63,0
13480,22521,63,0
13481,11478,63,0
13482,9268,63,0
13483,38767,63,0
13484,14926,63,0
13485,25973,63,0
13486,25751,63,0
13487,23888,63,0
13488,46931,63,0
13489,1526,63,0
13490,45664,63,0
13491,14004,63,0
13492,30456,63,0
13493,11216,63,0
13494,224,63,0
13495,3898,63,0
13496,50928,63,0
13497,10560,63,0
13498,47090,63,0
13499,34567,63,0
13500,20873,63,0
13501,5040,63,0
13502,36349,63,0
13503,1944,63,0
13504,46648,63,0
13505,39975,63,0
13506,1122,63,0
13507,12404,63,0
13508,18271,63,0
13509,35194,63,0
13510,48131,63,0
13511,39969,63,0
13512,39512,63,0
13513,29710,63,0
13514,1976,63,0
13515,9295,63,0
13516,15717,63,0
13517,40475,63,0
13518,283,63,0
13519,21653,63,0
13520,48752,63,0
13521,26311,63,0
13522,45772,63,0
13523,30275,63,0
13524,6859,63,0
13525,29873,63,0
13526,39059,63,0
13527,36221,63,0
13528,5198,63,0
13529,7860,63,0
13530,24502,63,0
13531,34102,63,0
13532,29545,63,0
13533,47298,63,0
13534,47885,63,0
13535,3105,63,0
13536,2252,63,0
13537,21872,63,0
13538,17101,63,0
13539,21936,63,0
13540,21685,63,0
13541,31935,63,0
13542,49342,63,0
13543,38931,63,0
13544,32344,63,0
13545,44680,63,0
13546,4351,63,0
13547,30274,63,0
13548,19343,63,0
13549,34871,63,0
13550,49153,63,0
13551,34331,63,0
13552,6172,63,0
13553,1768,63,0
13554,24723,63,0
13555,31427,63,0
13556,47147,63,0
13557,18489,63,0
13558,14127,63,0
13559,30272,63,0
13560,35684,63,0
13561,1208,63,0
13562,6476,63,0
13563,12326,63,0
13564,12682,63,0
13565,22815,63,0
13566,23550,63,0
13567,21279,63,0
13568,22031,63,0
13569,48806,63,0
13570,50712,63,0
13571,35112,63,0
13572,21720,63,0
13573,39638,63,0
13574,27872,63,0
13575,35786,63,0
13576,9652,63,0
13577,37422,63,0
13578,19504,63,0
13579,24417,63,0
13580,47891,63,0
13581,3467,63,0
13582,2108,63,0
13583,38626,63,0
13584,16252,63,0
13585,14622,63,0
13586,38490,63,0
13587,173,63,0
13588,6089,63,0
13589,47280,63,0
13590,11452,63,0
13591,4702,63,0
13592,7786,63,0
13593,41508,63,0
13594,39058,63,0
13595,12779,63,0
13596,38473,63,0
13597,22446,63,0
13598,27591,63,0
13599,495,63,0
13600,20531,63,0
13601,18150,63,0
13602,4147,63,0
13603,26985,63,0
13604,21132,63,0
13605,10294,63,0
13606,15656,63,0
13607,29195,63,0
13608,28777,63,0
13609,48914,63,0
13610,7398,63,0
13611,31290,63,0
13612,46642,63,0
13613,29552,63,0
13614,22484,63,0
13615,30909,63,0
13616,7228,63,0
13617,45732,63,0
13618,31566,63,0
13619,40077,63,0
13620,16436,63,0
13621,47297,63,0
13622,32359,63,0
13623,12096,63,0
13624,9435,63,0
13625,17651,63,0
13626,938,63,0
13627,27835,63,0
13628,33417,63,0
13629,36872,63,0
13630,21902,63,0
13631,33911,63,0
13632,39612,63,0
13633,15353,63,0
13634,4162,63,0
13635,20636,63,0
13636,49770,63,0
13637,20025,63,0
13638,12604,63,0
13639,28800,63,0
13640,15012,63,0
13641,25068,63,0
13642,23342,63,0
13643,8262,63,0
13644,43514,63,0
13645,21273,63,0
13646,18423,63,0
13647,3546,63,0
13648,46729,63,0
13649,15696,63,0
13650,45087,63,0
13651,31476,63,0
13652,34700,63,0
13653,30983,63,0
13654,3671,63,0
13655,24356,63,0
13656,5434,63,0
13657,23177,63,0
13658,7688,63,0
13659,32013,63,0
13660,15067,63,0
13661,6248,63,0
13662,30932,63,0
13663,35777,63,0
13664,28843,63,0
13665,382,63,0
13666,40688,63,0
13667,15177,63,0
13668,29939,63,0
13669,35124,63,0
13670,40353,63,0
13671,22895,63,0
13672,5056,63,0
13673,2294,63,0
13674,20131,63,0
13675,1160,63,0
13676,18856,63,0
13677,5554,63,0
13678,8380,63,0
13679,28454,63,0
13680,30031,63,0
13681,45819,63,0
13682,10302,63,0
13683,37179,63,0
13684,45839,63,0
13685,20730,63,0
13686,13843,63,0
13687,40298,63,0
13688,34385,63,0
13689,38854,63,0
13690,31092,63,0
13691,20573,63,0
13692,31399,63,0
13693,29595,63,0
13694,11959,63,0
13695,44015,63,0
13696,10956,63,0
13697,5253,63,0
13698,17062,63,0
13699,10723,63,0
13700,30306,63,0
13701,35192,63,0
13702,21382,63,0
13703,30833,63,0
13704,5886,63,0
13705,11285,63,0
13706,9772,63,0
13707,6868,63,0
13708,29722,63,0
13709,3259,63,0
13710,48547,63,0
13711,42023,63,0
13712,4927,63,0
13713,39591,63,0
13714,37715,63,0
13715,40104,63,0
13716,48630,63,0
13717,34333,63,0
13718,20522,63,0
13719,29179,63,0
13720,20893,63,0
13721,6604,63,0
13722,39599,63,0
13723,33093,63,0
13724,29222,63,0
13725,16169,63,0
13726,39680,63,0
13727,16093,63,0
13728,10663,63,0
13729,3590,63,0
13730,32195,63,0
13731,21278,63,0
13732,29682,63,0
13733,4413,63,0
13734,45981,63,0
13735,11791,63,0
13736,49760,63,0
13737,44750,63,0
13738,35472,63,0
13739,16190,63,0
13740,4990,63,0
13741,27943,63,0
13742,20841,63,0
13743,4609,63,0
13744,39770,63,0
13745,40372,63,0
13746,50680,63,0
13747,880,63,0
13748,26996,63,0
13749,19544,63,0
13750,31340,63,0
13751,5231,63,0
13752,25601,63,0
13753,14583,63,0
13754,43235,63,0
13755,14178,63,0
13756,17802,63,0
13757,33997,63,0
13758,701,63,0
13759,38679,63,0
13760,26504,63,0
13761,50921,63,0
13762,16732,63,0
13763,10394,63,0
13764,50792,63,0
13765,13180,63,0
13766,42099,63,0
13767,9613,63,0
13768,3549,63,0
13769,13066,63,0
13770,40631,63,0
13771,2014,63,0
13772,15181,63,0
13773,5092,63,0
13774,14271,63,0
13775,252,63,0
13776,17817,63,0
13777,50439,63,0
13778,7558,63,0
13779,30036,63,0
13780,12440,63,0
13781,46567,63,0
13782,45952,63,0
13783,35717,63,0
13784,39769,63,0
13785,48529,63,0
13786,38279,63,0
13787,4034,63,0
13788,50461,63,0
13789,29944,63,0
13790,3532,63,0
13791,28723,63,0
13792,29377,63,0
13793,13855,63,0
13794,18649,63,0
13795,38189,63,0
13796,4647,63,0
13797,17998,63,0
13798,9656,63,0
13799,47896,63,0
13800,6479,63,0
13801,38329,63,0
13802,10973,63,0
13803,49536,63,0
13804,11920,63,0
13805,25252,63,0
13806,49613,63,0
13807,34641,63,0
13808,9863,63,0
13809,48604,63,0
13810,548,63,0
13811,50629,63,0
13812,34267,63,0
13813,27534,63,0
13814,41352,63,0
13815,48312,63,0
13816,30775,63,0
13817,48774,63,0
13818,21436,63,0
13819,22943,63,0
13820,4823,63,0
13821,17716,63,0
13822,1851,63,0
13823,10077,63,0
13824,44579,63,0
13825,32576,63,0
13826,4478,63,0
13827,14717,63,0
13828,15046,63,0
13829,37144,63,0
13830,2133,63,0
13831,50732,63,0
13832,48222,63,0
13833,29875,63,0
13834,36486,63,0
13835,37416,63,0
13836,4457,63,0
13837,50756,63,0
13838,37617,63,0
13839,32035,63,0
13840,45828,63,0
13841,21341,63,0
13842,48340,63,0
13843,14113,63,0
13844,33614,63,0
13845,36150,63,0
13846,20023,63,0
13847,8375,63,0
13848,24739,63,0
13849,1490,63,0
13850,48196,63,0
13851,15850,63,0
13852,41419,63,0
13853,48161,63,0
13854,48575,63,0
13855,10940,63,0
13856,20498,63,0
13857,47415,63,0
13858,49972,63,0
13859,34139,63,0
13860,10436,63,0
13861,27596,63,0
13862,49891,63,0
13863,12863,63,0
13864,12805,63,0
13865,35285,63,0
13866,17508,63,0
13867,7042,63,0
13868,12985,63,0
13869,15018,63,0
13870,46113,63,0
13871,8802,63,0
13872,12087,63,0
13873,18979,63,0
13874,39400,63,0
13875,36944,63,0
13876,35690,63,0
13877,22624,63,0
13878,41753,63,0
13879,20283,63,0
13880,31424,63,0
13881,5480,63,0
13882,18278,63,0
13883,2365,63,0
13884,19056,63,0
13885,19491,63,0
13886,16001,63,0
13887,24345,63,0
13888,36128,63,0
13889,48219,63,0
13890,189,63,0
13891,19823,63,0
13892,35726,63,0
13893,5194,63,0
13894,20614,63,0
13895,48458,63,0
13896,32726,63,0
13897,48265,63,0
13898,26320,63,0
13899,21542,63,0
13900,33048,63,0
13901,37456,63,0
13902,168,63,0
13903,10280,63,0
13904,27599,63,0
13905,45967,63,0
13906,23004,63,0
13907,48355,63,0
13908,3461,63,0
13909,27416,63,0
13910,26312,63,0
13911,39812,63,0
13912,36935,63,0
13913,19083,63,0
13914,9804,63,0
13915,18748,63,0
13916,37309,63,0
13917,19944,63,0
13918,43105,63,0
13919,8926,63,0
13920,29733,63,0
13921,40793,63,0
13922,16290,63,0
13923,1823,63,0
13924,17008,63,0
13925,12196,63,0
13926,24692,63,0
13927,16261,63,0
13928,11549,63,0
13929,14520,63,0
13930,35724,63,0
13931,748,63,0
13932,24170,63,0
13933,34265,63,0
13934,2609,63,0
13935,10538,63,0
13936,27834,63,0
13937,36862,63,0
13938,16456,63,0
13939,29183,63,0
13940,31590,63,0
13941,8071,63,0
13942,11028,63,0
13943,7317,63,0
13944,34638,63,0
13945,39137,63,0
13946,6836,63,0
13947,38261,63,0
13948,3035,63,0
13949,10845,63,0
13950,17662,63,0
13951,17004,63,0
13952,21719,63,0
13953,48688,63,0
13954,47350,63,0
13955,50535,63,0
13956,34792,63,0
13957,7107,63,0
13958,28869,63,0
13959,33521,63,0
13960,43657,63,0
13961,11689,63,0
13962,30000,63,0
13963,21717,63,0
13964,48331,63,0
13965,3293,63,0
13966,13396,63,0
13967,5454,63,0
13968,8277,63,0
13969,20273,63,0
13970,33998,63,0
13971,33241,63,0
13972,35573,63,0
13973,2892,63,0
13974,33041,63,0
13975,38634,63,0
13976,43624,63,0
13977,44010,63,0
13978,25496,63,0
13979,25779,63,0
13980,24193,63,0
13981,33979,63,0
13982,50146,63,0
13983,26056,63,0
13984,12736,63,0
13985,47262,63,0
13986,37026,63,0
13987,2389,63,0
13988,49076,63,0
13989,18962,63,0
13990,30818,63,0
13991,10101,63,0
13992,50503,63,0
13993,23563,63,0
13994,17316,63,0
13995,33610,63,0
13996,33440,63,0
13997,32121,63,0
13998,33705,63,0
13999,33825,63,0
14000,41100,63,0
14001,1026,63,0
14002,36809,63,0
14003,7764,63,0
14004,39300,63,0
14005,36203,63,0
14006,23636,63,0
14007,20298,63,0
14008,20689,63,0
14009,23170,63,0
14010,18503,63,0
14011,4722,63,0
14012,50504,63,0
14013,24348,63,0
14014,25259,63,0
14015,1853,63,0
14016,42612,63,0
14017,23381,63,0
14018,29655,63,0
14019,1151,63,0
14020,27096,63,0
14021,17331,63,0
14022,25026,63,0
14023,4983,63,0
14024,24633,63,0
14025,20337,63,0
14026,23221,63,0
14027,18730,63,0
14028,27578,63,0
14029,42826,63,0
14030,2641,63,0
14031,9579,63,0
14032,5489,63,0
14033,41588,63,0
14034,29755,63,0
14035,31880,63,0
14036,2660,63,0
14037,47967,63,0
14038,38332,63,0
14039,32450,63,0
14040,6255,63,0
14041,32149,63,0
14042,34493,63,0
14043,37236,63,0
14044,99,63,0
14045,23838,63,0
14046,6685,63,0
14047,49243,63,0
14048,30525,63,0
14049,6762,63,0
14050,34306,63,0
14051,30065,63,0
14052,10474,63,0
14053,11041,63,0
14054,19346,63,0
14055,36285,63,0
14056,41907,63,0
14057,23984,63,0
14058,8566,63,0
14059,4150,63,0
14060,14596,63,0
14061,8180,63,0
14062,25345,63,0
14063,22453,63,0
14064,1886,63,0
14065,29602,63,0
14066,45909,63,0
14067,6120,63,0
14068,31715,63,0
14069,33357,63,0
14070,35563,63,0
14071,34679,63,0
14072,23806,63,0
14073,14266,63,0
14074,26026,63,0
14075,174,63,0
14076,6544,63,0
14077,5338,63,0
14078,32366,63,0
14079,40983,63,0
14080,34973,63,0
14081,18778,63,0
14082,1017,63,0
14083,31260,63,0
14084,27511,63,0
14085,1931,63,0
14086,47388,63,0
14087,24431,63,0
14088,49156,63,0
14089,34616,63,0
14090,10764,63,0
14091,35291,63,0
14092,42627,63,0
14093,36982,63,0
14094,3704,63,0
14095,7213,63,0
14096,381,63,0
14097,28170,63,0
14098,42851,63,0
14099,29659,63,0
14100,18774,63,0
14101,15315,63,0
14102,37156,63,0
14103,18376,63,0
14104,46318,63,0
14105,28733,63,0
14106,45669,63,0
14107,30669,63,0
14108,27735,63,0
14109,8799,63,0
14110,16510,63,0
14111,32708,63,0
14112,20065,63,0
14113,2459,63,0
14114,34875,63,0
14115,19734,63,0
14116,34447,63,0
14117,21539,63,0
14118,50310,63,0
14119,21316,63,0
14120,22268,63,0
14121,3582,63,0
14122,10300,63,0
14123,25073,63,0
14124,10017,63,0
14125,21046,63,0
14126,44492,63,0
14127,18456,63,0
14128,27457,63,0
14129,33599,63,0
14130,20936,63,0
14131,18515,63,0
14132,21962,63,0
14133,2215,63,0
14134,39588,63,0
14135,30581,63,0
14136,48770,63,0
14137,15699,63,0
14138,32921,63,0
14139,264,63,0
14140,11890,63,0
14141,45990,63,0
14142,28177,63,0
14143,38486,63,0
14144,19490,63,0
14145,9474,63,0
14146,33224,63,0
14147,34915,63,0
14148,16110,63,0
14149,33438,63,0
14150,26750,63,0
14151,14547,63,0
14152,50560,63,0
14153,18629,63,0
14154,5515,63,0
14155,12769,63,0
14156,14187,63,0
14157,8085,63,0
14158,46088,63,0
14159,44106,63,0
14160,15582,63,0
14161,32198,63,0
14162,40067,63,0
14163,27630,63,0
14164,12199,63,0
14165,446,63,0
14166,42621,63,0
14167,40272,63,0
14168,8701,63,0
14169,17474,63,0
14170,10776,63,0
14171,29118,63,0
14172,34209,63,0
14173,3537,63,0
14174,26439,63,0
14175,33496,63,0
14176,29847,63,0
14177,7313,63,0
14178,38491,63,0
14179,34952,63,0
14180,32227,63,0
14181,17105,63,0
14182,35890,63,0
14183,13826,63,0
14184,14371,63,0
14185,27826,63,0
14186,44316,63,0
14187,27890,63,0
14188,17596,63,0
14189,3583,63,0
14190,34216,63,0
14191,24720,63,0
14192,40832,63,0
14193,16458,63,0
14194,37473,63,0
14195,14829,63,0
14196,27084,63,0
14197,36553,63,0
14198,18682,63,0
14199,33061,63,0
14200,569,63,0
14201,5756,63,0
14202,13243,63,0
14203,19827,63,0
14204,12130,63,0
14205,25831,63,0
14206,38304,63,0
14207,24137,63,0
14208,6526,63,0
14209,25520,63,0
14210,12461,63,0
14211,28239,63,0
14212,12298,63,0
14213,47942,63,0
14214,15034,63,0
14215,31546,63,0
14216,23863,63,0
14217,38267,63,0
14218,6695,63,0
14219,6846,63,0
14220,28632,63,0
14221,18654,63,0
14222,45288,63,0
14223,46998,63,0
14224,19486,63,0
14225,50184,63,0
14226,2618,63,0
14227,873,63,0
14228,38485,63,0
14229,38611,63,0
14230,38309,63,0
14231,248,63,0
14232,1570,63,0
14233,24135,63,0
14234,13813,63,0
14235,11352,63,0
14236,37346,63,0
14237,34822,63,0
14238,35227,63,0
14239,27565,63,0
14240,10114,63,0
14241,22636,63,0
14242,11011,63,0
14243,8211,63,0
14244,13300,63,0
14245,972,63,0
14246,21949,63,0
14247,2074,63,0
14248,11322,63,0
14249,4229,63,0
14250,1073,63,0
14251,17111,63,0
14252,28203,63,0
14253,18478,63,0
14254,8042,63,0
14255,49378,63,0
14256,34525,63,0
14257,30552,63,0
14258,50514,63,0
14259,17391,63,0
14260,12608,63,0
14261,32439,63,0
14262,26987,63,0
14263,49128,63,0
14264,21591,63,0
14265,48940,63,0
14266,4130,63,0
14267,22431,63,0
14268,25412,63,0
14269,50282,63,0
14270,15198,63,0
14271,28845,63,0
14272,14792,63,0
14273,14702,63,0
14274,16746,63,0
14275,25363,63,0
14276,49632,63,0
14277,27224,63,0
14278,7125,63,0
14279,50247,63,0
14280,35841,63,0
14281,32271,63,0
14282,37892,63,0
14283,22408,63,0
14284,35075,63,0
14285,45223,63,0
14286,5767,63,0
14287,14701,63,0
14288,24476,63,0
14289,24158,63,0
14290,13431,63,0
14291,31382,63,0
14292,48066,63,0
14293,1392,63,0
14294,23623,63,0
14295,38615,63,0
14296,50208,63,0
14297,18739,63,0
14298,45741,63,0
14299,4064,63,0
14300,7339,63,0
14301,32555,63,0
14302,31838,63,0
14303,19449,63,0
14304,2748,63,0
14305,24490,63,0
14306,46037,63,0
14307,11614,63,0
14308,15919,63,0
14309,30527,63,0
14310,33839,63,0
14311,22433,63,0
14312,21400,63,0
14313,795,63,0
14314,16779,63,0
14315,7545,63,0
14316,35643,63,0
14317,25547,63,0
14318,19617,63,0
14319,16601,63,0
14320,23562,63,0
14321,13333,63,0
14322,14010,63,0
14323,14953,63,0
14324,19193,63,0
14325,18070,63,0
14326,4127,63,0
14327,33036,63,0
14328,10888,63,0
14329,42875,63,0
14330,33367,63,0
14331,30404,63,0
14332,18703,63,0
14333,15203,63,0
14334,9673,63,0
14335,2918,63,0
14336,31370,63,0
14337,10098,63,0
14338,15001,63,0
14339,31972,63,0
14340,1634,63,0
14341,6194,63,0
14342,22378,63,0
14343,30384,63,0
14344,29411,63,0
14345,42231,63,0
14346,32290,63,0
14347,49331,63,0
14348,4624,63,0
14349,28198,63,0
14350,48296,63,0
14351,42595,63,0
14352,30205,63,0
14353,50726,63,0
14354,43683,63,0
14355,30494,63,0
14356,12986,63,0
14357,26216,63,0
14358,30752,63,0
14359,29236,63,0
14360,951,63,0
14361,34732,63,0
14362,36138,63,0
14363,50242,63,0
14364,1965,63,0
14365,8866,63,0
14366,39761,63,0
14367,47167,63,0
14368,17248,63,0
14369,26769,63,0
14370,44735,63,0
14371,33675,63,0
14372,30050,63,0
14373,46749,63,0
14374,5636,63,0
14375,22947,63,0
14376,39439,63,0
14377,230,63,0
14378,10400,63,0
14379,25645,63,0
14380,27069,63,0
14381,45949,63,0
14382,3021,63,0
14383,23872,63,0
14384,29649,63,0
14385,26807,63,0
14386,3803,63,0
14387,20912,63,0
14388,8111,63,0
14389,21249,63,0
14390,4849,63,0
14391,13424,63,0
14392,21696,63,0
14393,3750,63,0
14394,24630,63,0
14395,11483,63,0
14396,30109,63,0
14397,50349,63,0
14398,3218,63,0
14399,13399,63,0
14400,25788,63,0
14401,9690,63,0
14402,21137,63,0
14403,38125,63,0
14404,46385,63,0
14405,20662,63,0
14406,42751,63,0
14407,16527,63,0
14408,29650,63,0
14409,38163,63,0
14410,11899,63,0
14411,11578,63,0
14412,30155,63,0
14413,29267,63,0
14414,47910,63,0
14415,5649,63,0
14416,42574,63,0
14417,34146,63,0
14418,49823,63,0
14419,15005,63,0
14420,10297,63,0
14421,7031,63,0
14422,7788,63,0
14423,29738,63,0
14424,22147,63,0
14425,23972,63,0
14426,36123,63,0
14427,34737,63,0
14428,33786,63,0
14429,4867,63,0
14430,40833,63,0
14431,926,63,0
14432,49144,63,0
14433,7921,63,0
14434,48349,63,0
14435,19371,63,0
14436,35761,63,0
14437,21190,63,0
14438,18374,63,0
14439,1210,63,0
14440,35021,63,0
14441,2349,63,0
14442,21691,63,0
14443,30219,63,0
14444,26051,63,0
14445,47711,63,0
14446,17859,63,0
14447,25610,63,0
14448,6974,63,0
14449,10369,63,0
14450,34505,63,0
14451,37197,63,0
14452,15879,63,0
14453,48388,63,0
14454,39645,63,0
14455,28709,63,0
14456,33215,63,0
14457,23801,63,0
14458,34720,63,0
14459,23331,63,0
14460,27603,63,0
14461,20096,63,0
14462,1827,63,0
14463,33504,63,0
14464,74,63,0
14465,13237,63,0
14466,42624,63,0
14467,6781,63,0
14468,48748,63,0
14469,46012,63,0
14470,19336,63,0
14471,886,63,0
14472,29528,63,0
14473,24250,63,0
14474,30865,63,0
14475,23572,63,0
14476,36056,63,0
14477,1757,63,0
14478,32820,63,0
14479,1429,63,0
14480,31447,63,0
14481,5349,63,0
14482,35869,63,0
14483,49955,63,0
14484,26095,63,0
14485,19893,63,0
14486,5801,63,0
14487,42049,63,0
14488,30377,63,0
14489,5696,63,0
14490,4888,63,0
14491,7184,63,0
14492,30074,63,0
14493,4443,63,0
14494,18440,63,0
14495,25995,63,0
14496,4896,63,0
14497,7508,63,0
14498,16302,63,0
14499,30352,63,0
14500,16006,63,0
14501,4119,63,0
14502,12913,63,0
14503,42952,63,0
14504,14095,63,0
14505,33554,63,0
14506,16773,63,0
14507,46259,63,0
14508,49908,63,0
14509,23462,63,0
14510,10209,63,0
14511,5428,63,0
14512,30884,63,0
14513,9037,63,0
14514,19432,63,0
14515,44749,63,0
14516,7641,63,0
14517,23094,63,0
14518,49989,63,0
14519,38689,63,0
14520,13548,63,0
14521,10112,63,0
14522,21930,63,0
14523,15572,63,0
14524,50374,63,0
14525,49377,63,0
14526,14629,63,0
14527,7203,63,0
14528,33340,63,0
14529,15164,63,0
14530,41064,63,0
14531,21805,63,0
14532,29672,63,0
14533,50566,63,0
14534,16953,63,0
14535,150,63,0
14536,22524,63,0
14537,32308,63,0
14538,27495,63,0
14539,10107,63,0
14540,1571,63,0
14541,2426,63,0
14542,20644,63,0
14543,37149,63,0
14544,18103,63,0
14545,5262,63,0
14546,4419,63,0
14547,14349,63,0
14548,16143,63,0
14549,17430,63,0
14550,24274,63,0
14551,42325,63,0
14552,33161,63,0
14553,35439,63,0
14554,25972,63,0
14555,5494,63,0
14556,28157,63,0
14557,5027,63,0
14558,34912,63,0
14559,22525,63,0
14560,46711,63,0
14561,41067,63,0
14562,18891,63,0
14563,35651,63,0
14564,50019,63,0
14565,22155,63,0
14566,21692,63,0
14567,18691,63,0
14568,44264,63,0
14569,23087,63,0
14570,176,63,0
14571,4366,63,0
14572,27001,63,0
14573,44262,63,0
14574,18719,63,0
14575,41519,63,0
14576,39095,63,0
14577,47087,63,0
14578,29857,63,0
14579,37481,63,0
14580,7292,63,0
14581,48351,63,0
14582,4821,63,0
14583,44411,63,0
14584,27683,63,0
14585,18836,63,0
14586,17170,63,0
14587,28969,63,0
14588,44887,63,0
14589,9975,63,0
14590,8165,63,0
14591,10284,63,0
14592,25501,63,0
14593,22496,63,0
14594,12040,63,0
14595,35156,63,0
14596,3602,63,0
14597,21520,63,0
14598,34232,63,0
14599,18773,63,0
14600,25438,63,0
14601,25478,63,0
14602,22011,63,0
14603,22568,63,0
14604,19489,63,0
14605,17825,63,0
14606,8239,63,0
14607,5410,63,0
14608,35719,63,0
14609,34797,63,0
14610,32500,63,0
14611,31081,63,0
14612,31877,63,0
14613,19966,63,0
14614,2821,63,0
14615,29010,63,0
14616,3328,63,0
14617,10277,63,0
14618,32287,63,0
14619,10969,63,0
14620,45920,63,0
14621,33066,63,0
14622,14800,63,0
14623,5564,63,0
14624,145,63,0
14625,33630,63,0
14626,14731,63,0
14627,24778,63,0
14628,5486,63,0
14629,39230,63,0
14630,50526,63,0
14631,11223,63,0
14632,22781,63,0
14633,34420,63,0
14634,12314,63,0
14635,45855,63,0
14636,13272,63,0
14637,41077,63,0
14638,31158,63,0
14639,50015,63,0
14640,24125,63,0
14641,21246,63,0
14642,42288,63,0
14643,49170,63,0
14644,23124,63,0
14645,3452,63,0
14646,20352,63,0
14647,36313,63,0
14648,31450,63,0
14649,1040,63,0
14650,222,63,0
14651,5731,63,0
14652,47827,63,0
14653,49988,63,0
14654,3885,63,0
14655,49324,63,0
14656,33311,63,0
14657,6023,63,0
14658,46508,63,0
14659,2069,63,0
14660,26645,63,0
14661,46397,63,0
14662,17003,63,0
14663,19619,63,0
14664,14930,63,0
14665,35535,63,0
14666,43143,63,0
14667,19638,63,0
14668,6058,63,0
14669,4937,63,0
14670,42849,63,0
14671,2177,63,0
14672,25179,63,0
14673,865,63,0
14674,7965,63,0
14675,19273,63,0
14676,19589,63,0
14677,263,63,0
14678,34753,63,0
14679,7085,63,0
14680,49624,63,0
14681,34004,63,0
14682,30287,63,0
14683,4809,63,0
14684,33659,63,0
14685,39817,63,0
14686,16997,63,0
14687,28280,63,0
14688,28697,63,0
14689,46591,63,0
14690,49644,63,0
14691,25920,63,0
14692,10296,63,0
14693,45563,63,0
14694,31906,63,0
14695,22323,63,0
14696,50590,63,0
14697,41470,63,0
14698,13359,63,0
14699,3313,63,0
14700,17353,63,0
14701,5,63,0
14702,49610,63,0
14703,10201,63,0
14704,31675,63,0
14705,26991,63,0
14706,35264,63,0
14707,6001,63,0
14708,3188,63,0
14709,39635,63,0
14710,7980,63,0
14711,16043,63,0
14712,10374,63,0
14713,11676,63,0
14714,3920,63,0
14715,17318,63,0
14716,3939,63,0
14717,28820,63,0
14718,1253,63,0
14719,7685,63,0
14720,100,63,0
14721,31405,63,0
14722,7846,63,0
14723,163,63,0
14724,47780,63,0
14725,48542,63,0
14726,26247,63,0
14727,38540,63,0
14728,24255,63,0
14729,7397,63,0
14730,47958,63,0
14731,4022,63,0
14732,49173,63,0
14733,20269,63,0
14734,25993,63,0
14735,48658,63,0
14736,22165,63,0
14737,36007,63,0
14738,17617,63,0
14739,50320,63,0
14740,33544,63,0
14741,43655,63,0
14742,21819,63,0
14743,23571,63,0
14744,32974,63,0
14745,47717,63,0
14746,1261,63,0
14747,33164,63,0
14748,1474,63,0
14749,38236,63,0
14750,5275,63,0
14751,3039,63,0
14752,20404,63,0
14753,38475,63,0
14754,11375,63,0
14755,18947,63,0
14756,10318,63,0
14757,17244,63,0
14758,6098,63,0
14759,41573,63,0
14760,13951,63,0
14761,1854,63,0
14762,18104,63,0
14763,46152,63,0
14764,48972,63,0
14765,48742,63,0
14766,18109,63,0
14767,30804,63,0
14768,7506,63,0
14769,36900,63,0
14770,45190,63,0
14771,48016,63,0
14772,28668,63,0
14773,20854,63,0
14774,12744,63,0
14775,20716,63,0
14776,2128,63,0
14777,30067,63,0
14778,49101,63,0
14779,23978,63,0
14780,14644,63,0
14781,34852,63,0
14782,29745,63,0
14783,41933,63,0
14784,33591,63,0
14785,18327,63,0
14786,50573,63,0
14787,24657,63,0
14788,25003,63,0
14789,46127,63,0
14790,11813,63,0
14791,38650,63,0
14792,28855,63,0
14793,19135,63,0
14794,1709,63,0
14795,935,63,0
14796,19971,63,0
14797,33661,63,0
14798,18409,63,0
14799,37529,63,0
14800,37159,63,0
14801,49860,63,0
14802,17496,63,0
14803,2785,63,0
14804,47582,63,0
14805,37105,63,0
14806,48617,63,0
14807,22544,63,0
14808,21239,63,0
14809,27670,63,0
14810,40031,63,0
14811,39142,63,0
14812,46596,63,0
14813,29282,63,0
14814,5267,63,0
14815,47406,63,0
14816,12780,63,0
14817,3497,63,0
14818,26636,63,0
14819,18582,63,0
14820,20072,63,0
14821,40196,63,0
14822,27772,63,0
14823,45726,63,0
14824,17420,63,0
14825,24261,63,0
14826,3262,63,0
14827,10276,63,0
14828,15667,63,0
14829,29971,63,0
14830,15629,63,0
14831,31621,63,0
14832,1873,63,0
14833,37453,63,0
14834,19457,63,0
14835,10041,63,0
14836,17838,63,0
14837,2416,63,0
14838,5555,63,0
14839,12322,63,0
14840,11696,63,0
14841,8934,63,0
14842,35769,63,0
14843,23603,63,0
14844,4201,63,0
14845,34539,63,0
14846,42503,63,0
14847,41099,63,0
14848,32922,63,0
14849,37871,63,0
14850,5760,63,0
14851,5347,63,0
14852,48083,63,0
14853,17976,63,0
14854,5690,63,0
14855,27885,63,0
14856,14505,63,0
14857,3770,63,0
14858,47011,63,0
14859,44714,63,0
14860,16998,63,0
14861,1123,63,0
14862,7316,63,0
14863,4724,63,0
14864,30117,63,0
14865,18621,63,0
14866,37229,63,0
14867,1816,63,0
14868,18791,63,0
14869,2082,63,0
14870,49416,63,0
14871,1159,63,0
14872,23280,63,0
14873,15269,63,0
14874,56,63,0
14875,24604,63,0
14876,16385,63,0
14877,25571,63,0
14878,22387,63,0
14879,47040,63,0
14880,324,63,0
14881,30879,63,0
14882,41844,63,0
14883,84,63,0
14884,2890,63,0
14885,22716,63,0
14886,38166,63,0
14887,676,63,0
14888,49072,63,0
14889,47555,63,0
14890,50470,63,0
14891,41070,63,0
14892,30530,63,0
14893,31270,63,0
14894,18154,63,0
14895,48085,63,0
14896,4346,63,0
14897,44626,63,0
14898,14207,63,0
14899,50725,63,0
14900,3751,63,0
14901,21215,63,0
14902,38753,63,0
14903,12125,63,0
14904,20736,63,0
14905,1325,63,0
14906,17492,63,0
14907,11538,63,0
14908,24114,63,0
14909,8435,63,0
14910,40922,63,0
14911,31869,63,0
14912,50277,63,0
14913,35492,63,0
14914,16635,63,0
14915,428,63,0
14916,45765,63,0
14917,41449,63,0
14918,33791,63,0
14919,6692,63,0
14920,45620,63,0
14921,45986,63,0
14922,28294,63,0
14923,48883,63,0
14924,49030,63,0
14925,34978,63,0
14926,13753,63,0
14927,24126,63,0
14928,27865,63,0
14929,36581,63,0
14930,18121,63,0
14931,49172,63,0
14932,6531,63,0
14933,43877,63,0
14934,33761,63,0
14935,6003,63,0
14936,4387,63,0
14937,18800,63,0
14938,4370,63,0
14939,11149,63,0
14940,23068,63,0
14941,13385,63,0
14942,50471,63,0
14943,1937,63,0
14944,44664,63,0
14945,35034,63,0
14946,24457,63,0
14947,6968,63,0
14948,49061,63,0
14949,8385,63,0
14950,48596,63,0
14951,29060,63,0
14952,12220,63,0
14953,48020,63,0
14954,10287,63,0
14955,15155,63,0
14956,12925,63,0
14957,22969,63,0
14958,13009,63,0
14959,25358,63,0
14960,8945,63,0
14961,1610,63,0
14962,31076,63,0
14963,46078,63,0
14964,34966,63,0
14965,39857,63,0
14966,40627,63,0
14967,47796,63,0
14968,31686,63,0
14969,25834,63,0
14970,32798,63,0
14971,46811,63,0
14972,44660,63,0
14973,35219,63,0
14974,19263,63,0
14975,25493,63,0
14976,9081,63,0
14977,12352,63,0
14978,14121,63,0
14979,2752,63,0
14980,40414,63,0
14981,1025,63,0
14982,24145,63,0
14983,46144,63,0
14984,18305,63,0
14985,3526,63,0
14986,19901,63,0
14987,24226,63,0
14988,17816,63,0
14989,5597,63,0
14990,38875,63,0
14991,35579,63,0
14992,13134,63,0
14993,43504,63,0
14994,27595,63,0
14995,8732,63,0
14996,30388,63,0
14997,31248,63,0
14998,41068,63,0
14999,49386,63,0
15000,21383,63,0
15001,16450,63,0
15002,7082,63,0
15003,29074,63,0
15004,43018,63,0
15005,13745,63,0
15006,29829,63,0
15007,41947,63,0
15008,12463,63,0
15009,8373,63,0
15010,19664,63,0
15011,19968,63,0
15012,34354,63,0
15013,39394,63,0
15014,17529,63,0
15015,40800,63,0
15016,43337,63,0
15017,32624,63,0
15018,42448,63,0
15019,47126,63,0
15020,8389,63,0
15021,26213,63,0
15022,41887,63,0
15023,30266,63,0
15024,34329,63,0
15025,22908,63,0
15026,29394,63,0
15027,1126,63,0
15028,12869,63,0
15029,33169,63,0
15030,35989,63,0
15031,261,63,0
15032,30342,63,0
15033,49631,63,0
15034,39623,63,0
15035,28801,63,0
15036,8681,63,0
15037,34670,63,0
15038,8548,63,0
15039,15175,63,0
15040,19291,63,0
15041,28682,63,0
15042,882,63,0
15043,19894,63,0
15044,43729,63,0
15045,22995,63,0
15046,281,63,0
15047,19272,63,0
15048,23201,63,0
15049,4016,63,0
15050,10371,63,0
15051,2401,63,0
15052,5339,63,0
15053,17744,63,0
15054,43627,63,0
15055,26964,63,0
15056,36079,63,0
15057,18687,63,0
15058,15467,63,0
15059,36142,63,0
15060,27422,63,0
15061,33624,63,0
15062,7240,63,0
15063,29187,63,0
15064,8329,63,0
15065,8534,63,0
15066,3705,63,0
15067,38097,63,0
15068,26843,63,0
15069,18589,63,0
15070,45946,63,0
15071,40283,63,0
15072,22789,63,0
15073,24961,63,0
15074,35052,63,0
15075,46470,63,0
15076,35931,63,0
15077,40944,63,0
15078,23465,63,0
15079,26434,63,0
15080,39868,63,0
15081,49688,63,0
15082,28358,63,0
15083,17971,63,0
15084,31827,63,0
15085,26284,63,0
15086,25450,63,0
15087,41140,63,0
15088,2507,63,0
15089,12459,63,0
15090,28456,63,0
15091,36824,63,0
15092,39828,63,0
15093,9785,63,0
15094,14083,63,0
15095,22397,63,0
15096,11182,63,0
15097,334,63,0
15098,10511,63,0
15099,38992,63,0
15100,26271,63,0
15101,4265,63,0
15102,16941,63,0
15103,28714,63,0
15104,22457,63,0
15105,15713,63,0
15106,6522,63,0
15107,19106,63,0
15108,30020,63,0
15109,44987,63,0
15110,1658,63,0
15111,301,63,0
15112,14130,63,0
15113,12268,63,0
15114,7044,63,0
15115,38176,63,0
15116,2460,63,0
15117,4436,63,0
15118,42356,63,0
15119,23517,63,0
15120,3119,63,0
15121,48322,63,0
15122,14725,63,0
15123,4149,63,0
15124,40161,63,0
15125,1746,63,0
15126,21933,63,0
15127,34303,63,0
15128,12517,63,0
15129,21571,63,0
15130,30919,63,0
15131,31067,63,0
15132,34833,63,0
15133,14209,63,0
15134,28811,63,0
15135,32975,63,0
15136,36342,63,0
15137,33063,63,0
15138,5682,63,0
15139,7631,63,0
15140,22963,63,0
15141,35431,63,0
15142,41712,63,0
15143,7048,63,0
15144,3367,63,0
15145,33269,63,0
15146,6378,63,0
15147,16446,63,0
15148,5067,63,0
15149,127,63,0
15150,28572,63,0
15151,12704,63,0
15152,18625,63,0
15153,8442,63,0
15154,15558,63,0
15155,27869,63,0
15156,49950,63,0
15157,46448,63,0
15158,36195,63,0
15159,36367,63,0
15160,23678,63,0
15161,47409,63,0
15162,23588,63,0
15163,10836,63,0
15164,32255,63,0
15165,16966,63,0
15166,33317,63,0
15167,2007,63,0
15168,27669,63,0
15169,14170,63,0
15170,2475,63,0
15171,36437,63,0
15172,30135,63,0
15173,24381,63,0
15174,4753,63,0
15175,21820,63,0
15176,2894,63,0
15177,41869,63,0
15178,14710,63,0
15179,7637,63,0
15180,33902,63,0
15181,42631,63,0
15182,26215,63,0
15183,37009,63,0
15184,36217,63,0
15185,19987,63,0
15186,44856,63,0
15187,36937,63,0
15188,19853,63,0
15189,31913,63,0
15190,5660,63,0
15191,16875,63,0
15192,6533,63,0
15193,11498,63,0
15194,183,63,0
15195,5393,63,0
15196,31962,63,0
15197,21533,63,0
15198,30636,63,0
15199,44404,63,0
15200,8416,63,0
15201,31619,63,0
15202,19210,63,0
15203,34006,63,0
15204,19969,63,0
15205,20316,63,0
15206,15983,63,0
15207,39658,63,0
15208,26832,63,0
15209,44851,63,0
15210,5736,63,0
15211,38039,63,0
15212,7484,63,0
15213,31529,63,0
15214,48175,63,0
15215,27743,63,0
15216,44879,63,0
15217,43880,63,0
15218,45571,63,0
15219,25213,63,0
15220,1035,63,0
15221,20274,63,0
15222,28245,63,0
15223,33306,63,0
15224,19697,63,0
15225,13909,63,0
15226,4440,63,0
15227,49748,63,0
15228,4235,63,0
15229,35997,63,0
15230,35996,63,0
15231,12417,63,0
15232,4494,63,0
15233,12194,63,0
15234,24103,63,0
15235,27971,63,0
15236,9297,63,0
15237,23147,63,0
15238,27027,63,0
15239,18414,63,0
15240,6090,63,0
15241,34290,63,0
15242,39966,63,0
15243,19782,63,0
15244,13567,63,0
15245,13357,63,0
15246,15416,63,0
15247,45483,63,0
15248,28149,63,0
15249,46951,63,0
15250,42625,63,0
15251,49822,63,0
15252,9402,63,0
15253,21785,63,0
15254,48562,63,0
15255,21007,63,0
15256,1848,63,0
15257,42674,63,0
15258,49025,63,0
15259,18167,63,0
15260,23167,63,0
15261,12304,63,0
15262,11872,63,0
15263,484,63,0
15264,48277,63,0
15265,3596,63,0
15266,49141,63,0
15267,2619,63,0
15268,1332,63,0
15269,7028,63,0
15270,44717,63,0
15271,24293,63,0
15272,1416,63,0
15273,1014,63,0
15274,34311,63,0
15275,37485,63,0
15276,38076,63,0
15277,36175,63,0
15278,43109,63,0
15279,5152,63,0
15280,25615,63,0
15281,20494,63,0
15282,21781,63,0
15283,46341,63,0
15284,36895,63,0
15285,35341,63,0
15286,36676,63,0
15287,27314,63,0
15288,31445,63,0
15289,8680,63,0
15290,32238,63,0
15291,46889,63,0
15292,42147,63,0
15293,22569,63,0
15294,7679,63,0
15295,12321,63,0
15296,46690,63,0
15297,49889,63,0
15298,43503,63,0
15299,1655,63,0
15300,44916,63,0
15301,36617,63,0
15302,10174,63,0
15303,1515,63,0
15304,24197,63,0
15305,6415,63,0
15306,19958,63,0
15307,26006,63,0
15308,42586,63,0
15309,22266,63,0
15310,48809,63,0
15311,33623,63,0
15312,23751,63,0
15313,25693,63,0
15314,5133,63,0
15315,19941,63,0
15316,11085,63,0
15317,16032,63,0
15318,37767,63,0
15319,50443,63,0
15320,17556,63,0
15321,15183,63,0
15322,6337,63,0
15323,12819,63,0
15324,7997,63,0
15325,29901,63,0
15326,8092,63,0
15327,42768,63,0
15328,47277,63,0
15329,47164,63,0
15330,48199,63,0
15331,15247,63,0
15332,2161,63,0
15333,35228,63,0
15334,34991,63,0
15335,3403,63,0
15336,48450,63,0
15337,28497,63,0
15338,46063,63,0
15339,35244,63,0
15340,3957,63,0
15341,17097,63,0
15342,3466,63,0
15343,8904,63,0
15344,690,63,0
15345,5340,63,0
15346,1011,63,0
15347,16128,63,0
15348,48174,63,0
15349,42166,63,0
15350,11090,63,0
15351,2607,63,0
15352,45021,63,0
15353,26597,63,0
15354,1640,63,0
15355,48506,63,0
15356,3608,63,0
15357,22728,63,0
15358,8745,63,0
15359,1445,63,0
15360,23408,63,0
15361,3374,63,0
15362,3916,63,0
15363,29315,63,0
15364,17394,63,0
15365,1108,63,0
15366,2292,63,0
15367,16811,63,0
15368,45905,63,0
15369,33175,63,0
15370,20258,63,0
15371,18330,63,0
15372,46294,63,0
15373,1067,63,0
15374,11370,63,0
15375,16851,63,0
15376,3442,63,0
15377,27720,63,0
15378,2210,63,0
15379,6659,63,0
15380,1229,63,0
15381,13390,63,0
15382,23876,63,0
15383,7350,63,0
15384,11475,63,0
15385,44516,63,0
15386,4534,63,0
15387,5384,63,0
15388,42339,63,0
15389,106,63,0
15390,15875,63,0
15391,48378,63,0
15392,13360,63,0
15393,31174,63,0
15394,19487,63,0
15395,29563,63,0
15396,25913,63,0
15397,21752,63,0
15398,7218,63,0
15399,39662,63,0
15400,8637,63,0
15401,11399,63,0
15402,3322,63,0
15403,25409,63,0
15404,25107,63,0
15405,45630,63,0
15406,42677,63,0
15407,31498,63,0
15408,16029,63,0
15409,38847,63,0
15410,16609,63,0
15411,7672,63,0
15412,35963,63,0
15413,25250,63,0
15414,35906,63,0
15415,7654,63,0
15416,14131,63,0
15417,15920,63,0
15418,9058,63,0
15419,29681,63,0
15420,46718,63,0
15421,14914,63,0
15422,10292,63,0
15423,11587,63,0
15424,33084,63,0
15425,33790,63,0
15426,41681,63,0
15427,41276,63,0
15428,35878,63,0
15429,35217,63,0
15430,29209,63,0
15431,27019,63,0
15432,46064,63,0
15433,14851,63,0
15434,158,63,0
15435,26444,63,0
15436,2524,63,0
15437,12811,63,0
15438,19754,63,0
15439,50600,63,0
15440,12897,63,0
15441,42086,63,0
15442,12826,63,0
15443,38101,63,0
15444,20719,63,0
15445,47564,63,0
15446,29382,63,0
15447,40420,63,0
15448,18405,63,0
15449,48487,63,0
15450,14218,63,0
15451,26603,63,0
15452,7730,63,0
15453,24432,63,0
15454,19742,63,0
15455,38703,63,0
15456,26214,63,0
15457,27901,63,0
15458,33284,63,0
15459,50720,63,0
15460,25743,63,0
15461,16903,63,0
15462,46305,63,0
15463,29978,63,0
15464,34765,63,0
15465,32792,63,0
15466,46362,63,0
15467,40592,63,0
15468,10262,63,0
15469,19248,63,0
15470,31865,63,0
15471,28805,63,0
15472,13363,63,0
15473,44560,63,0
15474,17022,63,0
15475,5268,63,0
15476,20774,63,0
15477,23104,63,0
15478,39140,63,0
15479,190,63,0
15480,47974,63,0
15481,535,63,0
15482,18650,63,0
15483,3778,63,0
15484,3637,63,0
15485,46375,63,0
15486,16634,63,0
15487,17351,63,0
15488,32742,63,0
15489,7369,63,0
15490,23720,63,0
15491,11271,63,0
15492,17440,63,0
15493,49411,63,0
15494,29566,63,0
15495,35199,63,0
15496,13419,63,0
15497,6403,63,0
15498,31401,63,0
15499,28362,63,0
15500,29570,63,0
15501,33358,63,0
15502,38272,63,0
15503,48089,63,0
15504,42246,63,0
15505,17526,63,0
15506,3448,63,0
15507,33198,63,0
15508,30859,63,0
15509,28415,63,0
15510,44587,63,0
15511,19783,63,0
15512,20,63,0
15513,44763,63,0
15514,50627,63,0
15515,16080,63,0
15516,12167,63,0
15517,31632,63,0
15518,12405,63,0
15519,14869,63,0
15520,48689,63,0
15521,17080,63,0
15522,114,63,0
15523,45247,63,0
15524,18684,63,0
15525,15932,63,0
15526,18623,63,0
15527,13566,63,0
15528,43032,63,0
15529,32671,63,0
15530,1080,63,0
15531,38954,63,0
15532,41368,63,0
15533,27363,63,0
15534,146,63,0
15535,47125,63,0
15536,4447,63,0
15537,23712,63,0
15538,13456,63,0
15539,31436,63,0
15540,26502,63,0
15541,35955,63,0
15542,38293,63,0
15543,5086,63,0
15544,15459,63,0
15545,48235,63,0
15546,48884,63,0
15547,50696,63,0
15548,32324,63,0
15549,33546,63,0
15550,46910,63,0
15551,19787,63,0
15552,14677,63,0
15553,50106,63,0
15554,2132,63,0
15555,46457,63,0
15556,35078,63,0
15557,27765,63,0
15558,25356,63,0
15559,7062,63,0
15560,44279,63,0
15561,35934,63,0
15562,28526,63,0
15563,44355,63,0
15564,9351,63,0
15565,12399,63,0
15566,16387,63,0
15567,32006,63,0
15568,46492,63,0
15569,48127,63,0
15570,20786,63,0
15571,31677,63,0
15572,16197,63,0
15573,4969,63,0
15574,36075,63,0
15575,27642,63,0
15576,41643,63,0
15577,49929,63,0
15578,25528,63,0
15579,10540,63,0
15580,16856,63,0
15581,32632,63,0
15582,2688,63,0
15583,9828,63,0
15584,22459,63,0
15585,4420,63,0
15586,17867,63,0
15587,35012,63,0
15588,11941,63,0
15589,27051,63,0
15590,32235,63,0
15591,470,63,0
15592,7915,63,0
15593,46398,63,0
15594,29331,63,0
15595,1192,63,0
15596,42218,63,0
15597,1189,63,0
15598,15764,63,0
15599,32298,63,0
15600,1963,63,0
15601,45660,63,0
15602,32521,63,0
15603,5902,63,0
15604,33545,63,0
15605,24292,63,0
15606,25824,63,0
15607,48337,63,0
15608,23934,63,0
15609,22094,63,0
15610,38771,63,0
15611,29972,63,0
15612,47463,63,0
15613,12452,63,0
15614,46076,63,0
15615,20019,63,0
15616,1690,63,0
15617,32558,63,0
15618,48285,63,0
15619,23214,63,0
15620,9123,63,0
15621,43073,63,0
15622,32223,63,0
15623,35871,63,0
15624,20541,63,0
15625,47577,63,0
15626,1559,63,0
15627,6528,63,0
15628,27987,63,0
15629,37646,63,0
15630,691,63,0
15631,29841,63,0
15632,32374,63,0
15633,23992,63,0
15634,46485,63,0
15635,40982,63,0
15636,44431,63,0
15637,7152,63,0
15638,43330,63,0
15639,14342,63,0
15640,41340,63,0
15641,50147,63,0
15642,32696,63,0
15643,15204,63,0
15644,29827,63,0
15645,43940,63,0
15646,35070,63,0
15647,23736,63,0
15648,41009,63,0
15649,43978,63,0
15650,42711,63,0
15651,2072,63,0
15652,32723,63,0
15653,39578,63,0
15654,31719,63,0
15655,12175,63,0
15656,13506,63,0
15657,44595,63,0
15658,24210,63,0
15659,31060,63,0
15660,33450,63,0
15661,3089,63,0
15662,3722,63,0
15663,8293,63,0
15664,9876,63,0
15665,18672,63,0
15666,23830,63,0
15667,31885,63,0
15668,17029,63,0
15669,17211,63,0
15670,16311,63,0
15671,42646,63,0
15672,37674,63,0
15673,30171,63,0
15674,36028,63,0
15675,48381,63,0
15676,42517,63,0
15677,3666,63,0
15678,21816,63,0
15679,13443,63,0
15680,6752,63,0
15681,47641,63,0
15682,23885,63,0
15683,25355,63,0
15684,228,63,0
15685,6230,63,0
15686,36386,63,0
15687,18371,63,0
15688,44309,63,0
15689,13120,63,0
15690,25790,63,0
15691,15075,63,0
15692,11361,63,0
15693,31951,63,0
15694,7207,63,0
15695,24035,63,0
15696,27648,63,0
15697,39276,63,0
15698,16493,63,0
15699,15490,63,0
15700,22389,63,0
15701,7762,63,0
15702,11232,63,0
15703,13889,63,0
15704,29303,63,0
15705,45395,63,0
15706,41673,63,0
15707,40601,63,0
15708,664,63,0
15709,14779,63,0
15710,38481,63,0
15711,31349,63,0
15712,45019,63,0
15713,17804,63,0
15714,37517,63,0
15715,18787,63,0
15716,42396,63,0
15717,22236,63,0
15718,11753,63,0
15719,9538,63,0
15720,6843,63,0
15721,70,63,0
15722,43395,63,0
15723,2362,63,0
15724,2131,63,0
15725,18126,63,0
15726,13266,63,0
15727,13394,63,0
15728,16965,63,0
15729,27248,63,0
15730,24656,63,0
15731,46227,63,0
15732,41057,63,0
15733,10958,63,0
15734,4599,63,0
15735,28980,63,0
15736,9385,63,0
15737,27184,63,0
15738,41571,63,0
15739,43760,63,0
15740,16188,63,0
15741,10398,63,0
15742,3858,63,0
15743,10384,63,0
15744,6794,63,0
15745,40322,63,0
15746,14877,63,0
15747,24332,63,0
15748,16793,63,0
15749,27419,63,0
15750,24783,63,0
15751,30536,63,0
15752,12853,63,0
15753,32986,63,0
15754,16931,63,0
15755,31213,63,0
15756,20863,63,0
15757,38745,63,0
15758,49514,63,0
15759,879,63,0
15760,23778,63,0
15761,26658,63,0
15762,47548,63,0
15763,35068,63,0
15764,33718,63,0
15765,21295,63,0
15766,2625,63,0
15767,24079,63,0
15768,708,63,0
15769,38509,63,0
15770,6627,63,0
15771,11188,63,0
15772,32043,63,0
15773,27261,63,0
15774,23228,63,0
15775,17586,63,0
15776,25125,63,0
15777,24780,63,0
15778,26507,63,0
15779,20966,63,0
15780,33421,63,0
15781,40443,63,0
15782,18909,63,0
15783,24201,63,0
15784,31596,63,0
15785,20008,63,0
15786,12211,63,0
15787,49362,63,0
15788,41362,63,0
15789,46936,63,0
15790,49605,63,0
15791,17543,63,0
15792,5318,63,0
15793,17352,63,0
15794,48771,63,0
15795,44673,63,0
15796,49865,63,0
15797,22070,63,0
15798,19475,63,0
15799,20583,63,0
15800,29206,63,0
15801,17795,63,0
15802,5388,63,0
15803,24278,63,0
15804,38349,63,0
15805,24220,63,0
15806,7890,63,0
15807,26144,63,0
15808,25208,63,0
15809,22197,63,0
15810,8205,63,0
15811,22865,63,0
15812,3081,63,0
15813,48216,63,0
15814,9897,63,0
15815,25112,63,0
15816,49160,63,0
15817,48731,63,0
15818,39310,63,0
15819,40095,63,0
15820,2120,63,0
15821,12328,63,0
15822,35933,63,0
15823,31528,63,0
15824,29935,63,0
15825,25543,63,0
15826,11027,63,0
15827,23475,63,0
15828,35802,63,0
15829,7999,63,0
15830,22235,63,0
15831,14763,63,0
15832,49869,63,0
15833,27050,63,0
15834,47424,63,0
15835,42103,63,0
15836,39301,63,0
15837,46571,63,0
15838,18235,63,0
15839,30488,63,0
15840,8271,63,0
15841,22648,63,0
15842,21627,63,0
15843,50213,63,0
15844,42358,63,0
15845,39431,63,0
15846,31221,63,0
15847,10319,63,0
15848,46057,63,0
15849,33984,63,0
15850,19720,63,0
15851,42378,63,0
15852,27445,63,0
15853,43027,63,0
15854,34862,63,0
15855,6852,63,0
15856,23918,63,0
15857,37804,63,0
15858,24835,63,0
15859,27259,63,0
15860,35785,63,0
15861,16799,63,0
15862,44521,63,0
15863,12627,63,0
15864,14300,63,0
15865,42771,63,0
15866,36562,63,0
15867,49254,63,0
15868,24283,63,0
15869,28417,63,0
15870,18564,63,0
15871,26310,63,0
15872,28921,63,0
15873,50926,63,0
15874,26129,63,0
15875,6224,63,0
15876,1109,63,0
15877,3900,63,0
15878,36125,63,0
15879,24403,63,0
15880,28761,63,0
15881,1016,63,0
15882,7611,63,0
15883,46904,63,0
15884,3800,63,0
15885,19142,63,0
15886,17886,63,0
15887,38121,63,0
15888,21416,63,0
15889,36631,63,0
15890,33680,63,0
15891,35413,63,0
15892,36263,63,0
15893,7138,63,0
15894,47018,63,0
15895,2178,63,0
15896,37063,63,0
15897,22649,63,0
15898,47320,63,0
15899,34269,63,0
15900,12747,63,0
15901,8577,63,0
15902,15430,63,0
15903,8800,63,0
15904,18567,63,0
15905,19694,63,0
15906,10952,63,0
15907,33648,63,0
15908,17374,63,0
15909,4030,63,0
15910,6613,63,0
15911,50744,63,0
15912,50442,63,0
15913,49237,63,0
15914,36261,63,0
15915,22542,63,0
15916,28391,63,0
15917,23065,63,0
15918,10855,63,0
15919,40192,63,0
15920,31093,63,0
15921,14388,63,0
15922,17738,63,0
15923,20694,63,0
15924,17584,63,0
15925,10142,63,0
15926,47677,63,0
15927,47565,63,0
15928,30714,63,0
15929,46418,63,0
15930,49913,63,0
15931,15447,63,0
15932,25820,63,0
15933,30816,63,0
15934,34703,63,0
15935,2646,63,0
15936,3126,63,0
15937,23657,63,0
15938,4037,63,0
15939,22418,63,0
15940,22028,63,0
15941,1131,63,0
15942,16315,63,0
15943,5991,63,0
15944,23487,63,0
15945,26059,63,0
15946,23379,63,0
15947,21718,63,0
15948,16371,63,0
15949,24487,63,0
15950,15811,63,0
15951,30655,63,0
15952,6198,63,0
15953,595,63,0
15954,29889,63,0
15955,6671,63,0
15956,17530,63,0
15957,13059,63,0
15958,29961,63,0
15959,20278,63,0
15960,1939,63,0
15961,33817,63,0
15962,27951,63,0
15963,35545,63,0
15964,23834,63,0
15965,30105,63,0
15966,14742,63,0
15967,45550,63,0
15968,12064,63,0
15969,22114,63,0
15970,45036,63,0
15971,4591,63,0
15972,39967,63,0
15973,48618,63,0
15974,4460,63,0
15975,807,63,0
15976,49505,63,0
15977,2881,63,0
15978,6067,63,0
15979,2201,63,0
15980,45646,63,0
15981,19171,63,0
15982,7669,63,0
15983,47444,63,0
15984,46249,63,0
15985,21891,63,0
15986,8330,63,0
15987,47496,63,0
15988,45051,63,0
15989,15038,63,0
15990,10778,63,0
15991,231,63,0
15992,80,63,0
15993,20242,63,0
15994,32475,63,0
15995,29646,63,0
15996,43878,63,0
15997,24449,63,0
15998,23911,63,0
15999,14928,63,0
16000,24013,63,0
16001,577,63,0
16002,32070,63,0
16003,2685,63,0
16004,17573,63,0
16005,928,63,0
16006,19721,63,0
16007,50138,63,0
16008,41089,63,0
16009,15224,63,0
16010,31645,63,0
16011,1324,63,0
16012,11863,63,0
16013,8664,63,0
16014,23073,63,0
16015,46990,63,0
16016,24958,63,0
16017,2149,63,0
16018,44848,63,0
16019,47250,63,0
16020,15078,63,0
16021,9777,63,0
16022,8084,63,0
16023,1340,63,0
16024,21659,63,0
16025,16987,63,0
16026,1512,63,0
16027,37004,63,0
16028,22506,63,0
16029,33660,63,0
16030,9482,63,0
16031,11577,63,0
16032,18715,63,0
16033,3112,63,0
16034,46178,63,0
16035,40139,63,0
16036,47642,63,0
16037,3595,63,0
16038,33312,63,0
16039,25233,63,0
16040,15964,63,0
16041,46996,63,0
16042,26975,63,0
16043,11345,63,0
16044,48505,63,0
16045,18616,63,0
16046,11662,63,0
16047,19323,63,0
16048,14027,63,0
16049,42835,63,0
16050,23332,63,0
16051,33868,63,0
16052,29061,63,0
16053,24031,63,0
16054,50854,63,0
16055,29065,63,0
16056,42368,63,0
16057,88,63,0
16058,13863,63,0
16059,32954,63,0
16060,48245,63,0
16061,47239,63,0
16062,5747,63,0
16063,36338,63,0
16064,36623,63,0
16065,7362,63,0
16066,24156,63,0
16067,44827,63,0
16068,37947,63,0
16069,23983,63,0
16070,17238,63,0
16071,48853,63,0
16072,16405,63,0
16073,29684,63,0
16074,12776,63,0
16075,3459,63,0
16076,19058,63,0
16077,14870,63,0
16078,23505,63,0
16079,40843,63,0
16080,12437,63,0
16081,10615,63,0
16082,22103,63,0
16083,561,63,0
16084,1657,63,0
16085,33419,63,0
16086,32459,63,0
16087,34586,63,0
16088,44339,63,0
16089,29802,63,0
16090,26888,63,0
16091,43789,63,0
16092,41687,63,0
16093,16366,63,0
16094,32108,63,0
16095,6211,63,0
16096,33196,63,0
16097,23363,63,0
16098,30646,63,0
16099,15626,63,0
16100,7650,63,0
16101,31287,63,0
16102,40824,63,0
16103,30880,63,0
16104,13927,63,0
16105,10415,63,0
16106,6707,63,0
16107,6410,63,0
16108,31098,63,0
16109,6805,63,0
16110,33596,63,0
16111,9230,63,0
16112,21767,63,0
16113,12166,63,0
16114,2417,63,0
16115,37659,63,0
16116,25023,63,0
16117,9233,63,0
16118,19354,63,0
16119,50808,63,0
16120,456,63,0
16121,5154,63,0
16122,13989,63,0
16123,14152,63,0
16124,26375,63,0
16125,9806,63,0
16126,39259,63,0
16127,48937,63,0
16128,42862,63,0
16129,5270,63,0
16130,46443,63,0
16131,3150,63,0
16132,30886,63,0
16133,930,63,0
16134,24080,63,0
16135,31571,63,0
16136,44440,63,0
16137,14545,63,0
16138,458,63,0
16139,24032,63,0
16140,27688,63,0
16141,34464,63,0
16142,26646,63,0
16143,47435,63,0
16144,4576,63,0
16145,179,63,0
16146,38789,63,0
16147,42201,63,0
16148,34024,63,0
16149,19461,63,0
16150,35010,63,0
16151,18066,63,0
16152,3048,63,0
16153,50608,63,0
16154,39476,63,0
16155,22079,63,0
16156,43030,63,0
16157,10786,63,0
16158,15961,63,0
16159,33349,63,0
16160,5725,63,0
16161,40609,63,0
16162,3984,63,0
16163,22230,63,0
16164,3505,63,0
16165,21686,63,0
16166,14817,63,0
16167,9131,63,0
16168,8101,63,0
16169,12032,63,0
16170,9839,63,0
16171,44073,63,0
16172,24428,63,0
16173,3795,63,0
16174,45354,63,0
16175,26401,63,0
16176,42472,63,0
16177,35607,63,0
16178,28466,63,0
16179,9908,63,0
16180,50389,63,0
16181,28514,63,0
16182,8403,63,0
16183,20054,63,0
16184,25727,63,0
16185,3802,63,0
16186,28763,63,0
16187,49558,63,0
16188,21713,63,0
16189,26785,63,0
16190,612,63,0
16191,49562,63,0
16192,15915,63,0
16193,40340,63,0
16194,21557,63,0
16195,36627,63,0
16196,41688,63,0
16197,31261,63,0
16198,780,63,0
16199,30994,63,0
16200,1967,63,0
16201,7986,63,0
16202,19422,63,0
16203,45950,63,0
16204,30458,63,0
16205,48866,63,0
16206,47825,63,0
16207,42884,63,0
16208,8901,63,0
16209,34625,63,0
16210,45794,63,0
16211,7772,63,0
16212,43628,63,0
16213,19404,63,0
16214,16884,63,0
16215,48819,63,0
16216,27958,63,0
16217,22157,63,0
16218,13261,63,0
16219,11699,63,0
16220,40289,63,0
16221,38114,63,0
16222,22823,63,0
16223,49520,63,0
16224,46122,63,0
16225,37474,63,0
16226,10662,63,0
16227,32600,63,0
16228,47754,63,0
16229,10457,63,0
16230,37878,63,0
16231,49232,63,0
16232,37673,63,0
16233,2889,63,0
16234,46949,63,0
16235,15560,63,0
16236,40098,63,0
16237,475,63,0
16238,24094,63,0
16239,30803,63,0
16240,4496,63,0
16241,27830,63,0
16242,31396,63,0
16243,49260,63,0
16244,24176,63,0
16245,40453,63,0
16246,9244,63,0
16247,7151,63,0
16248,5893,63,0
16249,47389,63,0
16250,44623,63,0
16251,50435,63,0
16252,24246,63,0
16253,954,63,0
16254,19942,63,0
16255,4277,63,0
16256,46240,63,0
16257,10852,63,0
16258,48428,63,0
16259,34357,63,0
16260,43680,63,0
16261,48690,63,0
16262,12029,63,0
16263,28715,63,0
16264,49038,63,0
16265,42031,63,0
16266,15976,63,0
16267,12412,63,0
16268,10272,63,0
16269,39863,63,0
16270,39369,63,0
16271,42638,63,0
16272,38317,63,0
16273,25793,63,0
16274,25839,63,0
16275,12286,63,0
16276,38558,63,0
16277,5222,63,0
16278,24363,63,0
16279,27710,63,0
16280,29795,63,0
16281,20769,63,0
16282,36936,63,0
16283,3597,63,0
16284,32258,63,0
16285,47547,63,0
16286,31204,63,0
16287,45170,63,0
16288,31380,63,0
16289,22381,63,0
16290,14242,63,0
16291,14531,63,0
16292,20725,63,0
16293,13970,63,0
16294,1400,63,0
16295,27998,63,0
16296,17612,63,0
16297,17985,63,0
16298,47519,63,0
16299,35979,63,0
16300,6184,63,0
16301,39389,63,0
16302,8464,63,0
16303,40267,63,0
16304,34164,63,0
16305,20596,63,0
16306,31622,63,0
16307,2021,63,0
16308,8457,63,0
16309,49864,63,0
16310,35683,63,0
16311,23904,63,0
16312,32311,63,0
16313,49693,63,0
16314,42978,63,0
16315,30605,63,0
16316,29165,63,0
16317,46825,63,0
16318,50462,63,0
16319,43149,63,0
16320,31383,63,0
16321,11949,63,0
16322,17225,63,0
16323,34897,63,0
16324,314,63,0
16325,49946,63,0
16326,39425,63,0
16327,29,63,0
16328,35782,63,0
16329,21418,63,0
16330,7689,63,0
16331,6560,63,0
16332,6670,63,0
16333,40968,63,0
16334,24433,63,0
16335,24285,63,0
16336,11453,63,0
16337,28296,63,0
16338,41192,63,0
16339,25752,63,0
16340,47589,63,0
16341,17746,63,0
16342,12369,63,0
16343,39516,63,0
16344,29322,63,0
16345,2931,63,0
16346,24776,63,0
16347,50625,63,0
16348,43157,63,0
16349,31667,63,0
16350,50297,63,0
16351,33772,63,0
16352,35536,63,0
16353,35494,63,0
16354,30350,63,0
16355,29970,63,0
16356,49399,63,0
16357,21490,63,0
16358,5692,63,0
16359,43933,63,0
16360,1259,63,0
16361,44784,63,0
16362,18461,63,0
16363,20180,63,0
16364,29470,63,0
16365,42176,63,0
16366,38938,63,0
16367,31058,63,0
16368,22886,63,0
16369,48499,63,0
16370,41429,63,0
16371,36898,63,0
16372,160,63,0
16373,1242,63,0
16374,34521,63,0
16375,2719,63,0
16376,8969,63,0
16377,24893,63,0
16378,10307,63,0
16379,15279,63,0
16380,48901,63,0
16381,31973,63,0
16382,13880,63,0
16383,13061,63,0
16384,44656,63,0
16385,12419,63,0
16386,48263,63,0
16387,47575,63,0
16388,50610,63,0
16389,17748,63,0
16390,28392,63,0
16391,23622,63,0
16392,33733,63,0
16393,19444,63,0
16394,24493,63,0
16395,8483,63,0
16396,6590,63,0
16397,16784,63,0
16398,29774,63,0
16399,24360,63,0
16400,39339,63,0
16401,26973,63,0
16402,39351,63,0
16403,31803,63,0
16404,16757,63,0
16405,8754,63,0
16406,26223,63,0
16407,9370,63,0
16408,46134,63,0
16409,35583,63,0
16410,28967,63,0
16411,46639,63,0
16412,5962,63,0
16413,2742,63,0
16414,38614,63,0
16415,37173,63,0
16416,43815,63,0
16417,33400,63,0
16418,23193,63,0
16419,6269,63,0
16420,26547,63,0
16421,18100,63,0
16422,8247,63,0
16423,45492,63,0
16424,14852,63,0
16425,29190,63,0
16426,20941,63,0
16427,26111,63,0
16428,27817,63,0
16429,24494,63,0
16430,2404,63,0
16431,10305,63,0
16432,16457,63,0
16433,13228,63,0
16434,1920,63,0
16435,11106,63,0
16436,10688,63,0
16437,45643,63,0
16438,31883,63,0
16439,11238,63,0
16440,49745,63,0
16441,22849,63,0
16442,44518,63,0
16443,21855,63,0
16444,28834,63,0
16445,47179,63,0
16446,42903,63,0
16447,33769,63,0
16448,14144,63,0
16449,42542,63,0
16450,21507,63,0
16451,7760,63,0
16452,19462,63,0
16453,48338,63,0
16454,33811,63,0
16455,49017,63,0
16456,31946,63,0
16457,21784,63,0
16458,16100,63,0
16459,988,63,0
16460,17114,63,0
16461,41410,63,0
16462,42976,63,0
16463,1691,63,0
16464,1029,63,0
16465,49179,63,0
16466,42901,63,0
16467,46790,63,0
16468,39660,63,0
16469,19268,63,0
16470,23794,63,0
16471,30002,63,0
16472,31563,63,0
16473,42881,63,0
16474,30789,63,0
16475,3958,63,0
16476,29160,63,0
16477,35993,63,0
16478,35073,63,0
16479,24290,63,0
16480,48908,63,0
16481,29598,63,0
16482,35652,63,0
16483,6706,63,0
16484,4493,63,0
16485,7000,63,0
16486,16461,63,0
16487,21506,63,0
16488,41645,63,0
16489,2818,63,0
16490,31947,63,0
16491,1059,63,0
16492,33069,63,0
16493,50057,63,0
16494,1695,63,0
16495,44143,63,0
16496,38500,63,0
16497,12754,63,0
16498,41131,63,0
16499,36494,63,0
16500,18574,63,0
16501,14704,63,0
16502,33220,63,0
16503,2006,63,0
16504,47528,63,0
16505,5885,63,0
16506,6906,63,0
16507,38162,63,0
16508,29283,63,0
16509,24361,63,0
16510,12662,63,0
16511,21287,63,0
16512,15805,63,0
16513,20698,63,0
16514,28099,63,0
16515,23407,63,0
16516,14553,63,0
16517,12169,63,0
16518,27848,63,0
16519,46339,63,0
16520,21464,63,0
16521,43351,63,0
16522,36363,63,0
16523,9689,63,0
16524,3993,63,0
16525,39759,63,0
16526,34898,63,0
16527,18816,63,0
16528,13124,63,0
16529,45366,63,0
16530,14434,63,0
16531,17280,63,0
16532,6019,63,0
16533,26804,63,0
16534,24276,63,0
16535,41313,63,0
16536,46710,63,0
16537,2705,63,0
16538,9671,63,0
16539,18722,63,0
16540,1104,63,0
16541,31300,63,0
16542,1781,63,0
16543,32810,63,0
16544,648,63,0
16545,35958,63,0
16546,12207,63,0
16547,2739,63,0
16548,40447,63,0
16549,33651,63,0
16550,22510,63,0
16551,35567,63,0
16552,37877,63,0
16553,8324,63,0
16554,24300,63,0
16555,36693,63,0
16556,32731,63,0
16557,33522,63,0
16558,16764,63,0
16559,12432,63,0
16560,41994,63,0
16561,29551,63,0
16562,35237,63,0
16563,38048,63,0
16564,8144,63,0
16565,12601,63,0
16566,17724,63,0
16567,49384,63,0
16568,25579,63,0
16569,37291,63,0
16570,11177,63,0
16571,681,63,0
16572,24460,63,0
16573,27090,63,0
16574,20296,63,0
16575,29938,63,0
16576,39390,63,0
16577,32988,63,0
16578,33401,63,0
16579,17620,63,0
16580,18182,63,0
16581,11094,63,0
16582,21263,63,0
16583,17309,63,0
16584,1165,63,0
16585,33816,63,0
16586,2419,63,0
16587,28739,63,0
16588,18652,63,0
16589,24270,63,0
16590,43793,63,0
16591,33310,63,0
16592,3196,63,0
16593,22740,63,0
16594,175,63,0
16595,31549,63,0
16596,125,63,0
16597,48476,63,0
16598,9353,63,0
16599,6105,63,0
16600,36946,63,0
16601,37886,63,0
16602,44150,63,0
16603,2823,63,0
16604,28241,63,0
16605,30506,63,0
16606,46441,63,0
16607,22916,63,0
16608,41223,63,0
16609,32886,63,0
16610,48610,63,0
16611,17315,63,0
16612,27127,63,0
16613,34286,63,0
16614,21929,63,0
16615,32895,63,0
16616,3184,63,0
16617,3801,63,0
16618,31465,63,0
16619,33387,63,0
16620,35393,63,0
16621,46655,63,0
16622,50463,63,0
16623,6195,63,0
16624,41298,63,0
16625,11356,63,0
16626,34858,63,0
16627,39074,63,0
16628,35659,63,0
16629,32138,63,0
16630,32364,63,0
16631,15087,63,0
16632,34883,63,0
16633,3270,63,0
16634,28259,63,0
16635,49398,63,0
16636,23018,63,0
16637,18846,63,0
16638,390,63,0
16639,23538,63,0
16640,21480,63,0
16641,9144,63,0
16642,34669,63,0
16643,29945,63,0
16644,13868,63,0
16645,37102,63,0
16646,39134,63,0
16647,14245,63,0
16648,35041,63,0
16649,36103,63,0
16650,34422,63,0
16651,7143,63,0
16652,2393,63,0
16653,9162,63,0
16654,21254,63,0
16655,49687,63,0
16656,32609,63,0
16657,33683,63,0
16658,5819,63,0
16659,3206,63,0
16660,22694,63,0
16661,13181,63,0
16662,16233,63,0
16663,29129,63,0
16664,1003,63,0
16665,13173,63,0
16666,49171,63,0
16667,49369,63,0
16668,12910,63,0
16669,40585,63,0
16670,8884,63,0
16671,12469,63,0
16672,11861,63,0
16673,8951,63,0
16674,49600,63,0
16675,30806,63,0
16676,44249,63,0
16677,40945,63,0
16678,39898,63,0
16679,2394,63,0
16680,17294,63,0
16681,50187,63,0
16682,37742,63,0
16683,9730,63,0
16684,41045,63,0
16685,43398,63,0
16686,27873,63,0
16687,6741,63,0
16688,13252,63,0
16689,21184,63,0
16690,24803,63,0
16691,26010,63,0
16692,47841,63,0
16693,14262,63,0
16694,1731,63,0
16695,25159,63,0
16696,27477,63,0
16697,44317,63,0
16698,39905,63,0
16699,13862,63,0
16700,12026,63,0
16701,15892,63,0
16702,28634,63,0
16703,28554,63,0
16704,43289,63,0
16705,21548,63,0
16706,30394,63,0
16707,29383,63,0
16708,598,63,0
16709,38989,63,0
16710,4850,63,0
16711,31984,63,0
16712,31600,63,0
16713,47440,63,0
16714,2932,63,0
16715,5693,63,0
16716,40235,63,0
16717,15105,63,0
16718,30701,63,0
16719,34112,63,0
16720,24208,63,0
16721,27288,63,0
16722,3804,63,0
16723,26446,63,0
16724,29306,63,0
16725,47826,63,0
16726,34890,63,0
16727,34823,63,0
16728,46038,63,0
16729,41269,63,0
16730,16886,63,0
16731,1527,63,0
16732,28459,63,0
16733,24092,63,0
16734,46297,63,0
16735,23611,63,0
16736,6831,63,0
16737,37230,63,0
16738,38662,63,0
16739,49877,63,0
16740,43556,63,0
16741,43636,63,0
16742,40229,63,0
16743,14411,63,0
16744,20877,63,0
16745,21841,63,0
16746,47195,63,0
16747,34582,63,0
16748,46244,63,0
16749,30321,63,0
16750,3484,63,0
16751,12727,63,0
16752,24383,63,0
16753,25447,63,0
16754,18361,63,0
16755,28568,63,0
16756,28462,63,0
16757,42438,63,0
16758,32672,63,0
16759,50466,63,0
16760,13673,63,0
16761,20581,63,0
16762,44047,63,0
16763,2998,63,0
16764,32314,63,0
16765,21598,63,0
16766,26676,63,0
16767,37310,63,0
16768,9125,63,0
16769,19713,63,0
16770,34857,63,0
16771,25628,63,0
16772,14096,63,0
16773,20787,63,0
16774,32220,63,0
16775,30819,63,0
16776,43843,63,0
16777,41487,63,0
16778,42652,63,0
16779,31137,63,0
16780,46699,63,0
16781,39094,63,0
16782,11936,63,0
16783,20482,63,0
16784,12400,63,0
16785,4610,63,0
16786,26184,63,0
16787,45165,63,0
16788,48793,63,0
16789,3405,63,0
16790,27640,63,0
16791,18737,63,0
16792,37190,63,0
16793,29676,63,0
16794,11859,63,0
16795,23998,63,0
16796,21414,63,0
16797,45661,63,0
16798,14749,63,0
16799,18792,63,0
16800,14743,63,0
16801,37355,63,0
16802,7058,63,0
16803,25989,63,0
16804,7459,63,0
16805,6085,63,0
16806,16846,63,0
16807,15281,63,0
16808,6290,63,0
16809,29385,63,0
16810,37333,63,0
16811,6757,63,0
16812,32565,63,0
16813,13736,63,0
16814,26248,63,0
16815,48844,63,0
16816,9729,63,0
16817,35058,63,0
16818,2501,63,0
16819,19949,63,0
16820,33538,63,0
16821,17500,63,0
16822,49901,63,0
16823,3278,63,0
16824,1725,63,0
16825,10240,63,0
16826,10031,63,0
16827,969,63,0
16828,28094,63,0
16829,3776,63,0
16830,1050,63,0
16831,44705,63,0
16832,42684,63,0
16833,10260,63,0
16834,36560,63,0
16835,22590,63,0
16836,44893,63,0
16837,32942,63,0
16838,1,63,0
16839,32039,63,0
16840,27214,63,0
16841,50045,63,0
16842,14759,63,0
16843,38253,63,0
16844,47003,63,0
16845,26897,63,0
16846,6250,63,0
16847,47584,63,0
16848,35809,63,0
16849,5035,63,0
16850,39995,63,0
16851,18318,63,0
16852,9372,63,0
16853,652,63,0
16854,47866,63,0
16855,46396,63,0
16856,45052,63,0
16857,6101,63,0
16858,44054,63,0
16859,47515,63,0
16860,32815,63,0
16861,11537,63,0
16862,11013,63,0
16863,7161,63,0
16864,26007,63,0
16865,30564,63,0
16866,13203,63,0
16867,23976,63,0
16868,37820,63,0
16869,48159,63,0
16870,20896,63,0
16871,35130,63,0
16872,22243,63,0
16873,24223,63,0
16874,4374,63,0
16875,20208,63,0
16876,11990,63,0
16877,49676,63,0
16878,19362,63,0
16879,50203,63,0
16880,50416,63,0
16881,28678,63,0
16882,39585,63,0
16883,31983,63,0
16884,50903,63,0
16885,27866,63,0
16886,1403,63,0
16887,19271,63,0
16888,35686,63,0
16889,24344,63,0
16890,16600,63,0
16891,17243,63,0
16892,26163,63,0
16893,29790,63,0
16894,40204,63,0
16895,49802,63,0
16896,33154,63,0
16897,24371,63,0
16898,19549,63,0
16899,24468,63,0
16900,1595,63,0
16901,18518,63,0
16902,18844,63,0
16903,41321,63,0
16904,24461,63,0
16905,20974,63,0
16906,23385,63,0
16907,45597,63,0
16908,43623,63,0
16909,33788,63,0
16910,989,63,0
16911,18871,63,0
16912,1065,63,0
16913,42622,63,0
16914,37790,63,0
16915,40517,63,0
16916,26407,63,0
16917,13980,63,0
16918,50413,63,0
16919,29775,63,0
16920,12793,63,0
16921,37922,63,0
16922,46000,63,0
16923,3905,63,0
16924,37940,63,0
16925,8178,63,0
16926,24097,63,0
16927,6493,63,0
16928,44120,63,0
16929,24488,63,0
16930,46572,63,0
16931,30364,63,0
16932,18222,63,0
16933,3103,63,0
16934,15321,63,0
16935,13293,63,0
16936,10144,63,0
16937,37800,63,0
16938,14002,63,0
16939,3579,63,0
16940,30666,63,0
16941,33981,63,0
16942,50752,63,0
16943,40016,63,0
16944,20780,63,0
16945,34565,63,0
16946,47362,63,0
16947,49043,63,0
16948,1308,63,0
16949,43850,63,0
16950,16016,63,0
16951,21438,63,0
16952,30843,63,0
16953,21178,63,0
16954,7399,63,0
16955,28795,63,0
16956,26025,63,0
16957,32944,63,0
16958,17058,63,0
16959,6652,63,0
16960,31310,63,0
16961,17653,63,0
16962,10293,63,0
16963,2562,63,0
16964,28918,63,0
16965,6216,63,0
16966,13018,63,0
16967,21054,63,0
16968,4977,63,0
16969,17881,63,0
16970,4174,63,0
16971,35756,63,0
16972,36415,63,0
16973,10089,63,0
16974,31701,63,0
16975,49174,63,0
16976,47583,63,0
16977,37437,63,0
16978,19726,63,0
16979,50907,63,0
16980,42332,63,0
16981,10549,63,0
16982,39903,63,0
16983,18265,63,0
16984,29328,63,0
16985,46196,63,0
16986,5534,63,0
16987,593,63,0
16988,50848,63,0
16989,49666,63,0
16990,1726,63,0
16991,6036,63,0
16992,7765,63,0
16993,46317,63,0
16994,29721,63,0
16995,31565,63,0
16996,134,63,0
16997,7448,63,0
16998,45803,63,0
16999,7473,63,0
17000,39466,63,0
17001,20340,63,0
17002,8697,63,0
17003,1577,63,0
17004,20082,63,0
17005,6586,63,0
17006,13543,63,0
17007,9077,63,0
17008,35022,63,0
17009,32051,63,0
17010,49665,63,0
17011,32029,63,0
17012,25536,63,0
17013,47843,63,0
17014,47856,63,0
17015,27428,63,0
17016,38708,63,0
17017,4803,63,0
17018,46966,63,0
17019,2112,63,0
17020,32075,63,0
17021,35169,63,0
17022,37202,63,0
17023,47327,63,0
17024,20809,63,0
17025,27707,63,0
17026,24905,63,0
17027,41684,63,0
17028,41342,63,0
17029,11559,63,0
17030,39766,63,0
17031,32445,63,0
17032,39202,63,0
17033,41037,63,0
17034,1711,63,0
17035,24206,63,0
17036,31412,63,0
17037,35006,63,0
17038,11966,63,0
17039,45865,63,0
17040,21730,63,0
17041,49197,63,0
17042,33174,63,0
17043,23401,63,0
17044,30621,63,0
17045,23412,63,0
17046,15687,63,0
17047,25048,63,0
17048,18062,63,0
17049,47802,63,0
17050,34645,63,0
17051,8649,63,0
17052,14733,63,0
17053,43861,63,0
17054,13275,63,0
17055,2282,63,0
17056,36774,63,0
17057,9428,63,0
17058,43772,63,0
17059,33888,63,0
17060,39453,63,0
17061,33412,63,0
17062,3556,63,0
17063,49493,63,0
17064,1812,63,0
17065,50669,63,0
17066,9699,63,0
17067,11957,63,0
17068,2489,63,0
17069,30627,63,0
17070,9145,63,0
17071,4952,63,0
17072,44487,63,0
17073,45032,63,0
17074,29445,63,0
17075,25635,63,0
17076,27208,63,0
17077,32217,63,0
17078,31312,63,0
17079,498,63,0
17080,12116,63,0
17081,35046,63,0
17082,32894,63,0
17083,6443,63,0
17084,10228,63,0
17085,41529,63,0
17086,20148,63,0
17087,23595,63,0
17088,5042,63,0
17089,7279,63,0
17090,16849,63,0
17091,2141,63,0
17092,44405,63,0
17093,1956,63,0
17094,33873,63,0
17095,24329,63,0
17096,31019,63,0
17097,848,63,0
17098,48860,63,0
17099,47244,63,0
17100,48242,63,0
17101,22511,63,0
17102,20143,63,0
17103,27974,63,0
17104,36174,63,0
17105,31534,63,0
17106,18619,63,0
17107,15473,63,0
17108,32458,63,0
17109,44177,63,0
17110,44571,63,0
17111,32420,63,0
17112,43138,63,0
17113,3737,63,0
17114,7606,63,0
17115,958,63,0
17116,36802,63,0
17117,15361,63,0
17118,26070,63,0
17119,50013,63,0
17120,18955,63,0
17121,26852,63,0
17122,18660,63,0
17123,24019,63,0
17124,13519,63,0
17125,35292,63,0
17126,17878,63,0
17127,38595,63,0
17128,32615,63,0
17129,37446,63,0
17130,31274,63,0
17131,35311,63,0
17132,38991,63,0
17133,22644,63,0
17134,15064,63,0
17135,43107,63,0
17136,43258,63,0
17137,19693,63,0
17138,9238,63,0
17139,3587,63,0
17140,47911,63,0
17141,29005,63,0
17142,15515,63,0
17143,43110,63,0
17144,11512,63,0
17145,35733,63,0
17146,24782,63,0
17147,45868,63,0
17148,2168,63,0
17149,14238,63,0
17150,50550,63,0
17151,48045,63,0
17152,29834,63,0
17153,34563,63,0
17154,38949,63,0
17155,33427,63,0
17156,11292,63,0
17157,29254,63,0
17158,2435,63,0
17159,14619,63,0
17160,25663,63,0
17161,17866,63,0
17162,3395,63,0
17163,19921,63,0
17164,9476,63,0
17165,47452,63,0
17166,50469,63,0
17167,48207,63,0
17168,37376,63,0
17169,33273,63,0
17170,10256,63,0
17171,5363,63,0
17172,43826,63,0
17173,25331,63,0
17174,27847,63,0
17175,14641,63,0
17176,23078,63,0
17177,48621,63,0
17178,20887,63,0
17179,41042,63,0
17180,20375,63,0
17181,47926,63,0
17182,43596,63,0
17183,24831,63,0
17184,45766,63,0
17185,19976,63,0
17186,25343,63,0
17187,7424,63,0
17188,12883,63,0
17189,26632,63,0
17190,8772,63,0
17191,15469,63,0
17192,2223,63,0
17193,17314,63,0
17194,50074,63,0
17195,11912,63,0
17196,29989,63,0
17197,12391,63,0
17198,13223,63,0
17199,28187,63,0
17200,31078,63,0
17201,11150,63,0
17202,48055,63,0
17203,27791,63,0
17204,10162,63,0
17205,8895,63,0
17206,24474,63,0
17207,13593,63,0
17208,34301,63,0
17209,41013,63,0
17210,14610,63,0
17211,18615,63,0
17212,32869,63,0
17213,28519,63,0
17214,31435,63,0
17215,24011,63,0
17216,37897,63,0
17217,3591,63,0
17218,34580,63,0
17219,4921,63,0
17220,10016,63,0
17221,14771,63,0
17222,25956,63,0
17223,31535,63,0
17224,10447,63,0
17225,15319,63,0
17226,14208,63,0
17227,16449,63,0
17228,50068,63,0
17229,39557,63,0
17230,37891,63,0
17231,30535,63,0
17232,42035,63,0
17233,4054,63,0
17234,43529,63,0
17235,44639,63,0
17236,30390,63,0
17237,31669,63,0
17238,5399,63,0
17239,30692,63,0
17240,3247,63,0
17241,39361,63,0
17242,8093,63,0
17243,50429,63,0
17244,46445,63,0
17245,36388,63,0
17246,6701,63,0
17247,10981,63,0
17248,11234,63,0
17249,42590,63,0
17250,4865,63,0
17251,19672,63,0
17252,34338,63,0
17253,38843,63,0
17254,41825,63,0
17255,49816,63,0
17256,24587,63,0
17257,11897,63,0
17258,16248,63,0
17259,30508,63,0
17260,11556,63,0
17261,11331,63,0
17262,3961,63,0
17263,31554,63,0
17264,40277,63,0
17265,28690,63,0
17266,38296,63,0
17267,3185,63,0
17268,26012,63,0
17269,34803,63,0
17270,36902,63,0
17271,15897,63,0
17272,28114,63,0
17273,41556,63,0
17274,42206,63,0
17275,16790,63,0
17276,15223,63,0
17277,37527,63,0
17278,1221,63,0
17279,25760,63,0
17280,36170,63,0
17281,23189,63,0
17282,43937,63,0
17283,11591,63,0
17284,50771,63,0
17285,5663,63,0
17286,9937,63,0
17287,24198,63,0
17288,8473,63,0
17289,45115,63,0
17290,15205,63,0
17291,45361,63,0
17292,39479,63,0
17293,11588,63,0
17294,10857,63,0
17295,4180,63,0
17296,14284,63,0
17297,6074,63,0
17298,16372,63,0
17299,9350,63,0
17300,30409,63,0
17301,34727,63,0
17302,27970,63,0
17303,8726,63,0
17304,40086,63,0
17305,44231,63,0
17306,24642,63,0
17307,28747,63,0
17308,29439,63,0
17309,28849,63,0
17310,5451,63,0
17311,17832,63,0
17312,35803,63,0
17313,37411,63,0
17314,30379,63,0
17315,32481,63,0
17316,40299,63,0
17317,33289,63,0
17318,13583,63,0
17319,16220,63,0
17320,43481,63,0
17321,25254,63,0
17322,21117,63,0
17323,6391,63,0
17324,1825,63,0
17325,1291,63,0
17326,46453,63,0
17327,19836,63,0
17328,25964,63,0
17329,40772,63,0
17330,20899,63,0
17331,1763,63,0
17332,34098,63,0
17333,45862,63,0
17334,26965,63,0
17335,4166,63,0
17336,1563,63,0
17337,24390,63,0
17338,44804,63,0
17339,14211,63,0
17340,35523,63,0
17341,17043,63,0
17342,30817,63,0
17343,35891,63,0
17344,38292,63,0
17345,6197,63,0
17346,44912,63,0
17347,44739,63,0
17348,19867,63,0
17349,14568,63,0
17350,45789,63,0
17351,384,63,0
17352,23498,63,0
17353,18512,63,0
17354,15733,63,0
17355,23402,63,0
17356,12906,63,0
17357,35251,63,0
17358,4674,63,0
17359,4634,63,0
17360,18622,63,0
17361,43008,63,0
17362,35899,63,0
17363,13325,63,0
17364,46478,63,0
17365,12248,63,0
17366,24280,63,0
17367,10130,63,0
17368,5404,63,0
17369,18704,63,0
17370,37534,63,0
17371,20308,63,0
17372,25926,63,0
17373,34876,63,0
17374,15580,63,0
17375,1387,63,0
17376,16109,63,0
17377,4658,63,0
17378,42640,63,0
17379,4160,63,0
17380,26455,63,0
17381,162,63,0
17382,687,63,0
17383,17267,63,0
17384,22587,63,0
17385,16603,63,0
17386,1158,63,0
17387,41254,63,0
17388,1775,63,0
17389,3730,63,0
17390,10699,63,0
17391,26187,63,0
17392,19286,63,0
17393,33755,63,0
17394,35628,63,0
17395,8924,63,0
17396,28284,63,0
17397,47229,63,0
17398,46795,63,0
17399,544,63,0
17400,47361,63,0
17401,13914,63,0
17402,14861,63,0
17403,21968,63,0
17404,34923,63,0
17405,11108,63,0
17406,20339,63,0
17407,42431,63,0
17408,35461,63,0
17409,25576,63,0
17410,15851,63,0
17411,20765,63,0
17412,13739,63,0
17413,35517,63,0
17414,20650,63,0
17415,28510,63,0
17416,6793,63,0
17417,27976,63,0
17418,43275,63,0
17419,45045,63,0
17420,29975,63,0
17421,44734,63,0
17422,11534,63,0
17423,34250,63,0
17424,8694,63,0
17425,38853,63,0
17426,15643,63,0
17427,38315,63,0
17428,21008,63,0
17429,26612,63,0
17430,34601,63,0
17431,23561,63,0
17432,19920,63,0
17433,36379,63,0
17434,4267,63,0
17435,7939,63,0
17436,11002,63,0
17437,24596,63,0
17438,43113,63,0
17439,17707,63,0
17440,17386,63,0
17441,35064,63,0
17442,6420,63,0
17443,6796,63,0
17444,21832,63,0
17445,14994,63,0
17446,26857,63,0
17447,29987,63,0
17448,26399,63,0
17449,47400,63,0
17450,25562,63,0
17451,34322,63,0
17452,392,63,0
17453,9531,63,0
17454,35528,63,0
17455,36057,63,0
17456,15539,63,0
17457,18263,63,0
17458,9152,63,0
17459,23435,63,0
17460,5273,63,0
17461,27718,63,0
17462,46309,63,0
17463,48933,63,0
17464,44992,63,0
17465,35336,63,0
17466,24484,63,0
17467,36061,63,0
17468,9677,63,0
17469,42116,63,0
17470,2967,63,0
17471,12278,63,0
17472,18610,63,0
17473,23502,63,0
17474,4471,63,0
17475,24626,63,0
17476,9696,63,0
17477,1198,63,0
17478,25285,63,0
17479,24240,63,0
17480,35561,63,0
17481,31091,63,0
17482,23683,63,0
17483,28146,63,0
17484,29450,63,0
17485,49654,63,0
17486,41772,63,0
17487,48899,63,0
17488,20602,63,0
17489,24295,63,0
17490,31284,63,0
17491,40309,63,0
17492,34675,63,0
17493,49060,63,0
17494,26715,63,0
17495,4165,63,0
17496,29571,63,0
17497,24154,63,0
17498,48615,63,0
17499,40103,63,0
17500,20089,63,0
17501,4567,63,0
17502,16650,63,0
17503,29897,63,0
17504,4227,63,0
17505,5196,63,0
17506,22123,63,0
17507,19024,63,0
17508,24766,63,0
17509,29750,63,0
17510,32979,63,0
17511,14993,63,0
17512,47936,63,0
17513,40838,63,0
17514,17377,63,0
17515,24121,63,0
17516,37254,63,0
17517,4972,63,0
17518,22509,63,0
17519,21673,63,0
17520,49534,63,0
17521,10802,63,0
17522,22576,63,0
17523,31688,63,0
17524,6288,63,0
17525,2492,63,0
17526,11422,63,0
17527,43646,63,0
17528,32713,63,0
17529,5784,63,0
17530,24350,63,0
17531,9018,63,0
17532,36453,63,0
17533,12138,63,0
17534,16898,63,0
17535,45954,63,0
17536,1712,63,0
17537,7941,63,0
17538,18145,63,0
17539,4950,63,0
17540,13178,63,0
17541,15575,63,0
17542,48217,63,0
17543,50847,63,0
17544,39565,63,0
17545,47809,63,0
17546,30526,63,0
17547,36972,63,0
17548,19750,63,0
17549,28256,63,0
17550,5846,63,0
17551,43990,63,0
17552,44402,63,0
17553,21879,63,0
17554,2805,63,0
17555,33919,63,0
17556,25101,63,0
17557,44842,63,0
17558,20888,63,0
17559,24085,63,0
17560,36083,63,0
17561,18212,63,0
17562,29810,63,0
17563,28810,63,0
17564,47451,63,0
17565,44890,63,0
17566,16276,63,0
17567,24059,63,0
17568,34958,63,0
17569,27072,63,0
17570,30613,63,0
17571,17642,63,0
17572,30455,63,0
17573,4594,63,0
17574,23160,63,0
17575,45472,63,0
17576,37945,63,0
17577,10744,63,0
17578,42256,63,0
17579,25542,63,0
17580,6668,63,0
17581,4954,63,0
17582,28053,63,0
17583,43550,63,0
17584,41970,63,0
17585,2653,63,0
17586,24501,63,0
17587,34811,63,0
17588,12098,63,0
17589,23880,63,0
17590,36758,63,0
17591,47314,63,0
17592,26032,63,0
17593,6283,63,0
17594,5722,63,0
17595,40242,63,0
17596,15500,63,0
17597,21749,63,0
17598,1994,63,0
17599,20808,63,0
17600,1791,63,0
17601,24269,63,0
17602,10451,63,0
17603,28670,63,0
17604,12791,63,0
17605,18422,63,0
17606,49267,63,0
17607,14382,63,0
17608,16026,63,0
17609,34283,63,0
17610,34754,63,0
17611,19516,63,0
17612,2194,63,0
17613,29637,63,0
17614,17800,63,0
17615,30812,63,0
17616,24862,63,0
17617,12094,63,0
17618,34118,63,0
17619,40748,63,0
17620,26808,63,0
17621,2031,63,0
17622,994,63,0
17623,15352,63,0
17624,11691,63,0
17625,6915,63,0
17626,31892,63,0
17627,4596,63,0
17628,29822,63,0
17629,412,63,0
17630,33082,63,0
17631,11764,63,0
17632,12504,63,0
17633,9580,63,0
17634,18823,63,0
17635,50410,63,0
17636,38640,63,0
17637,26082,63,0
17638,39462,63,0
17639,3653,63,0
17640,36034,63,0
17641,46262,63,0
17642,30787,63,0
17643,24113,63,0
17644,34548,63,0
17645,21942,63,0
17646,37352,63,0
17647,45225,63,0
17648,40639,63,0
17649,45788,63,0
17650,1704,63,0
17651,15632,63,0
17652,1316,63,0
17653,47054,63,0
17654,37043,63,0
17655,49763,63,0
17656,17852,63,0
17657,14880,63,0
17658,28766,63,0
17659,16942,63,0
17660,26150,63,0
17661,39125,63,0
17662,8720,63,0
17663,38721,63,0
17664,2582,63,0
17665,4177,63,0
17666,12650,63,0
17667,2875,63,0
17668,26684,63,0
17669,1980,63,0
17670,30041,63,0
17671,8705,63,0
17672,36220,63,0
17673,25958,63,0
17674,50338,63,0
17675,37178,63,0
17676,3763,63,0
17677,21608,63,0
17678,24830,63,0
17679,33076,63,0
17680,19294,63,0
17681,49775,63,0
17682,28288,63,0
17683,46193,63,0
17684,46616,63,0
17685,23963,63,0
17686,36250,63,0
17687,40484,63,0
17688,18342,63,0
17689,19658,63,0
17690,10784,63,0
17691,2550,63,0
17692,2185,63,0
17693,14530,63,0
17694,6872,63,0
17695,9661,63,0
17696,12808,63,0
17697,24376,63,0
17698,38094,63,0
17699,12368,63,0
17700,24243,63,0
17701,284,63,0
17702,16037,63,0
17703,32877,63,0
17704,24569,63,0
17705,31503,63,0
17706,44950,63,0
17707,3391,63,0
17708,22294,63,0
17709,37987,63,0
17710,33350,63,0
17711,30570,63,0
17712,38973,63,0
17713,9483,63,0
17714,16904,63,0
17715,41984,63,0
17716,1201,63,0
17717,2471,63,0
17718,38285,63,0
17719,7705,63,0
17720,48372,63,0
17721,30466,63,0
17722,3513,63,0
17723,37157,63,0
17724,45943,63,0
17725,42713,63,0
17726,21024,63,0
17727,34627,63,0
17728,30060,63,0
17729,30198,63,0
17730,24260,63,0
17731,50290,63,0
17732,32761,63,0
17733,39531,63,0
17734,1728,63,0
17735,30242,63,0
17736,34933,63,0
17737,2945,63,0
17738,11795,63,0
17739,5892,63,0
17740,17664,63,0
17741,14006,63,0
17742,30648,63,0
17743,3701,63,0
17744,46446,63,0
17745,30185,63,0
17746,47719,63,0
17747,41990,63,0
17748,15954,63,0
17749,38394,63,0
17750,35882,63,0
17751,9338,63,0
17752,1314,63,0
17753,50370,63,0
17754,29916,63,0
17755,13362,63,0
17756,3372,63,0
17757,20303,63,0
17758,44700,63,0
17759,32330,63,0
17760,10480,63,0
17761,10290,63,0
17762,1929,63,0
17763,41363,63,0
17764,29446,63,0
17765,30224,63,0
17766,8789,63,0
17767,1975,63,0
17768,1541,63,0
17769,12831,63,0
17770,6262,63,0
17771,39298,63,0
17772,9099,63,0
17773,31914,63,0
17774,15378,63,0
17775,11730,63,0
17776,14837,63,0
17777,43469,63,0
17778,46926,63,0
17779,13607,63,0
17780,19445,63,0
17781,21833,63,0
17782,1955,63,0
17783,48239,63,0
17784,20026,63,0
17785,49363,63,0
17786,29242,63,0
17787,12398,63,0
17788,15229,63,0
17789,35065,63,0
17790,13976,63,0
17791,34349,63,0
17792,42745,63,0
17793,20994,63,0
17794,12971,63,0
17795,20766,63,0
17796,3798,63,0
17797,35953,63,0
17798,44578,63,0
17799,6266,63,0
17800,22549,63,0
17801,5395,63,0
17802,38942,63,0
17803,10804,63,0
17804,38580,63,0
17805,36153,63,0
17806,26253,63,0
17807,40297,63,0
17808,19209,63,0
17809,3715,63,0
17810,30874,63,0
17811,25841,63,0
17812,25979,63,0
17813,1561,63,0
17814,669,63,0
17815,32662,63,0
17816,18448,63,0
17817,2097,63,0
17818,15235,63,0
17819,30305,63,0
17820,27025,63,0
17821,19274,63,0
17822,34176,63,0
17823,13512,63,0
17824,18689,63,0
17825,46640,63,0
17826,33222,63,0
17827,34957,63,0
17828,33374,63,0
17829,24286,63,0
17830,26872,63,0
17831,44612,63,0
17832,16707,63,0
17833,48678,63,0
17834,50385,63,0
17835,10441,63,0
17836,49335,63,0
17837,31195,63,0
17838,34717,63,0
17839,2287,63,0
17840,22404,63,0
17841,49544,63,0
17842,11211,63,0
17843,26664,63,0
17844,6817,63,0
17845,7837,63,0
17846,5635,63,0
17847,17041,63,0
17848,41175,63,0
17849,26243,63,0
17850,37793,63,0
17851,30312,63,0
17852,11989,63,0
17853,32256,63,0
17854,10533,63,0
17855,42750,63,0
17856,6708,63,0
17857,38082,63,0
17858,29590,63,0
17859,12126,63,0
17860,16247,63,0
17861,28803,63,0
17862,21226,63,0
17863,23845,63,0
17864,23216,63,0
17865,1510,63,0
17866,41325,63,0
17867,10102,63,0
17868,18826,63,0
17869,50089,63,0
17870,238,63,0
17871,35845,63,0
17872,10356,63,0
17873,1659,63,0
17874,16270,63,0
17875,47912,63,0
17876,39440,63,0
17877,31084,63,0
17878,45742,63,0
17879,44327,63,0
17880,10714,63,0
17881,17901,63,0
17882,14466,63,0
17883,16671,63,0
17884,48614,63,0
17885,14249,63,0
17886,43750,63,0
17887,40291,63,0
17888,2666,63,0
17889,45256,63,0
17890,28491,63,0
17891,1573,63,0
17892,33388,63,0
17893,10532,63,0
17894,10226,63,0
17895,32638,63,0
17896,30448,63,0
17897,50131,63,0
17898,27057,63,0
17899,7177,63,0
17900,5689,63,0
17901,20380,63,0
17902,39156,63,0
17903,6819,63,0
17904,48430,63,0
17905,46458,63,0
17906,22204,63,0
17907,4499,63,0
17908,11190,63,0
17909,48300,63,0
17910,33586,63,0
17911,27828,63,0
17912,10444,63,0
17913,14202,63,0
17914,37392,63,0
17915,16533,63,0
17916,33359,63,0
17917,49680,63,0
17918,8622,63,0
17919,39210,63,0
17920,22605,63,0
17921,18708,63,0
17922,12989,63,0
17923,29308,63,0
17924,4242,63,0
17925,2320,63,0
17926,4631,63,0
17927,14932,63,0
17928,18874,63,0
17929,5266,63,0
17930,34639,63,0
17931,10652,63,0
17932,9281,63,0
17933,1258,63,0
17934,28282,63,0
17935,44857,63,0
17936,18540,63,0
17937,5755,63,0
17938,12611,63,0
17939,18552,63,0
17940,2269,63,0
17941,48181,63,0
17942,19472,63,0
17943,28710,63,0
17944,12889,63,0
17945,2484,63,0
17946,20589,63,0
17947,45136,63,0
17948,3212,63,0
17949,47546,63,0
17950,18010,63,0
17951,38141,63,0
17952,27571,63,0
17953,47916,63,0
17954,18818,63,0
17955,615,63,0
17956,39262,63,0
17957,47121,63,0
17958,13113,63,0
17959,35693,63,0
17960,13469,63,0
17961,32206,63,0
17962,35489,63,0
17963,34697,63,0
17964,35671,63,0
17965,24128,63,0
17966,40113,63,0
17967,5659,63,0
17968,5292,63,0
17969,12571,63,0
17970,41176,63,0
17971,45722,63,0
17972,10576,63,0
17973,15705,63,0
17974,2842,63,0
17975,26859,63,0
17976,43912,63,0
17977,1317,63,0
17978,34162,63,0
17979,35698,63,0
17980,44534,63,0
17981,32906,63,0
17982,24413,63,0
17983,11672,63,0
17984,506,63,0
17985,15640,63,0
17986,129,63,0
17987,26743,63,0
17988,41072,63,0
17989,14566,63,0
17990,2043,63,0
17991,31172,63,0
17992,12384,63,0
17993,12431,63,0
17994,9660,63,0
17995,24467,63,0
17996,40069,63,0
17997,32168,63,0
17998,50217,63,0
17999,27724,63,0
18000,3462,63,0
18001,21727,63,0
18002,46592,63,0
18003,16850,63,0
18004,16485,63,0
18005,27458,63,0
18006,1307,63,0
18007,46997,63,0
18008,19252,63,0
18009,12066,63,0
18010,32995,63,0
18011,46653,63,0
18012,2342,63,0
18013,1648,63,0
18014,29422,63,0
18015,1555,63,0
18016,33836,63,0
18017,32307,63,0
18018,30316,63,0
18019,34124,63,0
18020,33263,63,0
18021,44482,63,0
18022,22688,63,0
18023,35920,63,0
18024,32694,63,0
18025,7265,63,0
18026,2573,63,0
18027,45488,63,0
18028,7519,63,0
18029,21793,63,0
18030,49570,63,0
18031,23272,63,0
18032,33405,63,0
18033,18268,63,0
18034,28420,63,0
18035,15905,63,0
18036,15668,63,0
18037,4971,63,0
18038,48249,63,0
18039,40861,63,0
18040,2339,63,0
18041,18627,63,0
18042,32132,63,0
18043,34010,63,0
18044,29982,63,0
18045,35656,63,0
18046,12421,63,0
18047,27088,63,0
18048,24898,63,0
18049,39442,63,0
18050,3174,63,0
18051,45529,63,0
18052,39872,63,0
18053,16268,63,0
18054,14110,63,0
18055,30179,63,0
18056,38040,63,0
18057,32623,63,0
18058,44244,63,0
18059,24231,63,0
18060,4614,63,0
18061,29162,63,0
18062,24236,63,0
18063,42680,63,0
18064,24419,63,0
18065,38864,63,0
18066,4736,63,0
18067,39343,63,0
18068,28190,63,0
18069,45992,63,0
18070,49795,63,0
18071,22519,63,0
18072,30476,63,0
18073,27606,63,0
18074,25111,63,0
18075,13632,63,0
18076,38563,63,0
18077,29467,63,0
18078,21339,63,0
18079,32102,63,0
18080,28521,63,0
18081,39112,63,0
18082,35912,63,0
18083,1804,63,0
18084,49189,63,0
18085,31536,63,0
18086,833,63,0
18087,38318,63,0
18088,17661,63,0
18089,23810,63,0
18090,9813,63,0
18091,32049,63,0
18092,39022,63,0
18093,5190,63,0
18094,4115,63,0
18095,665,63,0
18096,20220,63,0
18097,47128,63,0
18098,27819,63,0
18099,28695,63,0
18100,8164,63,0
18101,43661,63,0
18102,22698,63,0
18103,20957,63,0
18104,13295,63,0
18105,33899,63,0
18106,24090,63,0
18107,6700,63,0
18108,25657,63,0
18109,36622,63,0
18110,19091,63,0
18111,7078,63,0
18112,1710,63,0
18113,5163,63,0
18114,42530,63,0
18115,2373,63,0
18116,15619,63,0
18117,19319,63,0
18118,14060,63,0
18119,45899,63,0
18120,30754,63,0
18121,591,63,0
18122,31825,63,0
18123,5412,63,0
18124,38566,63,0
18125,29348,63,0
18126,47952,63,0
18127,18410,63,0
18128,4372,63,0
18129,9029,63,0
18130,39651,63,0
18131,14689,63,0
18132,2310,63,0
18133,10073,63,0
18134,2255,63,0
18135,22970,63,0
18136,29973,63,0
18137,20685,63,0
18138,35475,63,0
18139,21635,63,0
18140,50257,63,0
18141,9900,63,0
18142,32297,63,0
18143,46145,63,0
18144,25196,63,0
18145,41763,63,0
18146,44653,63,0
18147,40657,63,0
18148,49706,63,0
18149,47878,63,0
18150,22610,63,0
18151,5661,63,0
18152,7933,63,0
18153,29611,63,0
18154,27794,63,0
18155,49755,63,0
18156,29184,63,0
18157,18679,63,0
18158,23236,63,0
18159,1329,63,0
18160,29064,63,0
18161,18108,63,0
18162,36504,63,0
18163,20084,63,0
18164,46760,63,0
18165,31685,63,0
18166,42972,63,0
18167,13811,63,0
18168,5724,63,0
18169,23329,63,0
18170,48945,63,0
18171,38935,63,0
18172,19812,63,0
18173,2928,63,0
18174,6871,63,0
18175,38657,63,0
18176,24141,63,0
18177,9708,63,0
18178,18771,63,0
18179,41943,63,0
18180,39908,63,0
18181,2002,63,0
18182,50455,63,0
18183,24063,63,0
18184,32388,63,0
18185,32802,63,0
18186,16885,63,0
18187,18829,63,0
18188,15146,63,0
18189,16740,63,0
18190,46148,63,0
18191,20414,63,0
18192,26956,63,0
18193,6349,63,0
18194,48707,63,0
18195,39916,63,0
18196,43220,63,0
18197,33553,63,0
18198,42082,63,0
18199,4791,63,0
18200,18303,63,0
18201,30719,63,0
18202,20395,63,0
18203,14184,63,0
18204,30574,63,0
18205,6925,63,0
18206,3918,63,0
18207,47966,63,0
18208,2683,63,0
18209,27551,63,0
18210,20837,63,0
18211,37074,63,0
18212,6005,63,0
18213,17667,63,0
18214,17634,63,0
18215,48871,63,0
18216,3660,63,0
18217,12975,63,0
18218,17595,63,0
18219,22345,63,0
18220,2896,63,0
18221,35345,63,0
18222,20030,63,0
18223,19438,63,0
18224,29596,63,0
18225,28957,63,0
18226,32004,63,0
18227,6022,63,0
18228,27292,63,0
18229,36035,63,0
18230,6135,63,0
18231,4152,63,0
18232,33302,63,0
18233,38198,63,0
18234,21521,63,0
18235,39909,63,0
18236,46667,63,0
18237,28242,63,0
18238,40213,63,0
18239,34594,63,0
18240,37465,63,0
18241,39765,63,0
18242,33360,63,0
18243,39796,63,0
18244,12823,63,0
18245,15482,63,0
18246,21398,63,0
18247,19565,63,0
18248,45254,63,0
18249,9102,63,0
18250,48750,63,0
18251,29362,63,0
18252,34275,63,0
18253,25084,63,0
18254,10822,63,0
18255,32780,63,0
18256,4111,63,0
18257,15293,63,0
18258,22732,63,0
18259,24140,63,0
18260,46071,63,0
18261,19822,63,0
18262,6292,63,0
18263,29664,63,0
18264,49737,63,0
18265,29083,63,0
18266,33595,63,0
18267,8666,63,0
18268,48591,63,0
18269,45995,63,0
18270,45171,63,0
18271,6825,63,0
18272,44847,63,0
18273,11290,63,0
18274,30199,63,0
18275,28734,63,0
18276,25651,63,0
18277,25671,63,0
18278,2443,63,0
18279,10288,63,0
18280,31559,63,0
18281,3780,63,0
18282,23795,63,0
18283,22818,63,0
18284,1276,63,0
18285,24500,63,0
18286,8183,63,0
18287,23414,63,0
18288,41954,63,0
18289,21831,63,0
18290,35804,63,0
18291,39959,63,0
18292,50339,63,0
18293,9662,63,0
18294,15571,63,0
18295,40020,63,0
18296,32473,63,0
18297,7289,63,0
18298,32839,63,0
18299,30412,63,0
18300,34206,63,0
18301,46022,63,0
18302,33285,63,0
18303,16852,63,0
18304,18027,63,0
18305,40410,63,0
18306,19848,63,0
18307,38902,63,0
18308,33847,63,0
18309,3070,63,0
18310,34291,63,0
18311,9194,63,0
18312,30676,63,0
18313,27579,63,0
18314,10257,63,0
18315,20793,63,0
18316,39041,63,0
18317,5066,63,0
18318,18789,63,0
18319,49900,63,0
18320,48253,63,0
18321,527,63,0
18322,46782,63,0
18323,19436,63,0
18324,38061,63,0
18325,27301,63,0
18326,30437,63,0
18327,38666,63,0
18328,24978,63,0
18329,4044,63,0
18330,30440,63,0
18331,29610,63,0
18332,28465,63,0
18333,47828,63,0
18334,37458,63,0
18335,23525,63,0
18336,37013,63,0
18337,15595,63,0
18338,9369,63,0
18339,45744,63,0
18340,37161,63,0
18341,39242,63,0
18342,16444,63,0
18343,14236,63,0
18344,1883,63,0
18345,3906,63,0
18346,29274,63,0
18347,3437,63,0
18348,41792,63,0
18349,38545,63,0
18350,21182,63,0
18351,1858,63,0
18352,2632,63,0
18353,21483,63,0
18354,13796,63,0
18355,31176,63,0
18356,483,63,0
18357,9001,63,0
18358,29464,63,0
18359,35824,63,0
18360,19315,63,0
18361,28691,63,0
18362,1237,63,0
18363,3607,63,0
18364,34239,63,0
18365,8021,63,0
18366,42263,63,0
18367,22351,63,0
18368,50116,63,0
18369,10321,63,0
18370,35623,63,0
18371,45117,63,0
18372,9912,63,0
18373,10697,63,0
18374,15718,63,0
18375,35564,63,0
18376,33010,63,0
18377,37407,63,0
18378,47857,63,0
18379,45771,63,0
18380,5543,63,0
18381,2477,63,0
18382,20307,63,0
18383,34169,63,0
18384,25606,63,0
18385,13176,63,0
18386,23718,63,0
18387,30938,63,0
18388,26393,63,0
18389,46577,63,0
18390,1239,63,0
18391,24104,63,0
18392,31690,63,0
18393,45910,63,0
18394,46978,63,0
18395,1098,63,0
18396,18952,63,0
18397,6502,63,0
18398,49543,63,0
18399,49953,63,0
18400,43799,63,0
18401,45265,63,0
18402,48533,63,0
18403,42855,63,0
18404,25718,63,0
18405,23006,63,0
18406,24380,63,0
18407,5960,63,0
18408,3349,63,0
18409,39746,63,0
18410,40885,63,0
18411,42495,63,0
18412,29640,63,0
18413,27677,63,0
18414,191,63,0
18415,25030,63,0
18416,46336,63,0
18417,35676,63,0
18418,1488,63,0
18419,34226,63,0
18420,5033,63,0
18421,7088,63,0
18422,17147,63,0
18423,20938,63,0
18424,2898,63,0
18425,1153,63,0
18426,779,63,0
18427,48297,63,0
18428,32892,63,0
18429,24908,63,0
18430,14788,63,0
18431,33470,63,0
18432,49468,63,0
18433,12939,63,0
18434,43554,63,0
18435,5495,63,0
18436,28740,63,0
18437,2847,63,0
18438,1598,63,0
18439,21376,63,0
18440,6687,63,0
18441,14686,63,0
18442,2124,63,0
18443,9543,63,0
18444,43260,63,0
18445,20669,63,0
18446,37209,63,0
18447,4613,63,0
18448,49713,63,0
18449,4943,63,0
18450,13430,63,0
18451,4019,63,0
18452,28026,63,0
18453,50387,63,0
18454,12277,63,0
18455,37418,63,0
18456,11058,63,0
18457,42831,63,0
18458,12994,63,0
18459,23264,63,0
18460,25835,63,0
18461,47324,63,0
18462,35839,63,0
18463,41510,63,0
18464,21453,63,0
18465,25978,63,0
18466,49376,63,0
18467,50816,63,0
18468,2062,63,0
18469,34855,63,0
18470,24342,63,0
18471,21947,63,0
18472,37518,63,0
18473,31339,63,0
18474,47032,63,0
18475,18742,63,0
18476,33501,63,0
18477,22002,63,0
18478,3130,63,0
18479,37778,63,0
18480,6608,63,0
18481,10349,63,0
18482,50114,63,0
18483,41248,63,0
18484,9276,63,0
18485,9825,63,0
18486,3907,63,0
18487,23749,63,0
18488,29621,63,0
18489,12730,63,0
18490,963,63,0
18491,2571,63,0
18492,39398,63,0
18493,25895,63,0
18494,17969,63,0
18495,47771,63,0
18496,9071,63,0
18497,1946,63,0
18498,18946,63,0
18499,28483,63,0
18500,37842,63,0
18501,36915,63,0
18502,9220,63,0
18503,25739,63,0
18504,2628,63,0
18505,15680,63,0
18506,35330,63,0
18507,20124,63,0
18508,31055,63,0
18509,8425,63,0
18510,4293,63,0
18511,26593,63,0
18512,6760,63,0
18513,25584,63,0
18514,44975,63,0
18515,42704,63,0
18516,36060,63,0
18517,9138,63,0
18518,3347,63,0
18519,29163,63,0
18520,13886,63,0
18521,9179,63,0
18522,9553,63,0
18523,171,63,0
18524,10812,63,0
18525,27999,63,0
18526,6357,63,0
18527,40510,63,0
18528,5041,63,0
18529,28946,63,0
18530,6196,63,0
18531,24448,63,0
18532,14602,63,0
18533,1087,63,0
18534,23491,63,0
18535,19634,63,0
18536,49430,63,0
18537,42228,63,0
18538,30597,63,0
18539,8996,63,0
18540,24045,63,0
18541,48366,63,0
18542,37047,63,0
18543,50118,63,0
18544,35485,63,0
18545,39093,63,0
18546,36246,63,0
18547,23755,63,0
18548,9697,63,0
18549,23433,63,0
18550,3527,63,0
18551,50197,63,0
18552,31094,63,0
18553,1856,63,0
18554,10544,63,0
18555,24174,63,0
18556,2884,63,0
18557,1901,63,0
18558,18329,63,0
18559,41461,63,0
18560,22829,63,0
18561,24324,63,0
18562,47098,63,0
18563,26165,63,0
18564,33265,63,0
18565,37286,63,0
18566,19674,63,0
18567,45672,63,0
18568,18729,63,0
18569,13664,63,0
18570,19029,63,0
18571,39367,63,0
18572,48646,63,0
18573,3904,63,0
18574,9873,63,0
18575,5976,63,0
18576,9628,63,0
18577,24160,63,0
18578,38156,63,0
18579,1019,63,0
18580,31533,63,0
18581,23659,63,0
18582,22536,63,0
18583,12436,63,0
18584,40364,63,0
18585,26588,63,0
18586,15540,63,0
18587,17229,63,0
18588,17768,63,0
18589,22421,63,0
18590,41632,63,0
18591,1927,63,0
18592,30234,63,0
18593,13684,63,0
18594,13260,63,0
18595,41965,63,0
18596,86,63,0
18597,15576,63,0
18598,20396,63,0
18599,24110,63,0
18600,13812,63,0
18601,37655,63,0
18602,24699,63,0
18603,26674,63,0
18604,48665,63,0
18605,38041,63,0
18606,28486,63,0
18607,48650,63,0
18608,30584,63,0
18609,41610,63,0
18610,36077,63,0
18611,27440,63,0
18612,46980,63,0
18613,46645,63,0
18614,22822,63,0
18615,27663,63,0
18616,38063,63,0
18617,31047,63,0
18618,32340,63,0
18619,47180,63,0
18620,17710,63,0
18621,13078,63,0
18622,20760,63,0
18623,14134,63,0
18624,33954,63,0
18625,27311,63,0
18626,26873,63,0
18627,39781,63,0
18628,30485,63,0
18629,49370,63,0
18630,31591,63,0
18631,40850,63,0
18632,32841,63,0
18633,27486,63,0
18634,10015,63,0
18635,21240,63,0
18636,7036,63,0
18637,3123,63,0
18638,44257,63,0
18639,42111,63,0
18640,16761,63,0
18641,34332,63,0
18642,21465,63,0
18643,29261,63,0
18644,30582,63,0
18645,2158,63,0
18646,42891,63,0
18647,45470,63,0
18648,9526,63,0
18649,5246,63,0
18650,4123,63,0
18651,10906,63,0
18652,34895,63,0
18653,24625,63,0
18654,23223,63,0
18655,5420,63,0
18656,19892,63,0
18657,28302,63,0
18658,24483,63,0
18659,15322,63,0
18660,49135,63,0
18661,50174,63,0
18662,3679,63,0
18663,41259,63,0
18664,48628,63,0
18665,34914,63,0
18666,46036,63,0
18667,1290,63,0
18668,34194,63,0
18669,34541,63,0
18670,33102,63,0
18671,8076,63,0
18672,45545,63,0
18673,3246,63,0
18674,18805,63,0
18675,300,63,0
18676,18313,63,0
18677,7027,63,0
18678,31070,63,0
18679,36784,63,0
18680,36759,63,0
18681,33172,63,0
18682,24694,63,0
18683,39929,63,0
18684,7227,63,0
18685,7076,63,0
18686,22363,63,0
18687,23556,63,0
18688,14148,63,0
18689,4208,63,0
18690,20495,63,0
18691,16645,63,0
18692,22144,63,0
18693,15,63,0
18694,22914,63,0
18695,19214,63,0
18696,20852,63,0
18697,3902,63,0
18698,5353,63,0
18699,21603,63,0
18700,43698,63,0
18701,33850,63,0
18702,28974,63,0
18703,27454,63,0
18704,47915,63,0
18705,30338,63,0
18706,10727,63,0
18707,21906,63,0
18708,42241,63,0
18709,1296,63,0
18710,10129,63,0
18711,18899,63,0
18712,33963,63,0
18713,40680,63,0
18714,330,63,0
18715,31303,63,0
18716,3563,63,0
18717,7648,63,0
18718,8439,63,0
18719,29931,63,0
18720,15711,63,0
18721,1106,63,0
18722,1533,63,0
18723,8717,63,0
18724,20529,63,0
18725,27128,63,0
18726,24301,63,0
18727,8471,63,0
18728,19651,63,0
18729,15889,63,0
18730,26458,63,0
18731,25013,63,0
18732,40947,63,0
18733,48989,63,0
18734,30850,63,0
18735,5949,63,0
18736,8282,63,0
18737,21606,63,0
18738,37426,63,0
18739,9155,63,0
18740,30310,63,0
18741,49935,63,0
18742,2845,63,0
18743,26581,63,0
18744,24282,63,0
18745,27482,63,0
18746,16772,63,0
18747,13473,63,0
18748,14714,63,0
18749,36100,63,0
18750,32630,63,0
18751,46359,63,0
18752,47204,63,0
18753,34039,63,0
18754,42040,63,0
18755,5158,63,0
18756,41899,63,0
18757,49494,63,0
18758,21812,63,0
18759,28156,63,0
18760,38290,63,0
18761,31567,63,0
18762,22579,63,0
18763,41929,63,0
18764,13885,63,0
18765,10898,63,0
18766,18633,63,0
18767,38724,63,0
18768,32094,63,0
18769,22650,63,0
18770,40427,63,0
18771,14508,63,0
18772,37297,63,0
18773,41497,63,0
18774,6311,63,0
18775,4663,63,0
18776,15391,63,0
18777,36655,63,0
18778,12260,63,0
18779,20634,63,0
18780,27115,63,0
18781,49894,63,0
18782,32806,63,0
18783,48978,63,0
18784,7173,63,0
18785,38277,63,0
18786,9008,63,0
18787,19137,63,0
18788,30668,63,0
18789,6655,63,0
18790,48802,63,0
18791,41769,63,0
18792,28630,63,0
18793,45911,63,0
18794,48412,63,0
18795,15049,63,0
18796,299,63,0
18797,1740,63,0
18798,13489,63,0
18799,36032,63,0
18800,26541,63,0
18801,27245,63,0
18802,24146,63,0
18803,37045,63,0
18804,10982,63,0
18805,37580,63,0
18806,20168,63,0
18807,19671,63,0
18808,44412,63,0
18809,15211,63,0
18810,18634,63,0
18811,4018,63,0
18812,2630,63,0
18813,34647,63,0
18814,23449,63,0
18815,32077,63,0
18816,31982,63,0
18817,308,63,0
18818,30361,63,0
18819,6633,63,0
18820,28593,63,0
18821,20379,63,0
18822,4533,63,0
18823,34735,63,0
18824,38000,63,0
18825,6971,63,0
18826,18733,63,0
18827,31072,63,0
18828,3298,63,0
18829,19236,63,0
18830,21318,63,0
18831,31907,63,0
18832,44618,63,0
18833,14337,63,0
18834,30974,63,0
18835,4660,63,0
18836,32270,63,0
18837,4864,63,0
18838,10704,63,0
18839,48209,63,0
18840,34796,63,0
18841,14229,63,0
18842,23369,63,0
18843,19896,63,0
18844,19439,63,0
18845,21867,63,0
18846,49005,63,0
18847,48046,63,0
18848,1476,63,0
18849,26219,63,0
18850,4384,63,0
18851,39672,63,0
18852,19028,63,0
18853,10849,63,0
18854,46750,63,0
18855,4137,63,0
18856,14274,63,0
18857,19260,63,0
18858,18588,63,0
18859,36186,63,0
18860,11781,63,0
18861,50845,63,0
18862,19036,63,0
18863,21144,63,0
18864,33985,63,0
18865,28693,63,0
18866,38098,63,0
18867,415,63,0
18868,34249,63,0
18869,4432,63,0
18870,48568,63,0
18871,26395,63,0
18872,23527,63,0
18873,14820,63,0
18874,8990,63,0
18875,26258,63,0
18876,41020,63,0
18877,37415,63,0
18878,35898,63,0
18879,18808,63,0
18880,40842,63,0
18881,49691,63,0
18882,39406,63,0
18883,45783,63,0
18884,31288,63,0
18885,50165,63,0
18886,15737,63,0
18887,26995,63,0
18888,33109,63,0
18889,30402,63,0
18890,49905,63,0
18891,3680,63,0
18892,8535,63,0
18893,9769,63,0
18894,32597,63,0
18895,25561,63,0
18896,28915,63,0
18897,45085,63,0
18898,33747,63,0
18899,12820,63,0
18900,38939,63,0
18901,34702,63,0
18902,41874,63,0
18903,30503,63,0
18904,18050,63,0
18905,21492,63,0
18906,47755,63,0
18907,33590,63,0
18908,19613,63,0
18909,25505,63,0
18910,11114,63,0
18911,34334,63,0
18912,2348,63,0
18913,20112,63,0
18914,27629,63,0
18915,49599,63,0
18916,11197,63,0
18917,28083,63,0
18918,24549,63,0
18919,35015,63,0
18920,8770,63,0
18921,36062,63,0
18922,38049,63,0
18923,13116,63,0
18924,26739,63,0
18925,14722,63,0
18926,43007,63,0
18927,25463,63,0
18928,11435,63,0
18929,19446,63,0
18930,10289,63,0
18931,37959,63,0
18932,10492,63,0
18933,27785,63,0
18934,42075,63,0
18935,24169,63,0
18936,4056,63,0
18937,37240,63,0
18938,3236,63,0
18939,18746,63,0
18940,30890,63,0
18941,21911,63,0
18942,5950,63,0
18943,39025,63,0
18944,18706,63,0
18945,42626,63,0
18946,9794,63,0
18947,35815,63,0
18948,25119,63,0
18949,9518,63,0
18950,8850,63,0
18951,16434,63,0
18952,1079,63,0
18953,17591,63,0
18954,39336,63,0
18955,44172,63,0
18956,26028,63,0
18957,2319,63,0
18958,1677,63,0
18959,34961,63,0
18960,49391,63,0
18961,33429,63,0
18962,45882,63,0
18963,13365,63,0
18964,4065,63,0
18965,36299,63,0
18966,7471,63,0
18967,13127,63,0
18968,38369,63,0
18969,30101,63,0
18970,43982,63,0
18971,26085,63,0
18972,1418,63,0
18973,11201,63,0
18974,16727,63,0
18975,21094,63,0
18976,7322,63,0
18977,17666,63,0
18978,34424,63,0
18979,22128,63,0
18980,33851,63,0
18981,27323,63,0
18982,25814,63,0
18983,47675,63,0
18984,2343,63,0
18985,29697,63,0
18986,37409,63,0
18987,14598,63,0
18988,50111,63,0
18989,2205,63,0
18990,17523,63,0
18991,3771,63,0
18992,14314,63,0
18993,30893,63,0
18994,3427,63,0
18995,5563,63,0
18996,38464,63,0
18997,12752,63,0
18998,21056,63,0
18999,5795,63,0
19000,28235,63,0
19001,38739,63,0
19002,10458,63,0
19003,26454,63,0
19004,10816,63,0
19005,9451,63,0
19006,11778,63,0
19007,31188,63,0
19008,7123,63,0
19009,8305,63,0
19010,34231,63,0
19011,20472,63,0
19012,38396,63,0
19013,44796,63,0
19014,24001,63,0
19015,24227,63,0
19016,1744,63,0
19017,35940,63,0
19018,29053,63,0
19019,40440,63,0
19020,5872,63,0
19021,35822,63,0
19022,39814,63,0
19023,23227,63,0
19024,12295,63,0
19025,50225,63,0
19026,21160,63,0
19027,38527,63,0
19028,39097,63,0
19029,14093,63,0
19030,50283,63,0
19031,1613,63,0
19032,13457,63,0
19033,3577,63,0
19034,37186,63,0
19035,7608,63,0
19036,67,63,0
19037,31543,63,0
19038,39419,63,0
19039,47059,63,0
19040,5868,63,0
19041,1721,63,0
19042,32498,63,0
19043,37809,63,0
19044,721,63,0
19045,8363,63,0
19046,49180,63,0
19047,38610,63,0
19048,4574,63,0
19049,18628,63,0
19050,33099,63,0
19051,14988,63,0
19052,31794,63,0
19053,37766,63,0
19054,22851,63,0
19055,24561,63,0
19056,18695,63,0
19057,35941,63,0
19058,27262,63,0
19059,11550,63,0
19060,40312,63,0
19061,27005,63,0
19062,34413,63,0
19063,47881,63,0
19064,26019,63,0
19065,17999,63,0
19066,35051,63,0
19067,24394,63,0
19068,47116,63,0
19069,25774,63,0
19070,44814,63,0
19071,26423,63,0
19072,16260,63,0
19073,38047,63,0
19074,39875,63,0
19075,34542,63,0
19076,36433,63,0
19077,3754,63,0
19078,2052,63,0
19079,18071,63,0
19080,29560,63,0
19081,3432,63,0
19082,25268,63,0
19083,35408,63,0
19084,1520,63,0
19085,29000,63,0
19086,28742,63,0
19087,37679,63,0
19088,23384,63,0
19089,20133,63,0
19090,21452,63,0
19091,41912,63,0
19092,4129,63,0
19093,2297,63,0
19094,31618,63,0
19095,2237,63,0
19096,49185,63,0
19097,17689,63,0
19098,48635,63,0
19099,31653,63,0
19100,9870,63,0
19101,24257,63,0
19102,11513,63,0
19103,49546,63,0
19104,42227,63,0
19105,26877,63,0
19106,1031,63,0
19107,41463,63,0
19108,24859,63,0
19109,24096,63,0
19110,35069,63,0
19111,5890,63,0
19112,47397,63,0
19113,19883,63,0
19114,2056,63,0
19115,25333,63,0
19116,7729,63,0
19117,10308,63,0
19118,12856,63,0
19119,35927,63,0
19120,3213,63,0
19121,39533,63,0
19122,37143,63,0
19123,20735,63,0
19124,31005,63,0
19125,7406,63,0
19126,24450,63,0
19127,33568,63,0
19128,35825,63,0
19129,18701,63,0
19130,14028,63,0
19131,49590,63,0
19132,35037,63,0
19133,33886,63,0
19134,41704,63,0
19135,18680,63,0
19136,32044,63,0
19137,23150,63,0
19138,33101,63,0
19139,2706,63,0
19140,46138,63,0
19141,43344,63,0
19142,45579,63,0
19143,17782,63,0
19144,41038,63,0
19145,1264,63,0
19146,46905,63,0
19147,24711,63,0
19148,44109,63,0
19149,27968,63,0
19150,49675,63,0
19151,39274,63,0
19152,34824,63,0
19153,44135,63,0
19154,19215,63,0
19155,10827,63,0
19156,50440,63,0
19157,18396,63,0
19158,50393,63,0
19159,7777,63,0
19160,28314,63,0
19161,38205,63,0
19162,10341,63,0
19163,4081,63,0
19164,14473,63,0
19165,12882,63,0
19166,33517,63,0
19167,35767,63,0
19168,3879,63,0
19169,28079,63,0
19170,20563,63,0
19171,847,63,0
19172,13492,63,0
19173,28919,63,0
19174,11445,63,0
19175,29743,63,0
19176,40637,63,0
19177,32145,63,0
19178,45495,63,0
19179,36981,63,0
19180,12364,63,0
19181,63,63,0
19182,35873,63,0
19183,3557,63,0
19184,5612,63,0
19185,30965,63,0
19186,38524,63,0
19187,13075,63,0
19188,6010,63,0
19189,16447,63,0
19190,26675,63,0
19191,45364,63,0
19192,31373,63,0
19193,26768,63,0
19194,23447,63,0
19195,15975,63,0
19196,639,63,0
19197,14983,63,0
19198,44919,63,0
19199,4273,63,0
19200,40969,63,0
19201,12814,63,0
19202,46395,63,0
19203,4038,63,0
19204,34850,63,0
19205,14736,63,0
19206,37628,63,0
19207,3908,63,0
19208,49278,63,0
19209,732,63,0
19210,8821,63,0
19211,14203,63,0
19212,47632,63,0
19213,7962,63,0
19214,14862,63,0
19215,34624,63,0
19216,25519,63,0
19217,23940,63,0
19218,11276,63,0
19219,14128,63,0
19220,9209,63,0
19221,28113,63,0
19222,33137,63,0
19223,22250,63,0
19224,13167,63,0
19225,33250,63,0
19226,2274,63,0
19227,9011,63,0
19228,3488,63,0
19229,37734,63,0
19230,45239,63,0
19231,12247,63,0
19232,18092,63,0
19233,16295,63,0
19234,20603,63,0
19235,18630,63,0
19236,26798,63,0
19237,23632,63,0
19238,31783,63,0
19239,36890,63,0
19240,18759,63,0
19241,22307,63,0
19242,10166,63,0
19243,33039,63,0
19244,45062,63,0
19245,21429,63,0
19246,38675,63,0
19247,104,63,0
19248,20434,63,0
19249,4515,63,0
19250,16349,63,0
19251,1902,63,0
19252,17406,63,0
19253,45801,63,0
19254,17444,63,0
19255,2170,63,0
19256,39505,63,0
19257,10221,63,0
19258,26984,63,0
19259,18683,63,0
19260,20134,63,0
19261,21702,63,0
19262,23821,63,0
19263,33394,63,0
19264,28759,63,0
19265,26380,63,0
19266,41710,63,0
19267,34971,63,0
19268,103,63,0
19269,20612,63,0
19270,44756,63,0
19271,19668,63,0
19272,3553,63,0
19273,6797,63,0
19274,43043,63,0
19275,14996,63,0
19276,27647,63,0
19277,20184,63,0
19278,32917,63,0
19279,29205,63,0
19280,3410,63,0
19281,35405,63,0
19282,24279,63,0
19283,49074,63,0
19284,35702,63,0
19285,8805,63,0
19286,44755,63,0
19287,33025,63,0
19288,27379,63,0
19289,2333,63,0
19290,14118,63,0
19291,23763,63,0
19292,9006,63,0
19293,8508,63,0
19294,45581,63,0
19295,37383,63,0
19296,30167,63,0
19297,2757,63,0
19298,30547,63,0
19299,8918,63,0
19300,23999,63,0
19301,42549,63,0
19302,23658,63,0
19303,41680,63,0
19304,13197,63,0
19305,20297,63,0
19306,49547,63,0
19307,23649,63,0
19308,37316,63,0
19309,1168,63,0
19310,48998,63,0
19311,37760,63,0
19312,27425,63,0
19313,40782,63,0
19314,21893,63,0
19315,26620,63,0
19316,1043,63,0
19317,20449,63,0
19318,6285,63,0
19319,18522,63,0
19320,44806,63,0
19321,35924,63,0
19322,10234,63,0
19323,18646,63,0
19324,40279,63,0
19325,40485,63,0
19326,22068,63,0
19327,7523,63,0
19328,15741,63,0
19329,41034,63,0
19330,18470,63,0
19331,7175,63,0
19332,12346,63,0
19333,36628,63,0
19334,34571,63,0
19335,24769,63,0
19336,26293,63,0
19337,9795,63,0
19338,46251,63,0
19339,8349,63,0
19340,19759,63,0
19341,2240,63,0
19342,30710,63,0
19343,4070,63,0
19344,42226,63,0
19345,461,63,0
19346,47644,63,0
19347,24265,63,0
19348,42478,63,0
19349,14237,63,0
19350,15948,63,0
19351,39473,63,0
19352,154,63,0
19353,3935,63,0
19354,3376,63,0
19355,4060,63,0
19356,4396,63,0
19357,2612,63,0
19358,26233,63,0
19359,22242,63,0
19360,38231,63,0
19361,47453,63,0
19362,43347,63,0
19363,38444,63,0
19364,4015,63,0
19365,30308,63,0
19366,40896,63,0
19367,33852,63,0
19368,13184,63,0
19369,21134,63,0
19370,24185,63,0
19371,29869,63,0
19372,26702,63,0
19373,5586,63,0
19374,38026,63,0
19375,32929,63,0
19376,17920,63,0
19377,668,63,0
19378,9764,63,0
19379,28500,63,0
19380,12030,63,0
19381,40092,63,0
19382,38459,63,0
19383,18258,63,0
19384,47165,63,0
19385,46194,63,0
19386,48353,63,0
19387,50894,63,0
19388,11599,63,0
19389,50473,63,0
19390,8648,63,0
19391,47763,63,0
19392,1493,63,0
19393,10312,63,0
19394,49012,63,0
19395,7673,63,0
19396,11411,63,0
19397,14135,63,0
19398,2600,63,0
19399,21568,63,0
19400,44665,63,0
19401,42984,63,0
19402,30408,63,0
19403,9968,63,0
19404,7580,63,0
19405,7605,63,0
19406,22747,63,0
19407,19662,63,0
19408,39870,63,0
19409,45496,63,0
19410,47381,63,0
19411,3516,63,0
19412,45635,63,0
19413,48321,63,0
19414,6167,63,0
19415,19247,63,0
19416,15842,63,0
19417,881,63,0
19418,10255,63,0
19419,37496,63,0
19420,46581,63,0
19421,2100,63,0
19422,23474,63,0
19423,2167,63,0
19424,41242,63,0
19425,43552,63,0
19426,20565,63,0
19427,49619,63,0
19428,34017,63,0
19429,35331,63,0
19430,1491,63,0
19431,15925,63,0
19432,45284,63,0
19433,35309,63,0
19434,29175,63,0
19435,29105,63,0
19436,43565,63,0
19437,1214,63,0
19438,10811,63,0
19439,20487,63,0
19440,50568,63,0
19441,21055,63,0
19442,34940,63,0
19443,32478,63,0
19444,27575,63,0
19445,42716,63,0
19446,38254,63,0
19447,14331,63,0
19448,23235,63,0
19449,39685,63,0
19450,14011,63,0
19451,36382,63,0
19452,48248,63,0
19453,26756,63,0
19454,20068,63,0
19455,45618,63,0
19456,26275,63,0
19457,14758,63,0
19458,32604,63,0
19459,33136,63,0
19460,31745,63,0
19461,17088,63,0
19462,41484,63,0
19463,49552,63,0
19464,36276,63,0
19465,18624,63,0
19466,30400,63,0
19467,2382,63,0
19468,7597,63,0
19469,40191,63,0
19470,30319,63,0
19471,46347,63,0
19472,27518,63,0
19473,1205,63,0
19474,16921,63,0
19475,21146,63,0
19476,27667,63,0
19477,17407,63,0
19478,14021,63,0
19479,44683,63,0
19480,12219,63,0
19481,21990,63,0
19482,22038,63,0
19483,31185,63,0
19484,29444,63,0
19485,36182,63,0
19486,49961,63,0
19487,5202,63,0
19488,18193,63,0
19489,34482,63,0
19490,43564,63,0
19491,43122,63,0
19492,19418,63,0
19493,31463,63,0
19494,39314,63,0
19495,30858,63,0
19496,25633,63,0
19497,45047,63,0
19498,15795,63,0
19499,45875,63,0
19500,33106,63,0
19501,12542,63,0
19502,46077,63,0
19503,41914,63,0
19504,44839,63,0
19505,18332,63,0
19506,31577,63,0
19507,34054,63,0
19508,14059,63,0
19509,31806,63,0
19510,234,63,0
19511,34093,63,0
19512,27107,63,0
19513,1633,63,0
19514,44820,63,0
19515,27152,63,0
19516,26571,63,0
19517,33904,63,0
19518,49689,63,0
19519,26833,63,0
19520,6749,63,0
19521,6229,63,0
19522,7006,63,0
19523,18314,63,0
19524,3450,63,0
19525,29428,63,0
19526,3605,63,0
19527,14634,63,0
19528,13766,63,0
19529,34104,63,0
19530,3408,63,0
19531,4665,63,0
19532,19656,63,0
19533,10186,63,0
19534,15493,63,0
19535,44663,63,0
19536,17187,63,0
19537,9023,63,0
19538,40307,63,0
19539,50124,63,0
19540,12663,63,0
19541,9117,63,0
19542,50128,63,0
19543,22794,63,0
19544,48647,63,0
19545,37838,63,0
19546,8718,63,0
19547,30206,63,0
19548,16020,63,0
19549,16388,63,0
19550,2990,63,0
19551,21699,63,0
19552,44136,63,0
19553,3592,63,0
19554,21695,63,0
19555,9170,63,0
19556,7010,63,0
19557,29435,63,0
19558,43959,63,0
19559,48673,63,0
19560,20245,63,0
19561,43839,63,0
19562,47403,63,0
19563,14527,63,0
19564,32142,63,0
19565,32320,63,0
19566,39005,63,0
19567,43286,63,0
19568,20759,63,0
19569,24386,63,0
19570,14220,63,0
19571,19986,63,0
19572,16738,63,0
19573,12204,63,0
19574,22454,63,0
19575,29696,63,0
19576,19203,63,0
19577,37725,63,0
19578,10623,63,0
19579,40985,63,0
19580,6024,63,0
19581,34276,63,0
19582,25056,63,0
19583,25888,63,0
19584,32155,63,0
19585,34495,63,0
19586,48459,63,0
19587,7826,63,0
19588,37640,63,0
19589,13945,63,0
19590,19844,63,0
19591,16172,63,0
19592,34029,63,0
19593,2053,63,0
19594,48382,63,0
19595,42733,63,0
19596,3657,63,0
19597,4854,63,0
19598,14542,63,0
19599,2136,63,0
19600,1771,63,0
19601,22561,63,0
19602,30737,63,0
19603,49078,63,0
19604,32599,63,0
19605,3434,63,0
19606,32976,63,0
19607,1922,63,0
19608,32405,63,0
19609,49956,63,0
19610,9941,63,0
19611,41287,63,0
19612,35212,63,0
19613,45688,63,0
19614,6321,63,0
19615,34842,63,0
19616,40470,63,0
19617,45412,63,0
19618,7064,63,0
19619,344,63,0
19620,36015,63,0
19621,39306,63,0
19622,28463,63,0
19623,25678,63,0
19624,35611,63,0
19625,15603,63,0
19626,9167,63,0
19627,43183,63,0
19628,7059,63,0
19629,43125,63,0
19630,11909,63,0
19631,46275,63,0
19632,46599,63,0
19633,9332,63,0
19634,6453,63,0
19635,33034,63,0
19636,46349,63,0
19637,10636,63,0
19638,32656,63,0
19639,27474,63,0
19640,27361,63,0
19641,41635,63,0
19642,23318,63,0
19643,2032,63,0
19644,9181,63,0
19645,46541,63,0
19646,46234,63,0
19647,17594,63,0
19648,13340,63,0
19649,50259,63,0
19650,30801,63,0
19651,11719,63,0
19652,1743,63,0
19653,2204,63,0
19654,50230,63,0
19655,21894,63,0
19656,22661,63,0
19657,14695,63,0
19658,35286,63,0
19659,8377,63,0
19660,21,63,0
19661,35661,63,0
19662,568,63,0
19663,22145,63,0
19664,9086,63,0
19665,39145,63,0
19666,24258,63,0
19667,34790,63,0
19668,20078,63,0
19669,19669,63,0
19670,39706,63,0
19671,29049,63,0
19672,20656,63,0
19673,24143,63,0
19674,36685,63,0
19675,34408,63,0
19676,49629,63,0
19677,24068,63,0
19678,24651,63,0
19679,15454,63,0
19680,7602,63,0
19681,23030,63,0
19682,42720,63,0
19683,31438,63,0
19684,39918,63,0
19685,23393,63,0
19686,48553,63,0
19687,13779,63,0
19688,9555,63,0
19689,8004,63,0
19690,48848,63,0
19691,46261,63,0
19692,35319,63,0
19693,45287,63,0
19694,14456,63,0
19695,9452,63,0
19696,39039,63,0
19697,23500,63,0
19698,49650,63,0
19699,9757,63,0
19700,4087,63,0
19701,18863,63,0
19702,4812,63,0
19703,10501,63,0
19704,10848,63,0
19705,27514,63,0
19706,236,63,0
19707,6606,63,0
19708,40571,63,0
19709,37035,63,0
19710,17669,63,0
19711,9544,63,0
19712,13505,63,0
19713,15284,63,0
19714,29966,63,0
19715,43042,63,0
19716,13872,63,0
19717,38346,63,0
19718,6756,63,0
19719,25057,63,0
19720,31817,63,0
19721,1872,63,0
19722,9854,63,0
19723,18359,63,0
19724,45342,63,0
19725,8027,63,0
19726,18462,63,0
19727,30912,63,0
19728,30028,63,0
19729,28872,63,0
19730,30170,63,0
19731,46686,63,0
19732,44662,63,0
19733,50313,63,0
19734,31737,63,0
19735,12886,63,0
19736,1204,63,0
19737,5053,63,0
19738,22801,63,0
19739,29091,63,0
19740,50276,63,0
19741,29907,63,0
19742,36761,63,0
19743,28309,63,0
19744,47819,63,0
19745,12857,63,0
19746,19026,63,0
19747,1213,63,0
19748,13920,63,0
19749,19859,63,0
19750,25397,63,0
19751,19789,63,0
19752,46049,63,0
19753,46146,63,0
19754,49847,63,0
19755,34129,63,0
19756,49004,63,0
19757,40356,63,0
19758,12589,63,0
19759,27217,63,0
19760,34634,63,0
19761,5328,63,0
19762,50572,63,0
19763,11029,63,0
19764,24191,63,0
19765,23519,63,0
19766,11607,63,0
19767,45093,63,0
19768,3314,63,0
19769,33441,63,0
19770,6675,63,0
19771,18030,63,0
19772,31321,63,0
19773,45665,63,0
19774,36516,63,0
19775,27570,63,0
19776,35402,63,0
19777,4287,63,0
19778,20156,63,0
19779,21958,63,0
19780,21829,63,0
19781,11576,63,0
19782,423,63,0
19783,13361,63,0
19784,24480,63,0
19785,7910,63,0
19786,13652,63,0
19787,33650,63,0
19788,22241,63,0
19789,49653,63,0
19790,42971,63,0
19791,15963,63,0
19792,24850,63,0
19793,17747,63,0
19794,48257,63,0
19795,33928,63,0
19796,9161,63,0
19797,24406,63,0
19798,25378,63,0
19799,22278,63,0
19800,2769,63,0
19801,5956,63,0
19802,8049,63,0
19803,28129,63,0
19804,18151,63,0
19805,31788,63,0
19806,7239,63,0
19807,41663,63,0
19808,37444,63,0
19809,23061,63,0
19810,9007,63,0
19811,35665,63,0
19812,20585,63,0
19813,28121,63,0
19814,43983,63,0
19815,19125,63,0
19816,23643,63,0
19817,43859,63,0
19818,25622,63,0
19819,11609,63,0
19820,48136,63,0
19821,6312,63,0
19822,50337,63,0
19823,37839,63,0
19824,18465,63,0
19825,50402,63,0
19826,3482,63,0
19827,24299,63,0
19828,2634,63,0
19829,15009,63,0
19830,12792,63,0
19831,2878,63,0
19832,12173,63,0
19833,48724,63,0
19834,37104,63,0
19835,2578,63,0
19836,28774,63,0
19837,28365,63,0
19838,38367,63,0
19839,45006,63,0
19840,32117,63,0
19841,17541,63,0
19842,24268,63,0
19843,10299,63,0
19844,17911,63,0
19845,2340,63,0
19846,35230,63,0
19847,31735,63,0
19848,36084,63,0
19849,2088,63,0
19850,33,63,0
19851,12044,63,0
19852,186,63,0
19853,50604,63,0
19854,148,63,0
19855,6643,63,0
19856,43571,63,0
19857,4982,63,0
19858,39922,63,0
19859,17257,63,0
19860,48158,63,0
19861,9068,63,0
19862,2915,63,0
19863,32329,63,0
19864,12593,63,0
19865,16907,63,0
19866,22305,63,0
19867,37729,63,0
19868,18797,63,0
19869,33947,63,0
19870,49927,63,0
19871,3476,63,0
19872,17840,63,0
19873,1223,63,0
19874,14533,63,0
19875,26164,63,0
19876,39937,63,0
19877,31604,63,0
19878,31915,63,0
19879,4367,63,0
19880,28858,63,0
19881,18664,63,0
19882,3926,63,0
19883,3676,63,0
19884,40530,63,0
19885,39051,63,0
19886,25440,63,0
19887,41136,63,0
19888,39349,63,0
19889,48984,63,0
19890,49805,63,0
19891,39632,63,0
19892,48425,63,0
19893,3226,63,0
19894,22049,63,0
19895,44213,63,0
19896,32194,63,0
19897,49960,63,0
19898,37736,63,0
19899,37615,63,0
19900,23762,63,0
19901,17553,63,0
19902,48915,63,0
19903,50201,63,0
19904,1689,63,0
19905,35190,63,0
19906,26179,63,0
19907,11652,63,0
19908,39993,63,0
19909,20933,63,0
19910,48717,63,0
19911,26054,63,0
19912,3149,63,0
19913,13053,63,0
19914,40621,63,0
19915,24573,63,0
19916,23029,63,0
19917,500,63,0
19918,6179,63,0
19919,6930,63,0
19920,28836,63,0
19921,27773,63,0
19922,46372,63,0
19923,50707,63,0
19924,48294,63,0
19925,27186,63,0
19926,29264,63,0
19927,21740,63,0
19928,50861,63,0
19929,17209,63,0
19930,44315,63,0
19931,8015,63,0
19932,17435,63,0
19933,5648,63,0
19934,35314,63,0
19935,26043,63,0
19936,42262,63,0
19937,2367,63,0
19938,10005,63,0
19939,29872,63,0
19940,30106,63,0
19941,44865,63,0
19942,44176,63,0
19943,391,63,0
19944,44483,63,0
19945,35229,63,0
19946,11344,63,0
19947,28754,63,0
19948,27167,63,0
19949,25251,63,0
19950,42623,63,0
19951,14256,63,0
19952,28679,63,0
19953,34780,63,0
19954,27239,63,0
19955,47731,63,0
19956,25220,63,0
19957,66,63,0
19958,21069,63,0
19959,14812,63,0
19960,8231,63,0
19961,19817,63,0
19962,33618,63,0
19963,22586,63,0
19964,13807,63,0
19965,1525,63,0
19966,10212,63,0
19967,12382,63,0
19968,50094,63,0
19969,35444,63,0
19970,38743,63,0
19971,5551,63,0
19972,13792,63,0
19973,38044,63,0
19974,5937,63,0
19975,34738,63,0
19976,2427,63,0
19977,33615,63,0
19978,8539,63,0
19979,31699,63,0
19980,4851,63,0
19981,27766,63,0
19982,25573,63,0
19983,22749,63,0
19984,19399,63,0
19985,2985,63,0
19986,22464,63,0
19987,30330,63,0
19988,3128,63,0
19989,30252,63,0
19990,2802,63,0
19991,41876,63,0
19992,46428,63,0
19993,24054,63,0
19994,26089,63,0
19995,39435,63,0
19996,18743,63,0
19997,17945,63,0
19998,35474,63,0
19999,43607,63,0
20000,47722,63,0
20001,1257,63,0
20002,17915,63,0
20003,42252,63,0
20004,24153,63,0
20005,11718,63,0
20006,6057,63,0
20007,48807,63,0
20008,42413,63,0
20009,3623,63,0
20010,34708,63,0
20011,21051,63,0
20012,46955,63,0
20013,29201,63,0
20014,1934,63,0
20015,29578,63,0
20016,49804,63,0
20017,40183,63,0
20018,41692,63,0
20019,42211,63,0
20020,20611,63,0
20021,18197,63,0
20022,30075,63,0
20023,48236,63,0
20024,48605,63,0
20025,14783,63,0
20026,45994,63,0
20027,12533,63,0
20028,23121,63,0
20029,11508,63,0
20030,43072,63,0
20031,32629,63,0
20032,18052,63,0
20033,7888,63,0
20034,18767,63,0
20035,48015,63,0
20036,41133,63,0
20037,21213,63,0
20038,7427,63,0
20039,14448,63,0
20040,5248,63,0
20041,30810,63,0
20042,17116,63,0
20043,44873,63,0
20044,41476,63,0
20045,18504,63,0
20046,37818,63,0
20047,10936,63,0
20048,40666,63,0
20049,4758,63,0
20050,46569,63,0
20051,3731,63,0
20052,33922,63,0
20053,2854,63,0
20054,49831,63,0
20055,13555,63,0
20056,46574,63,0
20057,17942,63,0
20058,40740,63,0
20059,37347,63,0
20060,37836,63,0
20061,17571,63,0
20062,5516,63,0
20063,12671,63,0
20064,1323,63,0
20065,50886,63,0
20066,29474,63,0
20067,33784,63,0
20068,28595,63,0
20069,2671,63,0
20070,1100,63,0
20071,21977,63,0
20072,30715,63,0
20073,25864,63,0
20074,38229,63,0
20075,50783,63,0
20076,13064,63,0
20077,1926,63,0
20078,44371,63,0
20079,40084,63,0
20080,24115,63,0
20081,1993,63,0
20082,29512,63,0
20083,15479,63,0
20084,15036,63,0
20085,42811,63,0
20086,38278,63,0
20087,33449,63,0
20088,21558,63,0
20089,39938,63,0
20090,49759,63,0
20091,26536,63,0
20092,38035,63,0
20093,4462,63,0
20094,22758,63,0
20095,39911,63,0
20096,16053,63,0
20097,27444,63,0
20098,31376,63,0
20099,28846,63,0
20100,24395,63,0
20101,1481,63,0
20102,29984,63,0
20103,22655,63,0
20104,45504,63,0
20105,30093,63,0
20106,33584,63,0
20107,39038,63,0
20108,30500,63,0
20109,29326,63,0
20110,20174,63,0
20111,35692,63,0
20112,2311,63,0
20113,29153,63,0
20114,47243,63,0
20115,32202,63,0
20116,46120,63,0
20117,14441,63,0
20118,39827,63,0
20119,627,63,0
20120,35550,63,0
20121,14654,63,0
20122,41859,63,0
20123,25498,63,0
20124,48427,63,0
20125,12024,63,0
20126,1687,63,0
20127,14526,63,0
20128,12323,63,0
20129,4042,63,0
20130,35390,63,0
20131,14347,63,0
20132,8209,63,0
20133,42355,63,0
20134,21058,63,0
20135,28176,63,0
20136,47447,63,0
20137,19043,63,0
20138,20557,63,0
20139,37762,63,0
20140,3909,63,0
20141,25398,63,0
20142,21036,63,0
20143,2523,63,0
20144,15972,63,0
20145,22725,63,0
20146,38926,63,0
20147,23367,63,0
20148,49810,63,0
20149,22827,63,0
20150,19393,63,0
20151,17307,63,0
20152,5462,63,0
20153,7115,63,0
20154,23171,63,0
20155,9219,63,0
20156,24883,63,0
20157,30438,63,0
20158,23515,63,0
20159,709,63,0
20160,32183,63,0
20161,9803,63,0
20162,25393,63,0
20163,7026,63,0
20164,34278,63,0
20165,22316,63,0
20166,18390,63,0
20167,31779,63,0
20168,22364,63,0
20169,42559,63,0
20170,1799,63,0
20171,30195,63,0
20172,9423,63,0
20173,18935,63,0
20174,43574,63,0
20175,27420,63,0
20176,18508,63,0
20177,35513,63,0
20178,14612,63,0
20179,41591,63,0
20180,43573,63,0
20181,21885,63,0
20182,45760,63,0
20183,29021,63,0
20184,24213,63,0
20185,50776,63,0
20186,8888,63,0
20187,1365,63,0
20188,32347,63,0
20189,404,63,0
20190,33780,63,0
20191,39004,63,0
20192,20800,63,0
20193,2375,63,0
20194,22699,63,0
20195,36113,63,0
20196,21214,63,0
20197,19527,63,0
20198,6807,63,0
20199,29848,63,0
20200,30080,63,0
20201,34123,63,0
20202,4882,63,0
20203,429,63,0
20204,7075,63,0
20205,8750,63,0
20206,25577,63,0
20207,30382,63,0
20208,23289,63,0
20209,11525,63,0
20210,6799,63,0
20211,50254,63,0
20212,30589,63,0
20213,18427,63,0
20214,32001,63,0
20215,19633,63,0
20216,29603,63,0
20217,38423,63,0
20218,39002,63,0
20219,50579,63,0
20220,6481,63,0
20221,35427,63,0
20222,6423,63,0
20223,28573,63,0
20224,14709,63,0
20225,48670,63,0
20226,2245,63,0
20227,19535,63,0
20228,27944,63,0
20229,10470,63,0
20230,42508,63,0
20231,39834,63,0
20232,24873,63,0
20233,48126,63,0
20234,13679,63,0
20235,11632,63,0
20236,45368,63,0
20237,41500,63,0
20238,38354,63,0
20239,27934,63,0
20240,18173,63,0
20241,17495,63,0
20242,40787,63,0
20243,46929,63,0
20244,34064,63,0
20245,47232,63,0
20246,11743,63,0
20247,14403,63,0
20248,39129,63,0
20249,45733,63,0
20250,44084,63,0
20251,28645,63,0
20252,44762,63,0
20253,46620,63,0
20254,37903,63,0
20255,6092,63,0
20256,38308,63,0
20257,6451,63,0
20258,37616,63,0
20259,4526,63,0
20260,36121,63,0
20261,24851,63,0
20262,4708,63,0
20263,6729,63,0
20264,25813,63,0
20265,33959,63,0
20266,29075,63,0
20267,49018,63,0
20268,4869,63,0
20269,1504,63,0
20270,26621,63,0
20271,13637,63,0
20272,9288,63,0
20273,15792,63,0
20274,11724,63,0
20275,40054,63,0
20276,45859,63,0
20277,33915,63,0
20278,6830,63,0
20279,34747,63,0
20280,37329,63,0
20281,21114,63,0
20282,273,63,0
20283,29797,63,0
20284,22437,63,0
20285,1391,63,0
20286,7778,63,0
20287,3321,63,0
20288,24731,63,0
20289,2279,63,0
20290,10835,63,0
20291,50336,63,0
20292,52,63,0
20293,26946,63,0
20294,48274,63,0
20295,16238,63,0
20296,49852,63,0
20297,16687,63,0
20298,38831,63,0
20299,22562,63,0
20300,48407,63,0
20301,46267,63,0
20302,25890,63,0
20303,12340,63,0
20304,34242,63,0
20305,7101,63,0
20306,38188,63,0
20307,5094,63,0
20308,49878,63,0
20309,4086,63,0
20310,49149,63,0
20311,5290,63,0
20312,26469,63,0
20313,75,63,0
20314,195,63,0
20315,25139,63,0
20316,26003,63,0
20317,7928,63,0
20318,3200,63,0
20319,19317,63,0
20320,27083,63,0
20321,8290,63,0
20322,25764,63,0
20323,1802,63,0
20324,19054,63,0
20325,3631,63,0
20326,32417,63,0
20327,41306,63,0
20328,22762,63,0
20329,11353,63,0
20330,10187,63,0
20331,4011,63,0
20332,3499,63,0
20333,22355,63,0
20334,19556,63,0
20335,47217,63,0
20336,7836,63,0
20337,32857,63,0
20338,41796,63,0
20339,28292,63,0
20340,46014,63,0
20341,42106,63,0
20342,46406,63,0
20343,21462,63,0
20344,26227,63,0
20345,21851,63,0
20346,23290,63,0
20347,26767,63,0
20348,49150,63,0
20349,3068,63,0
20350,2837,63,0
20351,24408,63,0
20352,27411,63,0
20353,256,63,0
20354,1683,63,0
20355,1271,63,0
20356,46430,63,0
20357,21314,63,0
20358,49758,63,0
20359,6448,63,0
20360,46654,63,0
20361,32667,63,0
20362,1095,63,0
20363,26982,63,0
20364,10203,63,0
20365,23508,63,0
20366,39815,63,0
20367,31350,63,0
20368,11005,63,0
20369,41814,63,0
20370,47267,63,0
20371,22614,63,0
20372,24420,63,0
20373,38613,63,0
20374,24264,63,0
20375,16633,63,0
20376,1030,63,0
20377,15904,63,0
20378,30168,63,0
20379,41659,63,0
20380,31959,63,0
20381,31202,63,0
20382,2827,63,0
20383,17568,63,0
20384,43488,63,0
20385,37328,63,0
20386,30670,63,0
20387,45978,63,0
20388,15721,63,0
20389,23109,63,0
20390,13957,63,0
20391,37682,63,0
20392,29631,63,0
20393,34076,63,0
20394,15072,63,0
20395,45736,63,0
20396,50035,63,0
20397,10756,63,0
20398,42198,63,0
20399,38896,63,0
20400,46121,63,0
20401,23356,63,0
20402,27844,63,0
20403,8374,63,0
20404,43970,63,0
20405,8054,63,0
20406,50090,63,0
20407,45365,63,0
20408,18663,63,0
20409,17182,63,0
20410,16596,63,0
20411,18731,63,0
20412,34187,63,0
20413,5639,63,0
20414,33551,63,0
20415,16147,63,0
20416,49452,63,0
20417,15212,63,0
20418,5091,63,0
20419,997,63,0
20420,40718,63,0
20421,32471,63,0
20422,44699,63,0
20423,16958,63,0
20424,8987,63,0
20425,48870,63,0
20426,19871,63,0
20427,28751,63,0
20428,9961,63,0
20429,27295,63,0
20430,32090,63,0
20431,37145,63,0
20432,27995,63,0
20433,50406,63,0
20434,31357,63,0
20435,17966,63,0
20436,7632,63,0
20437,37577,63,0
20438,2513,63,0
20439,1538,63,0
20440,23989,63,0
20441,36842,63,0
20442,8011,63,0
20443,18395,63,0
20444,24313,63,0
20445,3997,63,0
20446,3330,63,0
20447,10726,63,0
20448,11282,63,0
20449,15225,63,0
20450,48911,63,0
20451,11004,63,0
20452,46046,63,0
20453,3489,63,0
20454,11742,63,0
20455,11454,63,0
20456,18063,63,0
20457,43162,63,0
20458,30175,63,0
20459,36337,63,0
20460,42055,63,0
20461,7665,63,0
20462,44723,63,0
20463,8010,63,0
20464,11417,63,0
20465,21714,63,0
20466,20718,63,0
20467,12903,63,0
20468,12344,63,0
20469,15838,63,0
20470,17282,63,0
20471,35808,63,0
20472,6754,63,0
20473,42687,63,0
20474,7687,63,0
20475,14461,63,0
20476,18233,63,0
20477,25533,63,0
20478,33354,63,0
20479,49445,63,0
20480,18304,63,0
20481,16803,63,0
20482,21866,63,0
20483,32670,63,0
20484,34198,63,0
20485,20231,63,0
20486,2122,63,0
20487,9738,63,0
20488,22512,63,0
20489,34573,63,0
20490,45707,63,0
20491,4446,63,0
20492,28794,63,0
20493,49844,63,0
20494,32898,63,0
20495,30228,63,0
20496,3519,63,0
20497,23416,63,0
20498,8482,63,0
20499,46715,63,0
20500,6051,63,0
20501,304,63,0
20502,9625,63,0
20503,36830,63,0
20504,6108,63,0
20505,47651,63,0
20506,35290,63,0
20507,276,63,0
20508,4684,63,0
20509,32874,63,0
20510,32938,63,0
20511,27153,63,0
20512,5240,63,0
20513,8930,63,0
20514,28909,63,0
20515,3837,63,0
20516,25741,63,0
20517,34969,63,0
20518,6924,63,0
20519,46900,63,0
20520,9809,63,0
20521,38164,63,0
20522,43154,63,0
20523,18143,63,0
20524,4009,63,0
20525,45148,63,0
20526,7195,63,0
20527,13355,63,0
20528,49931,63,0
20529,10598,63,0
20530,19448,63,0
20531,26365,63,0
20532,50486,63,0
20533,13938,63,0
20534,4590,63,0
20535,15885,63,0
20536,11511,63,0
20537,11291,63,0
20538,30815,63,0
20539,15121,63,0
20540,16121,63,0
20541,29881,63,0
20542,12644,63,0
20543,27631,63,0
20544,2647,63,0
20545,31752,63,0
20546,2605,63,0
20547,39404,63,0
20548,50837,63,0
20549,42774,63,0
20550,18141,63,0
20551,15715,63,0
20552,2910,63,0
20553,20738,63,0
20554,6474,63,0
20555,29334,63,0
20556,46626,63,0
20557,1270,63,0
20558,34972,63,0
20559,40217,63,0
20560,37536,63,0
20561,38081,63,0
20562,43560,63,0
20563,16822,63,0
20564,22026,63,0
20565,27213,63,0
20566,37727,63,0
20567,10978,63,0
20568,11894,63,0
20569,22440,63,0
20570,8064,63,0
20571,1194,63,0
20572,32253,63,0
20573,35397,63,0
20574,3890,63,0
20575,47772,63,0
20576,9010,63,0
20577,39974,63,0
20578,120,63,0
20579,19033,63,0
20580,33382,63,0
20581,29503,63,0
20582,22438,63,0
20583,11722,63,0
20584,37857,63,0
20585,8960,63,0
20586,15527,63,0
20587,39154,63,0
20588,24669,63,0
20589,24489,63,0
20590,35435,63,0
20591,29833,63,0
20592,17743,63,0
20593,5777,63,0
20594,18270,63,0
20595,33331,63,0
20596,38448,63,0
20597,48772,63,0
20598,1753,63,0
20599,6182,63,0
20600,47091,63,0
20601,35159,63,0
20602,34056,63,0
20603,30474,63,0
20604,23962,63,0
20605,24291,63,0
20606,5121,63,0
20607,24538,63,0
20608,24517,63,0
20609,44638,63,0
20610,34729,63,0
20611,32425,63,0
20612,28258,63,0
20613,36763,63,0
20614,18831,63,0
20615,33051,63,0
20616,35712,63,0
20617,47756,63,0
20618,50255,63,0
20619,20755,63,0
20620,27006,63,0
20621,16733,63,0
20622,32328,63,0
20623,47402,63,0
20624,12864,63,0
20625,49734,63,0
20626,27668,63,0
20627,2011,63,0
20628,27877,63,0
20629,26114,63,0
20630,50424,63,0
20631,38884,63,0
20632,36294,63,0
20633,209,63,0
20634,44294,63,0
20635,3520,63,0
20636,14631,63,0
20637,44066,63,0
20638,16142,63,0
20639,3786,63,0
20640,22489,63,0
20641,6492,63,0
20642,18721,63,0
20643,48632,63,0
20644,4780,63,0
20645,21112,63,0
20646,13645,63,0
20647,50684,63,0
20648,36093,63,0
20649,1306,63,0
20650,33133,63,0
20651,30538,63,0
20652,32681,63,0
20653,57,63,0
20654,30153,63,0
20655,48624,63,0
20656,44289,63,0
20657,4853,63,0
20658,10937,63,0
20659,6380,63,0
20660,46650,63,0
20661,42630,63,0
20662,2540,63,0
20663,26552,63,0
20664,1299,63,0
20665,32157,63,0
20666,12972,63,0
20667,10840,63,0
20668,27778,63,0
20669,8174,63,0
20670,5625,63,0
20671,36184,63,0
20672,36520,63,0
20673,30959,63,0
20674,3326,63,0
20675,13564,63,0
20676,50896,63,0
20677,41059,63,0
20678,16277,63,0
20679,31308,63,0
20680,30421,63,0
20681,1117,63,0
20682,36667,63,0
20683,14561,63,0
20684,28264,63,0
20685,13183,63,0
20686,15013,63,0
20687,22773,63,0
20688,11047,63,0
20689,2913,63,0
20690,13722,63,0
20691,16643,63,0
20692,1374,63,0
20693,38551,63,0
20694,48442,63,0
20695,11740,63,0
20696,38467,63,0
20697,2792,63,0
20698,42248,63,0
20699,25710,63,0
20700,40288,63,0
20701,32403,63,0
20702,15356,63,0
20703,2626,63,0
20704,33230,63,0
20705,21352,63,0
20706,12016,63,0
20707,44303,63,0
20708,20811,63,0
20709,31481,63,0
20710,6358,63,0
20711,8547,63,0
20712,19234,63,0
20713,22553,63,0
20714,26274,63,0
20715,1110,63,0
20716,21446,63,0
20717,22723,63,0
20718,26663,63,0
20719,14129,63,0
20720,34184,63,0
20721,44725,63,0
20722,16833,63,0
20723,39583,63,0
20724,35864,63,0
20725,6254,63,0
20726,38832,63,0
20727,25626,63,0
20728,49726,63,0
20729,363,63,0
20730,48065,63,0
20731,41151,63,0
20732,1395,63,0
20733,35206,63,0
20734,21535,63,0
20735,18769,63,0
20736,18247,63,0
20737,14168,63,0
20738,13666,63,0
20739,10962,63,0
20740,45393,63,0
20741,25207,63,0
20742,36548,63,0
20743,3752,63,0
20744,16949,63,0
20745,31661,63,0
20746,18206,63,0
20747,25413,63,0
20748,24813,63,0
20749,42305,63,0
20750,2058,63,0
20751,8278,63,0
20752,44287,63,0
20753,39027,63,0
20754,41649,63,0
20755,1974,63,0
20756,30405,63,0
20757,21824,63,0
20758,5565,63,0
20759,4053,63,0
20760,45114,63,0
20761,36327,63,0
20762,32199,63,0
20763,47671,63,0
20764,44226,63,0
20765,9122,63,0
20766,20874,63,0
20767,24214,63,0
20768,42923,63,0
20769,36861,63,0
20770,30146,63,0
20771,39515,63,0
20772,36205,63,0
20773,2806,63,0
20774,21703,63,0
20775,33575,63,0
20776,18595,63,0
20777,29744,63,0
20778,35271,63,0
20779,16453,63,0
20780,15463,63,0
20781,38706,63,0
20782,22318,63,0
20783,8771,63,0
20784,26762,63,0
20785,7754,63,0
20786,30634,63,0
20787,23009,63,0
20788,28598,63,0
20789,44366,63,0
20790,16152,63,0
20791,36434,63,0
20792,39165,63,0
20793,35877,63,0
20794,21001,63,0
20795,31118,63,0
20796,48200,63,0
20797,50603,63,0
20798,30100,63,0
20799,31207,63,0
20800,21000,63,0
20801,17739,63,0
20802,34445,63,0
20803,28505,63,0
20804,9948,63,0
20805,46678,63,0
20806,37287,63,0
20807,17540,63,0
20808,2633,63,0
20809,47129,63,0
20810,6207,63,0
20811,29169,63,0
20812,3245,63,0
20813,29789,63,0
20814,39149,63,0
20815,14088,63,0
20816,48741,63,0
20817,40367,63,0
20818,44240,63,0
20819,20951,63,0
20820,36126,63,0
20821,24422,63,0
20822,50536,63,0
20823,16611,63,0
20824,34083,63,0
20825,9996,63,0
20826,15630,63,0
20827,583,63,0
20828,2657,63,0
20829,3360,63,0
20830,4501,63,0
20831,21605,63,0
20832,3599,63,0
20833,33806,63,0
20834,7333,63,0
20835,26211,63,0
20836,42444,63,0
20837,16816,63,0
20838,45360,63,0
20839,50028,63,0
20840,13082,63,0
20841,10754,63,0
20842,42717,63,0
20843,43522,63,0
20844,35289,63,0
20845,37595,63,0
20846,12195,63,0
20847,42607,63,0
20848,832,63,0
20849,35106,63,0
20850,29265,63,0
20851,30469,63,0
20852,50112,63,0
20853,16240,63,0
20854,24879,63,0
20855,36934,63,0
20856,41800,63,0
20857,13565,63,0
20858,31295,63,0
20859,660,63,0
20860,20086,63,0
20861,42482,63,0
20862,48282,63,0
20863,45268,63,0
20864,4365,63,0
20865,7022,63,0
20866,43601,63,0
20867,48890,63,0
20868,4842,63,0
20869,40933,63,0
20870,32208,63,0
20871,3869,63,0
20872,37371,63,0
20873,17900,63,0
20874,33955,63,0
20875,62,63,0
20876,8740,63,0
20877,41951,63,0
20878,3350,63,0
20879,25150,63,0
20880,3449,63,0
20881,6738,63,0
20882,47286,63,0
20883,30946,63,0
20884,41107,63,0
20885,7991,63,0
20886,20798,63,0
20887,35364,63,0
20888,2054,63,0
20889,460,63,0
20890,25364,63,0
20891,31630,63,0
20892,1375,63,0
20893,23353,63,0
20894,24359,63,0
20895,31002,63,0
20896,1554,63,0
20897,3187,63,0
20898,38432,63,0
20899,9617,63,0
20900,11229,63,0
20901,16535,63,0
20902,28782,63,0
20903,1404,63,0
20904,46455,63,0
20905,5331,63,0
20906,36806,63,0
20907,35959,63,0
20908,14075,63,0
20909,28771,63,0
20910,38365,63,0
20911,27908,63,0
20912,1094,63,0
20913,36546,63,0
20914,10614,63,0
20915,18820,63,0
20916,31971,63,0
20917,23477,63,0
20918,2013,63,0
20919,24589,63,0
20920,23210,63,0
20921,41074,63,0
20922,3950,63,0
20923,41386,63,0
20924,2709,63,0
20925,22462,63,0
20926,26250,63,0
20927,19919,63,0
20928,7418,63,0
20929,12164,63,0
20930,13289,63,0
20931,29519,63,0
20932,19673,63,0
20933,24837,63,0
20934,2039,63,0
20935,25283,63,0
20936,36787,63,0
20937,23000,63,0
20938,16279,63,0
20939,18803,63,0
20940,24200,63,0
20941,49373,63,0
20942,7668,63,0
20943,32356,63,0
20944,24456,63,0
20945,12209,63,0
20946,34815,63,0
20947,6178,63,0
20948,4161,63,0
20949,22273,63,0
20950,32177,63,0
20951,40642,63,0
20952,31950,63,0
20953,1719,63,0
20954,50675,63,0
20955,23753,63,0
20956,24277,63,0
20957,35270,63,0
20958,8222,63,0
20959,36156,63,0
20960,2325,63,0
20961,47112,63,0
20962,8810,63,0
20963,6308,63,0
20964,22036,63,0
20965,36011,63,0
20966,11528,63,0
20967,6824,63,0
20968,16810,63,0
20969,29772,63,0
20970,20832,63,0
20971,22095,63,0
20972,30520,63,0
20973,30354,63,0
20974,30996,63,0
20975,979,63,0
20976,41733,63,0
20977,15369,63,0
20978,788,63,0
20979,24405,63,0
20980,17368,63,0
20981,40371,63,0
20982,34760,63,0
20983,3477,63,0
20984,9940,63,0
20985,2159,63,0
20986,13081,63,0
20987,48977,63,0
20988,32362,63,0
20989,9916,63,0
20990,5907,63,0
20991,35129,63,0
20992,18016,63,0
20993,11712,63,0
20994,28667,63,0
20995,3828,63,0
20996,6149,63,0
20997,31320,63,0
20998,9597,63,0
20999,44900,63,0
21000,37125,63,0
21001,22980,63,0
21002,13878,63,0
21003,15465,63,0
21004,42647,63,0
21005,37247,63,0
21006,5929,63,0
21007,28788,63,0
21008,50586,63,0
21009,26217,63,0
21010,26584,63,0
21011,48220,63,0
21012,30861,63,0
21013,24781,63,0
21014,3816,63,0
21015,32153,63,0
21016,18252,63,0
21017,33732,63,0
21018,49799,63,0
21019,49669,63,0
21020,14658,63,0
21021,18753,63,0
21022,12224,63,0
21023,14843,63,0
21024,1990,63,0
21025,4456,63,0
21026,48010,63,0
21027,3085,63,0
21028,28711,63,0
21029,17419,63,0
21030,13462,63,0
21031,26860,63,0
21032,42912,63,0
21033,20357,63,0
21034,36506,63,0
21035,21798,63,0
21036,18898,63,0
21037,37572,63,0
21038,13220,63,0
21039,25609,63,0
21040,47720,63,0
21041,26763,63,0
21042,38122,63,0
21043,24458,63,0
21044,50694,63,0
21045,31062,63,0
21046,49118,63,0
21047,11136,63,0
21048,11547,63,0
21049,26799,63,0
21050,651,63,0
21051,48367,63,0
21052,49922,63,0
21053,11157,63,0
21054,45840,63,0
21055,18319,63,0
21056,30842,63,0
21057,47290,63,0
21058,47518,63,0
21059,2694,63,0
21060,27049,63,0
21061,44783,63,0
21062,49292,63,0
21063,24399,63,0
21064,15257,63,0
21065,4602,63,0
21066,42067,63,0
21067,47736,63,0
21068,3470,63,0
21069,46983,63,0
21070,46118,63,0
21071,2583,63,0
21072,9064,63,0
21073,296,63,0
21074,1448,63,0
21075,19347,63,0
21076,31734,63,0
21077,48923,63,0
21078,10818,63,0
21079,20772,63,0
21080,35119,63,0
21081,42819,63,0
21082,11198,63,0
21083,46637,63,0
21084,48625,63,0
21085,24008,63,0
21086,25497,63,0
21087,4144,63,0
21088,7330,63,0
21089,2113,63,0
21090,29592,63,0
21091,39934,63,0
21092,39527,63,0
21093,45627,63,0
21094,49484,63,0
21095,19495,63,0
21096,31939,63,0
21097,165,63,0
21098,5916,63,0
21099,2940,63,0
21100,39496,63,0
21101,31056,63,0
21102,3177,63,0
21103,15329,63,0
21104,45517,63,0
21105,47993,63,0
21106,22139,63,0
21107,50492,63,0
21108,4459,63,0
21109,3117,63,0
21110,23324,63,0
21111,21289,63,0
21112,37012,63,0
21113,36224,63,0
21114,10555,63,0
21115,30831,63,0
21116,19470,63,0
21117,24082,63,0
21118,31107,63,0
21119,12653,63,0
21120,46743,63,0
21121,35117,63,0
21122,17649,63,0
21123,46176,63,0
21124,44110,63,0
21125,29630,63,0
21126,48035,63,0
21127,45376,63,0
21128,17644,63,0
21129,45945,63,0
21130,35874,63,0
21131,7324,63,0
21132,32710,63,0
21133,13911,63,0
21134,47476,63,0
21135,29622,63,0
21136,15220,63,0
21137,1722,63,0
21138,24165,63,0
21139,2684,63,0
21140,5600,63,0
21141,7761,63,0
21142,36542,63,0
21143,42009,63,0
21144,15286,63,0
21145,35371,63,0
21146,14579,63,0
21147,5397,63,0
21148,4047,63,0
21149,34889,63,0
21150,14501,63,0
21151,43679,63,0
21152,14360,63,0
21153,18786,63,0
21154,38471,63,0
21155,29959,63,0
21156,27274,63,0
21157,21265,63,0
21158,38327,63,0
21159,332,63,0
21160,7163,63,0
21161,2385,63,0
21162,11079,63,0
21163,7454,63,0
21164,29352,63,0
21165,46523,63,0
21166,36329,63,0
21167,46055,63,0
21168,377,63,0
21169,793,63,0
21170,14047,63,0
21171,36480,63,0
21172,3512,63,0
21173,39733,63,0
21174,28355,63,0
21175,37653,63,0
21176,39325,63,0
21177,45405,63,0
21178,11031,63,0
21179,20116,63,0
21180,8154,63,0
21181,21338,63,0
21182,35396,63,0
21183,7934,63,0
21184,36280,63,0
21185,87,63,0
21186,8339,63,0
21187,40137,63,0
21188,16113,63,0
21189,33026,63,0
21190,21705,63,0
21191,20577,63,0
21192,47431,63,0
21193,42306,63,0
21194,28950,63,0
21195,20155,63,0
21196,48720,63,0
21197,47386,63,0
21198,12038,63,0
21199,18142,63,0
21200,40248,63,0
21201,862,63,0
21202,27809,63,0
21203,39869,63,0
21204,23129,63,0
21205,8907,63,0
21206,10072,63,0
21207,13481,63,0
21208,17959,63,0
21209,36234,63,0
21210,46098,63,0
21211,29820,63,0
21212,9608,63,0
21213,1933,63,0
21214,19819,63,0
21215,1309,63,0
21216,3051,63,0
21217,2308,63,0
21218,19678,63,0
21219,22357,63,0
21220,18830,63,0
21221,13398,63,0
21222,44661,63,0
21223,43118,63,0
21224,28132,63,0
21225,49958,63,0
21226,38356,63,0
21227,9147,63,0
21228,23038,63,0
21229,4463,63,0
21230,3090,63,0
21231,18639,63,0
21232,8678,63,0
21233,17445,63,0
21234,30141,63,0
21235,3773,63,0
21236,12564,63,0
21237,6944,63,0
21238,29237,63,0
21239,17401,63,0
21240,48304,63,0
21241,15244,63,0
21242,28575,63,0
21243,12501,63,0
21244,18970,63,0
21245,36959,63,0
21246,41231,63,0
21247,4824,63,0
21248,21766,63,0
21249,24370,63,0
21250,30653,63,0
21251,26037,63,0
21252,11219,63,0
21253,30762,63,0
21254,47488,63,0
21255,34330,63,0
21256,22846,63,0
21257,45417,63,0
21258,11349,63,0
21259,3855,63,0
21260,25556,63,0
21261,35694,63,0
21262,38060,63,0
21263,29414,63,0
21264,24477,63,0
21265,30021,63,0
21266,9488,63,0
21267,32338,63,0
21268,44351,63,0
21269,38790,63,0
21270,29543,63,0
21271,31125,63,0
21272,13316,63,0
21273,46810,63,0
21274,8105,63,0
21275,20320,63,0
21276,44239,63,0
21277,44494,63,0
21278,10224,63,0
21279,24557,63,0
21280,15118,63,0
21281,26438,63,0
21282,24470,63,0
21283,1897,63,0
21284,20034,63,0
21285,11896,63,0
21286,15022,63,0
21287,47906,63,0
21288,12375,63,0
21289,2839,63,0
21290,37498,63,0
21291,49903,63,0
21292,32940,63,0
21293,15505,63,0
21294,333,63,0
21295,12743,63,0
21296,7191,63,0
21297,1331,63,0
21298,47654,63,0
21299,24179,63,0
21300,8885,63,0
21301,20829,63,0
21302,29539,63,0
21303,15708,63,0
21304,25311,63,0
21305,46013,63,0
21306,36545,63,0
21307,41432,63,0
21308,29002,63,0
21309,25744,63,0
21310,39235,63,0
21311,21964,63,0
21312,28248,63,0
21313,25064,63,0
21314,42989,63,0
21315,3712,63,0
21316,26933,63,0
21317,24034,63,0
21318,16976,63,0
21319,38508,63,0
21320,9326,63,0
21321,46084,63,0
21322,43116,63,0
21323,2738,63,0
21324,11420,63,0
21325,25263,63,0
21326,15242,63,0
21327,25679,63,0
21328,28651,63,0
21329,44588,63,0
21330,9266,63,0
21331,33530,63,0
21332,22731,63,0
21333,13686,63,0
21334,4537,63,0
21335,40973,63,0
21336,34125,63,0
21337,38169,63,0
21338,15106,63,0
21339,44964,63,0
21340,5761,63,0
21341,46074,63,0
21342,25267,63,0
21343,17184,63,0
21344,46915,63,0
21345,43494,63,0
21346,13693,63,0
21347,24378,63,0
21348,8957,63,0
21349,16379,63,0
21350,828,63,0
21351,35914,63,0
21352,37541,63,0
21353,10220,63,0
21354,14721,63,0
21355,49159,63,0
21356,34128,63,0
21357,21806,63,0
21358,40706,63,0
21359,38793,63,0
21360,9783,63,0
21361,19213,63,0
21362,33446,63,0
21363,913,63,0
21364,40300,63,0
21365,35537,63,0
21366,6354,63,0
21367,47758,63,0
21368,23178,63,0
21369,50635,63,0
21370,10413,63,0
21371,1750,63,0
21372,49535,63,0
21373,9957,63,0
21374,24164,63,0
21375,43331,63,0
21376,49413,63,0
21377,10471,63,0
21378,29934,63,0
21379,23154,63,0
21380,50288,63,0
21381,16361,63,0
21382,48627,63,0
21383,28973,63,0
21384,45623,63,0
21385,32485,63,0
21386,22685,63,0
21387,40941,63,0
21388,41602,63,0
21389,42788,63,0
21390,31451,63,0
21391,849,63,0
21392,24667,63,0
21393,20029,63,0
21394,44942,63,0
21395,20240,63,0
21396,13346,63,0
21397,14325,63,0
21398,38350,63,0
21399,25421,63,0
21400,23738,63,0
21401,11480,63,0
21402,26155,63,0
21403,18725,63,0
21404,2432,63,0
21405,22348,63,0
21406,23039,63,0
21407,39945,63,0
21408,20807,63,0
21409,18510,63,0
21410,27068,63,0
21411,27328,63,0
21412,8410,63,0
21413,24199,63,0
21414,10503,63,0
21415,8429,63,0
21416,37389,63,0
21417,48368,63,0
21418,25243,63,0
21419,6243,63,0
21420,28281,63,0
21421,26478,63,0
21422,33549,63,0
21423,18880,63,0
21424,44744,63,0
21425,26267,63,0
21426,40965,63,0
21427,44793,63,0
21428,23740,63,0
21429,3943,63,0
21430,2238,63,0
21431,9924,63,0
21432,19191,63,0
21433,21181,63,0
21434,7431,63,0
21435,32582,63,0
21436,17635,63,0
21437,7004,63,0
21438,23392,63,0
21439,24670,63,0
21440,32836,63,0
21441,29900,63,0
21442,30862,63,0
21443,32394,63,0
21444,47331,63,0
21445,35649,63,0
21446,31061,63,0
21447,42059,63,0
21448,167,63,0
21449,49902,63,0
21450,26809,63,0
21451,8670,63,0
21452,21938,63,0
21453,7396,63,0
21454,37856,63,0
21455,1580,63,0
21456,18694,63,0
21457,24251,63,0
21458,36485,63,0
21459,6636,63,0
21460,4361,63,0
21461,30760,63,0
21462,25380,63,0
21463,41121,63,0
21464,8034,63,0
21465,14854,63,0
21466,17379,63,0
21467,13627,63,0
21468,34324,63,0
21469,37218,63,0
21470,44094,63,0
21471,13264,63,0
21472,43802,63,0
21473,18469,63,0
21474,20875,63,0
21475,33783,63,0
21476,9979,63,0
21477,44898,63,0
21478,46433,63,0
21479,13729,63,0
21480,29842,63,0
21481,2335,63,0
21482,14705,63,0
21483,8149,63,0
21484,47848,63,0
21485,41946,63,0
21486,13972,63,0
21487,30675,63,0
21488,50001,63,0
21489,18810,63,0
21490,3635,63,0
21491,5887,63,0
21492,33229,63,0
21493,33767,63,0
21494,39018,63,0
21495,6151,63,0
21496,48067,63,0
21497,9784,63,0
21498,16762,63,0
21499,7073,63,0
21500,44055,63,0
21501,5576,63,0
21502,48080,63,0
21503,20248,63,0
21504,21743,63,0
21505,43951,63,0
21506,351,63,0
21507,18191,63,0
21508,22037,63,0
21509,48204,63,0
21510,18807,63,0
21511,29584,63,0
21512,24157,63,0
21513,35644,63,0
21514,20664,63,0
21515,16383,63,0
21516,41623,63,0
21517,46102,63,0
21518,25506,63,0
21519,12701,63,0
21520,21412,63,0
21521,983,63,0
21522,15677,63,0
21523,8672,63,0
21524,26717,63,0
21525,13447,63,0
21526,29838,63,0
21527,34421,63,0
21528,17416,63,0
21529,31129,63,0
21530,37284,63,0
21531,13639,63,0
21532,15533,63,0
21533,43123,63,0
21534,45104,63,0
21535,5527,63,0
21536,16863,63,0
21537,7521,63,0
21538,36350,63,0
21539,33893,63,0
21540,6599,63,0
21541,30253,63,0
21542,7407,63,0
21543,4220,63,0
21544,28601,63,0
21545,38738,63,0
21546,25656,63,0
21547,23164,63,0
21548,1891,63,0
21549,30596,63,0
21550,24674,63,0
21551,7422,63,0
21552,41863,63,0
21553,43742,63,0
21554,28994,63,0
21555,5813,63,0
21556,18784,63,0
21557,18441,63,0
21558,43196,63,0
21559,4489,63,0
21560,48912,63,0
21561,27532,63,0
21562,42973,63,0
21563,19012,63,0
21564,133,63,0
21565,50644,63,0
21566,37406,63,0
21567,45050,63,0
21568,29555,63,0
21569,18927,63,0
21570,1911,63,0
21571,21494,63,0
21572,20326,63,0
21573,14514,63,0
21574,35175,63,0
21575,38302,63,0
21576,13175,63,0
21577,24684,63,0
21578,30244,63,0
21579,943,63,0
21580,34667,63,0
21581,36521,63,0
21582,30062,63,0
21583,23453,63,0
21584,18542,63,0
21585,33565,63,0
21586,45774,63,0
21587,47680,63,0
21588,36047,63,0
21589,30544,63,0
21590,5488,63,0
21591,8872,63,0
21592,47487,63,0
21593,18776,63,0
21594,31053,63,0
21595,34993,63,0
21596,12648,63,0
21597,39897,63,0
21598,44290,63,0
21599,11054,63,0
21600,7581,63,0
21601,22992,63,0
21602,2079,63,0
21603,9275,63,0
21604,32602,63,0
21605,28184,63,0
21606,29243,63,0
21607,28322,63,0
21608,21530,63,0
21609,2467,63,0
21610,19217,63,0
21611,42937,63,0
21612,15495,63,0
21613,6593,63,0
21614,18782,63,0
21615,41434,63,0
21616,14464,63,0
21617,26175,63,0
21618,31130,63,0
21619,41035,63,0
21620,27711,63,0
21621,1501,63,0
21622,35838,63,0
21623,12161,63,0
21624,33242,63,0
21625,10841,63,0
21626,23466,63,0
21627,24029,63,0
21628,43513,63,0
21629,49094,63,0
21630,22670,63,0
21631,2784,63,0
21632,29057,63,0
21633,26450,63,0
21634,36043,63,0
21635,49627,63,0
21636,25708,63,0
21637,16242,63,0
21638,50737,63,0
21639,40957,63,0
21640,24266,63,0
21641,10992,63,0
21642,3847,63,0
21643,38779,63,0
21644,25065,63,0
21645,43694,63,0
21646,7083,63,0
21647,11747,63,0
21648,375,63,0
21649,10379,63,0
21650,1212,63,0
21651,5876,63,0
21652,29141,63,0
21653,34836,63,0
21654,24107,63,0
21655,45169,63,0
21656,31834,63,0
21657,24284,63,0
21658,6384,63,0
21659,19500,63,0
21660,19700,63,0
21661,40401,63,0
21662,28835,63,0
21663,2713,63,0
21664,23246,63,0
21665,25261,63,0
21666,5779,63,0
21667,10821,63,0
21668,24272,63,0
21669,47257,63,0
21670,39168,63,0
21671,7767,63,0
21672,27931,63,0
21673,327,63,0
21674,26923,63,0
21675,26061,63,0
21676,22535,63,0
21677,10235,63,0
21678,2156,63,0
21679,31654,63,0
21680,17742,63,0
21681,43359,63,0
21682,18666,63,0
21683,42268,63,0
21684,3071,63,0
21685,5899,63,0
21686,31562,63,0
21687,8602,63,0
21688,7425,63,0
21689,7536,63,0
21690,38284,63,0
21691,10530,63,0
21692,28674,63,0
21693,31815,63,0
21694,18824,63,0
21695,28326,63,0
21696,8030,63,0
21697,47999,63,0
21698,46067,63,0
21699,4057,63,0
21700,43045,63,0
21701,24834,63,0
21702,45302,63,0
21703,5670,63,0
21704,41998,63,0
21705,35324,63,0
21706,35352,63,0
21707,42658,63,0
21708,19601,63,0
21709,24218,63,0
21710,17400,63,0
21711,38078,63,0
21712,15174,63,0
21713,11486,63,0
21714,22768,63,0
21715,10008,63,0
21716,13259,63,0
21717,22718,63,0
21718,39536,63,0
21719,47603,63,0
21720,26727,63,0
21721,13892,63,0
21722,44413,63,0
21723,25714,63,0
21724,95,63,0
21725,3005,63,0
21726,29189,63,0
21727,44902,63,0
21728,9609,63,0
21729,24343,63,0
21730,4377,63,0
21731,26596,63,0
21732,2966,63,0
21733,33087,63,0
21734,38087,63,0
21735,41865,63,0
21736,3383,63,0
21737,27110,63,0
21738,25669,63,0
21739,27434,63,0
21740,18945,63,0
21741,30889,63,0
21742,36745,63,0
21743,24407,63,0
21744,25005,63,0
21745,16866,63,0
21746,46231,63,0
21747,46222,63,0
21748,28125,63,0
21749,46868,63,0
21750,38998,63,0
21751,36913,63,0
21752,24437,63,0
21753,44918,63,0
21754,13709,63,0
21755,45033,63,0
21756,13310,63,0
21757,20415,63,0
21758,25108,63,0
21759,20507,63,0
21760,2652,63,0
21761,23452,63,0
21762,45228,63,0
21763,24321,63,0
21764,502,63,0
21765,50055,63,0
21766,20046,63,0
21767,8871,63,0
21768,34943,63,0
21769,16097,63,0
21770,34491,63,0
21771,30401,63,0
21772,24033,63,0
21773,17924,63,0
21774,37225,63,0
21775,12325,63,0
21776,14406,63,0
21777,5327,63,0
21778,24537,63,0
21779,42310,63,0
21780,10009,63,0
21781,19744,63,0
21782,18925,63,0
21783,41517,63,0
21784,20679,63,0
21785,12900,63,0
21786,23531,63,0
21787,9291,63,0
21788,23709,63,0
21789,26561,63,0
21790,31893,63,0
21791,39902,63,0
21792,14925,63,0
21793,47556,63,0
21794,10773,63,0
21795,19089,63,0
21796,7386,63,0
21797,9026,63,0
21798,3518,63,0
21799,3309,63,0
21800,11646,63,0
21801,10092,63,0
21802,28757,63,0
21803,40337,63,0
21804,39268,63,0
21805,49490,63,0
21806,11086,63,0
21807,38669,63,0
21808,18678,63,0
21809,3227,63,0
21810,23604,63,0
21811,1630,63,0
21812,33337,63,0
21813,12102,63,0
21814,33750,63,0
21815,24067,63,0
21816,30122,63,0
21817,45924,63,0
21818,5665,63,0
21819,18107,63,0
21820,21522,63,0
21821,7376,63,0
21822,25257,63,0
21823,26831,63,0
21824,497,63,0
21825,9612,63,0
21826,37461,63,0
21827,31100,63,0
21828,1163,63,0
21829,43766,63,0
21830,23316,63,0
21831,21794,63,0
21832,11968,63,0
21833,31440,63,0
21834,14840,63,0
21835,19681,63,0
21836,5844,63,0
21837,37098,63,0
21838,3445,63,0
21839,11772,63,0
21840,47166,63,0
21841,36116,63,0
21842,3398,63,0
21843,22543,63,0
21844,40826,63,0
21845,41405,63,0
21846,34031,63,0
21847,7395,63,0
21848,50670,63,0
21849,23793,63,0
21850,49964,63,0
21851,34939,63,0
21852,26912,63,0
21853,8910,63,0
21854,44502,63,0
21855,11386,63,0
21856,30923,63,0
21857,40730,63,0
21858,46670,63,0
21859,15671,63,0
21860,34212,63,0
21861,34699,63,0
21862,7482,63,0
21863,11220,63,0
21864,10192,63,0
21865,40349,63,0
21866,16750,63,0
21867,27430,63,0
21868,15664,63,0
21869,15094,63,0
21870,5656,63,0
21871,31960,63,0
21872,5803,63,0
21873,26357,63,0
21874,35147,63,0
21875,31249,63,0
21876,30114,63,0
21877,4989,63,0
21878,8167,63,0
21879,1206,63,0
21880,35490,63,0
21881,8272,63,0
21882,19149,63,0
21883,49780,63,0
21884,311,63,0
21885,21018,63,0
21886,35360,63,0
21887,34612,63,0
21888,22866,63,0
21889,45318,63,0
21890,27919,63,0
21891,44718,63,0
21892,2316,63,0
21893,9044,63,0
21894,25787,63,0
21895,1113,63,0
21896,18261,63,0
21897,19434,63,0
21898,47753,63,0
21899,15679,63,0
21900,7682,63,0
21901,31725,63,0
21902,7341,63,0
21903,25899,63,0
21904,48651,63,0
21905,1062,63,0
21906,17624,63,0
21907,46954,63,0
21908,357,63,0
21909,25608,63,0
21910,1503,63,0
21911,6086,63,0
21912,48744,63,0
21913,8608,63,0
21914,46793,63,0
21915,43922,63,0
21916,36775,63,0
21917,16812,63,0
21918,46563,63,0
21919,47790,63,0
21920,29073,63,0
21921,54,63,0
21922,40250,63,0
21923,48250,63,0
21924,42188,63,0
21925,1000,63,0
21926,29914,63,0
21927,6841,63,0
21928,46684,63,0
21929,19772,63,0
21930,33874,63,0
21931,39675,63,0
21932,49576,63,0
21933,46097,63,0
21934,380,63,0
21935,40393,63,0
21936,11829,63,0
21937,33398,63,0
21938,4156,63,0
21939,48682,63,0
21940,39736,63,0
21941,23653,63,0
21942,34909,63,0
21943,8083,63,0
21944,49773,63,0
21945,1281,63,0
21946,1631,63,0
21947,20768,63,0
21948,20867,63,0
21949,1892,63,0
21950,44088,63,0
21951,21789,63,0
21952,37037,63,0
21953,18911,63,0
21954,31926,63,0
21955,28464,63,0
21956,6884,63,0
21957,20128,63,0
21958,45727,63,0
21959,10739,63,0
21960,22775,63,0
21961,47153,63,0
21962,29312,63,0
21963,8081,63,0
21964,6264,63,0
21965,29747,63,0
21966,49541,63,0
21967,23060,63,0
21968,21420,63,0
21969,5698,63,0
21970,34827,63,0
21971,1269,63,0
21972,46695,63,0
21973,23444,63,0
21974,12594,63,0
21975,18541,63,0
21976,36334,63,0
21977,49696,63,0
21978,44000,63,0
21979,48251,63,0
21980,19088,63,0
21981,471,63,0
21982,23426,63,0
21983,19906,63,0
21984,33550,63,0
21985,7231,63,0
21986,49849,63,0
21987,2658,63,0
21988,11248,63,0
21989,31629,63,0
21990,39354,63,0
21991,40954,63,0
21992,3102,63,0
21993,3743,63,0
21994,5019,63,0
21995,31607,63,0
21996,23378,63,0
21997,24865,63,0
21998,14700,63,0
21999,27888,63,0
22000,1703,63,0
22001,48721,63,0
22002,32269,63,0
22003,18728,63,0
22004,27209,63,0
22005,42260,63,0
22006,11854,63,0
22007,36914,63,0
22008,36181,63,0
22009,47,63,0
22010,3310,63,0
22011,37015,63,0
22012,31930,63,0
22013,22251,63,0
22014,44742,63,0
22015,41212,63,0
22016,31409,63,0
22017,26735,63,0
22018,15521,63,0
22019,31240,63,0
22020,19170,63,0
22021,38055,63,0
22022,13974,63,0
22023,29905,63,0
22024,6104,63,0
22025,40658,63,0
22026,2538,63,0
22027,35640,63,0
22028,8039,63,0
22029,17546,63,0
22030,40001,63,0
22031,20932,63,0
22032,3690,63,0
22033,22478,63,0
22034,16339,63,0
22035,35865,63,0
22036,29799,63,0
22037,50651,63,0
22038,39231,63,0
22039,10933,63,0
22040,24985,63,0
22041,46694,63,0
22042,31124,63,0
22043,22633,63,0
22044,19912,63,0
22045,20169,63,0
22046,39304,63,0
22047,45972,63,0
22048,38879,63,0
22049,43148,63,0
22050,6426,63,0
22051,28958,63,0
22052,27312,63,0
22053,30918,63,0
22054,9725,63,0
22055,23425,63,0
22056,41781,63,0
22057,1752,63,0
22058,22625,63,0
22059,8724,63,0
22060,19467,63,0
22061,20916,63,0
22062,21932,63,0
22063,43649,63,0
22064,27884,63,0
22065,39569,63,0
22066,22390,63,0
22067,38399,63,0
22068,16582,63,0
22069,11881,63,0
22070,21975,63,0
22071,6066,63,0
22072,46634,63,0
22073,38872,63,0
22074,25190,63,0
22075,10128,63,0
22076,16677,63,0
22077,37635,63,0
22078,29032,63,0
22079,5177,63,0
22080,227,63,0
22081,38522,63,0
22082,32178,63,0
22083,30941,63,0
22084,27621,63,0
22085,46733,63,0
22086,11665,63,0
22087,17230,63,0
22088,47738,63,0
22089,6322,63,0
22090,2804,63,0
22091,21704,63,0
22092,29930,63,0
22093,9596,63,0
22094,1475,63,0
22095,18744,63,0
22096,49182,63,0
22097,50319,63,0
22098,20830,63,0
22099,4045,63,0
22100,24601,63,0
22101,2824,63,0
22102,32184,63,0
22103,45691,63,0
22104,27350,63,0
22105,20744,63,0
22106,29862,63,0
22107,2777,63,0
22108,34059,63,0
22109,47696,63,0
22110,45038,63,0
22111,18834,63,0
22112,34840,63,0
22113,25148,63,0
22114,18176,63,0
22115,30572,63,0
22116,26983,63,0
22117,37863,63,0
22118,46414,63,0
22119,42449,63,0
22120,40755,63,0
22121,38359,63,0
22122,25198,63,0
22123,2026,63,0
22124,24302,63,0
22125,2598,63,0
22126,18993,63,0
22127,694,63,0
22128,13221,63,0
22129,47714,63,0
22130,33892,63,0
22131,20740,63,0
22132,47996,63,0
22133,4196,63,0
22134,44924,63,0
22135,50409,63,0
22136,42315,63,0
22137,19287,63,0
22138,32777,63,0
22139,33510,63,0
22140,28612,63,0
22141,41804,63,0
22142,50308,63,0
22143,4923,63,0
22144,6657,63,0
22145,31214,63,0
22146,25781,63,0
22147,10753,63,0
22148,28255,63,0
22149,7610,63,0
22150,27733,63,0
22151,30774,63,0
22152,40185,63,0
22153,34131,63,0
22154,2781,63,0
22155,18811,63,0
22156,34839,63,0
22157,37017,63,0
22158,24306,63,0
22159,23317,63,0
22160,5004,63,0
22161,10271,63,0
22162,26687,63,0
22163,29609,63,0
22164,41741,63,0
22165,11014,63,0
22166,28561,63,0
22167,30434,63,0
22168,13727,63,0
22169,47824,63,0
22170,19683,63,0
22171,23847,63,0
22172,35753,63,0
22173,43553,63,0
22174,26286,63,0
22175,17171,63,0
22176,11385,63,0
22177,33676,63,0
22178,29685,63,0
22179,34041,63,0
22180,25007,63,0
22181,29626,63,0
22182,30231,63,0
22183,46233,63,0
22184,22033,63,0
22185,3231,63,0
22186,12920,63,0
22187,4239,63,0
22188,1688,63,0
22189,38711,63,0
22190,8091,63,0
22191,1903,63,0
22192,9590,63,0
22193,42605,63,0
22194,33726,63,0
22195,16933,63,0
22196,45812,63,0
22197,7936,63,0
22198,28386,63,0
22199,24335,63,0
22200,23811,63,0
22201,41648,63,0
22202,39372,63,0
22203,31587,63,0
22204,10512,63,0
22205,33701,63,0
22206,38834,63,0
22207,11727,63,0
22208,44849,63,0
22209,20189,63,0
22210,23468,63,0
22211,48030,63,0
22212,31976,63,0
22213,42949,63,0
22214,33557,63,0
22215,40999,63,0
22216,13842,63,0
22217,683,63,0
22218,5700,63,0
22219,6042,63,0
22220,22554,63,0
22221,14183,63,0
22222,33119,63,0
22223,45979,63,0
22224,9693,63,0
22225,6684,63,0
22226,12852,63,0
22227,567,63,0
22228,13072,63,0
22229,12200,63,0
22230,49827,63,0
22231,2724,63,0
22232,3600,63,0
22233,35146,63,0
22234,2166,63,0
22235,23295,63,0
22236,16526,63,0
22237,32497,63,0
22238,37096,63,0
22239,38629,63,0
22240,11447,63,0
22241,15232,63,0
22242,13924,63,0
22243,39500,63,0
22244,21830,63,0
22245,3455,63,0
22246,49661,63,0
22247,1925,63,0
22248,34487,63,0
22249,25256,63,0
22250,46456,63,0
22251,12532,63,0
22252,37997,63,0
22253,35120,63,0
22254,22959,63,0
22255,46928,63,0
22256,987,63,0
22257,9923,63,0
22258,3156,63,0
22259,35893,63,0
22260,138,63,0
22261,33777,63,0
22262,5406,63,0
22263,16988,63,0
22264,42223,63,0
22265,48203,63,0
22266,25804,63,0
22267,35197,63,0
22268,16398,63,0
22269,32628,63,0
22270,12974,63,0
22271,25000,63,0
22272,39795,63,0
22273,2033,63,0
22274,38674,63,0
22275,33934,63,0
22276,19722,63,0
22277,4889,63,0
22278,40972,63,0
22279,40580,63,0
22280,21868,63,0
22281,4925,63,0
22282,24666,63,0
22283,23145,63,0
22284,711,63,0
22285,22654,63,0
22286,29879,63,0
22287,18912,63,0
22288,50194,63,0
22289,48396,63,0
22290,41834,63,0
22291,47123,63,0
22292,33730,63,0
22293,48983,63,0
22294,15262,63,0
22295,43020,63,0
22296,40028,63,0
22297,47801,63,0
22298,16883,63,0
22299,17497,63,0
22300,38749,63,0
22301,27399,63,0
22302,4787,63,0
22303,14289,63,0
22304,29292,63,0
22305,27241,63,0
22306,866,63,0
22307,26556,63,0
22308,29645,63,0
22309,18747,63,0
22310,1181,63,0
22311,31938,63,0
22312,2911,63,0
22313,50519,63,0
22314,39724,63,0
22315,38484,63,0
22316,29933,63,0
22317,26544,63,0
22318,32331,63,0
22319,1798,63,0
22320,44384,63,0
22321,16166,63,0
22322,38454,63,0
22323,33634,63,0
22324,13747,63,0
22325,24640,63,0
22326,13245,63,0
22327,31854,63,0
22328,33002,63,0
22329,4073,63,0
22330,16549,63,0
22331,36916,63,0
22332,3190,63,0
22333,27796,63,0
22334,3465,63,0
22335,6298,63,0
22336,4392,63,0
22337,4430,63,0
22338,28448,63,0
22339,27864,63,0
22340,28694,63,0
22341,17117,63,0
22342,10878,63,0
22343,3662,63,0
22344,32448,63,0
22345,3601,63,0
22346,13427,63,0
22347,31801,63,0
22348,7770,63,0
22349,16607,63,0
22350,29798,63,0
22351,21672,63,0
22352,17264,63,0
22353,36206,63,0
22354,1010,63,0
22355,25090,63,0
22356,26626,63,0
22357,2725,63,0
22358,24105,63,0
22359,45371,63,0
22360,2298,63,0
22361,6185,63,0
22362,24367,63,0
22363,1362,63,0
22364,1169,63,0
22365,20776,63,0
22366,29716,63,0
22367,9246,63,0
22368,38510,63,0
22369,1928,63,0
22370,4082,63,0
22371,14292,63,0
22372,40010,63,0
22373,24555,63,0
22374,45519,63,0
22375,10306,63,0
22376,49397,63,0
22377,15926,63,0
22378,13029,63,0
22379,32213,63,0
22380,47124,63,0
22381,169,63,0
22382,47304,63,0
22383,40434,63,0
22384,2272,63,0
22385,21984,63,0
22386,3841,63,0
22387,34685,63,0
22388,29131,63,0
22389,30225,63,0
22390,623,63,0
22391,4670,63,0
22392,29708,63,0
22393,38476,63,0
22394,47917,63,0
22395,12112,63,0
22396,49648,63,0
22397,3399,63,0
22398,6855,63,0
22399,22272,63,0
22400,25226,63,0
22401,41872,63,0
22402,2591,63,0
22403,37070,63,0
22404,7643,63,0
22405,43806,63,0
22406,50797,63,0
22407,9389,63,0
22408,31744,63,0
22409,21941,63,0
22410,27303,63,0
22411,4386,63,0
22412,18534,63,0
22413,41682,63,0
22414,31682,63,0
22415,13475,63,0
22416,20937,63,0
22417,34936,63,0
22418,44269,63,0
22419,8294,63,0
22420,29462,63,0
22421,5112,63,0
22422,16518,63,0
22423,13436,63,0
22424,16818,63,0
22425,28224,63,0
22426,4810,63,0
22427,31459,63,0
22428,21733,63,0
22429,22146,63,0
22430,13155,63,0
22431,26023,63,0
22432,29011,63,0
22433,22209,63,0
22434,3982,63,0
22435,22540,63,0
22436,9829,63,0
22437,8565,63,0
22438,30948,63,0
22439,38038,63,0
22440,3228,63,0
22441,7898,63,0
22442,6664,63,0
22443,26332,63,0
22444,50012,63,0
22445,24768,63,0
22446,33520,63,0
22447,7907,63,0
22448,45078,63,0
22449,4479,63,0
22450,4051,63,0
22451,40949,63,0
22452,48640,63,0
22453,34977,63,0
22454,23820,63,0
22455,1103,63,0
22456,20515,63,0
22457,43568,63,0
22458,48484,63,0
22459,17109,63,0
22460,41662,63,0
22461,3649,63,0
22462,18862,63,0
22463,35256,63,0
22464,32434,63,0
22465,15157,63,0
22466,48764,63,0
22467,156,63,0
22468,10106,63,0
22469,6993,63,0
22470,16312,63,0
22471,3435,63,0
22472,24881,63,0
22473,33370,63,0
22474,9352,63,0
22475,39629,63,0
22476,33875,63,0
22477,36731,63,0
22478,10281,63,0
22479,18055,63,0
22480,6232,63,0
22481,15423,63,0
22482,34142,63,0
22483,27979,63,0
22484,46578,63,0
22485,49522,63,0
22486,4601,63,0
22487,15876,63,0
22488,20108,63,0
22489,45222,63,0
22490,30446,63,0
22491,6995,63,0
22492,24219,63,0
22493,5464,63,0
22494,22359,63,0
22495,29258,63,0
22496,5727,63,0
22497,31023,63,0
22498,19227,63,0
22499,7607,63,0
22500,48197,63,0
22501,396,63,0
22502,18637,63,0
22503,45226,63,0
22504,777,63,0
22505,42236,63,0
22506,5238,63,0
22507,38897,63,0
22508,7891,63,0
22509,46462,63,0
22510,17220,63,0
22511,24717,63,0
22512,50685,63,0
22513,38216,63,0
22514,35840,63,0
22515,23855,63,0
22516,13728,63,0
22517,37872,63,0
22518,49883,63,0
22519,15214,63,0
22520,41061,63,0
22521,48710,63,0
22522,15903,63,0
22523,21732,63,0
22524,7561,63,0
22525,44001,63,0
22526,41904,63,0
22527,14031,63,0
22528,47746,63,0
22529,48414,63,0
22530,21564,63,0
22531,2736,63,0
22532,44334,63,0
22533,29126,63,0
22534,36192,63,0
22535,38021,63,0
22536,33734,63,0
22537,28221,63,0
22538,7281,63,0
22539,30362,63,0
22540,34995,63,0
22541,27221,63,0
22542,32251,63,0
22543,5797,63,0
22544,24252,63,0
22545,7225,63,0
22546,9733,63,0
22547,50260,63,0
22548,22210,63,0
22549,20693,63,0
22550,7866,63,0
22551,26394,63,0
22552,49731,63,0
22553,17253,63,0
22554,34365,63,0
22555,29839,63,0
22556,13126,63,0
22557,45303,63,0
22558,39017,63,0
22559,31642,63,0
22560,42527,63,0
22561,35496,63,0
22562,3639,63,0
22563,1813,63,0
22564,6162,63,0
22565,8932,63,0
22566,42695,63,0
22567,10562,63,0
22568,47357,63,0
22569,35438,63,0
22570,38697,63,0
22571,47889,63,0
22572,1467,63,0
22573,11590,63,0
22574,5358,63,0
22575,12121,63,0
22576,45701,63,0
22577,2574,63,0
22578,45560,63,0
22579,9462,63,0
22580,40527,63,0
22581,25857,63,0
22582,4330,63,0
22583,29728,63,0
22584,13036,63,0
22585,764,63,0
22586,3672,63,0
22587,4730,63,0
22588,34476,63,0
22589,369,63,0
22590,15241,63,0
22591,48655,63,0
22592,31358,63,0
22593,22769,63,0
22594,19325,63,0
22595,19956,63,0
22596,147,63,0
22597,8868,63,0
22598,22374,63,0
22599,49911,63,0
22600,9329,63,0
22601,30450,63,0
22602,7694,63,0
22603,35945,63,0
22604,5212,63,0
22605,31393,63,0
22606,10866,63,0
22607,33958,63,0
22608,35830,63,0
22609,29586,63,0
22610,38667,63,0
22611,4767,63,0
22612,742,63,0
22613,18015,63,0
22614,24010,63,0
22615,49403,63,0
22616,50717,63,0
22617,27276,63,0
22618,23606,63,0
22619,46288,63,0
22620,19729,63,0
22621,10604,63,0
22622,5842,63,0
22623,8839,63,0
22624,12136,63,0
22625,26623,63,0
22626,12283,63,0
22627,45043,63,0
22628,19997,63,0
22629,4957,63,0
22630,45311,63,0
22631,6079,63,0
22632,33956,63,0
22633,39711,63,0
22634,32467,63,0
22635,3441,63,0
22636,27719,63,0
22637,23373,63,0
22638,8738,63,0
22639,50465,63,0
22640,25932,63,0
22641,46011,63,0
22642,1140,63,0
22643,35760,63,0
22644,13271,63,0
22645,40620,63,0
22646,26602,63,0
22647,1932,63,0
22648,17060,63,0
22649,1586,63,0
22650,121,63,0
22651,2328,63,0
22652,29652,63,0
22653,34834,63,0
22654,4303,63,0
22655,4106,63,0
22656,18717,63,0
22657,2455,63,0
22658,46600,63,0
22659,12397,63,0
22660,30568,63,0
22661,27825,63,0
22662,39434,63,0
22663,16575,63,0
22664,6126,63,0
22665,12468,63,0
22666,19679,63,0
22667,48696,63,0
22668,33018,63,0
22669,33186,63,0
22670,3457,63,0
22671,26671,63,0
22672,39553,63,0
22673,14995,63,0
22674,34905,63,0
22675,6145,63,0
22676,50855,63,0
22677,19435,63,0
22678,19025,63,0
22679,8970,63,0
22680,28122,63,0
22681,35149,63,0
22682,24637,63,0
22683,41482,63,0
22684,34367,63,0
22685,3297,63,0
22686,5894,63,0
22687,6911,63,0
22688,37412,63,0
22689,24404,63,0
22690,25249,63,0
22691,45922,63,0
22692,1292,63,0
22693,41988,63,0
22694,4926,63,0
22695,23809,63,0
22696,31083,63,0
22697,14159,63,0
22698,32026,63,0
22699,3724,63,0
22700,24556,63,0
22701,30489,63,0
22702,41400,63,0
22703,47063,63,0
22704,40058,63,0
22705,20665,63,0
22706,19536,63,0
22707,40399,63,0
22708,29208,63,0
22709,20194,63,0
22710,11500,63,0
22711,7113,63,0
22712,22372,63,0
22713,23257,63,0
22714,50858,63,0
22715,3684,63,0
22716,8023,63,0
22717,49199,63,0
22718,18655,63,0
22719,23448,63,0
22720,7659,63,0
22721,41366,63,0
22722,35063,63,0
22723,13905,63,0
22724,28209,63,0
22725,19411,63,0
22726,40846,63,0
22727,4627,63,0
22728,29022,63,0
22729,38673,63,0
22730,889,63,0
22731,975,63,0
22732,28237,63,0
22733,37377,63,0
22734,44460,63,0
22735,37358,63,0
22736,21084,63,0
22737,41027,63,0
22738,27639,63,0
22739,20070,63,0
22740,24357,63,0
22741,19141,63,0
22742,36161,63,0
22743,11026,63,0
22744,35362,63,0
22745,19284,63,0
22746,21384,63,0
22747,37307,63,0
22748,29134,63,0
22749,29783,63,0
22750,6934,63,0
22751,20195,63,0
22752,49431,63,0
22753,20435,63,0
22754,23110,63,0
22755,30660,63,0
22756,20947,63,0
22757,18656,63,0
22758,24077,63,0
22759,259,63,0
22760,10264,63,0
22761,38499,63,0
22762,25618,63,0
22763,7994,63,0
22764,21655,63,0
22765,29741,63,0
22766,16344,63,0
22767,27229,63,0
22768,15147,63,0
22769,7750,63,0
22770,33193,63,0
22771,3760,63,0
22772,18468,63,0
22773,41385,63,0
22774,45652,63,0
22775,7129,63,0
22776,40305,63,0
22777,34388,63,0
22778,42830,63,0
22779,32528,63,0
22780,9664,63,0
22781,41560,63,0
22782,47117,63,0
22783,1793,63,0
22784,32188,63,0
22785,48520,63,0
22786,44100,63,0
22787,21283,63,0
22788,2127,63,0
22789,960,63,0
22790,23182,63,0
22791,6734,63,0
22792,27977,63,0
22793,27685,63,0
22794,21065,63,0
22795,47837,63,0
22796,45282,63,0
22797,19805,63,0
22798,42243,63,0
22799,28359,63,0
22800,1957,63,0
22801,33445,63,0
22802,5507,63,0
22803,26688,63,0
22804,29232,63,0
22805,1981,63,0
22806,13902,63,0
22807,331,63,0
22808,8468,63,0
22809,37942,63,0
22810,20300,63,0
22811,1943,63,0
22812,20015,63,0
22813,47682,63,0
22814,24855,63,0
22815,21765,63,0
22816,29349,63,0
22817,20958,63,0
22818,1444,63,0
22819,39071,63,0
22820,24162,63,0
22821,41878,63,0
22822,20838,63,0
22823,894,63,0
22824,50891,63,0
22825,25836,63,0
22826,11471,63,0
22827,8505,63,0
22828,24771,63,0
22829,39904,63,0
22830,24245,63,0
22831,14522,63,0
22832,33569,63,0
22833,38533,63,0
22834,187,63,0
22835,30562,63,0
22836,48375,63,0
22837,36446,63,0
22838,26335,63,0
22839,6722,63,0
22840,6856,63,0
22841,39791,63,0
22842,48679,63,0
22843,10631,63,0
22844,8314,63,0
22845,29056,63,0
22846,24976,63,0
22847,28903,63,0
22848,17336,63,0
22849,41323,63,0
22850,8181,63,0
22851,13780,63,0
22852,20219,63,0
22853,5378,63,0
22854,45510,63,0
22855,24779,63,0
22856,29059,63,0
22857,8728,63,0
22858,26385,63,0
22859,29466,63,0
22860,16877,63,0
22861,7686,63,0
22862,35910,63,0
22863,20221,63,0
22864,27582,63,0
22865,36108,63,0
22866,15348,63,0
22867,45120,63,0
22868,21317,63,0
22869,6303,63,0
22870,39636,63,0
22871,45110,63,0
22872,31497,63,0
22873,26610,63,0
22874,8204,63,0
22875,27805,63,0
22876,27634,63,0
22877,26199,63,0
22878,18479,63,0
22879,29008,63,0
22880,25514,63,0
22881,26577,63,0
22882,31153,63,0
22883,28493,63,0
22884,5475,63,0
22885,33372,63,0
22886,25692,63,0
22887,19824,63,0
22888,23798,63,0
22889,50910,63,0
22890,13297,63,0
22891,1675,63,0
22892,9205,63,0
22893,11737,63,0
22894,26917,63,0
22895,8923,63,0
22896,20732,63,0
22897,38532,63,0
22898,28964,63,0
22899,22211,63,0
22900,17512,63,0
22901,45690,63,0
22902,1822,63,0
22903,46114,63,0
22904,8564,63,0
22905,43960,63,0
22906,4454,63,0
22907,42312,63,0
22908,36191,63,0
22909,31015,63,0
22910,23027,63,0
22911,31226,63,0
22912,33037,63,0
22913,49134,63,0
22914,2548,63,0
22915,21038,63,0
22916,32105,63,0
22917,34902,63,0
22918,7532,63,0
22919,24138,63,0
22920,26480,63,0
22921,17167,63,0
22922,1143,63,0
22923,41981,63,0
22924,24634,63,0
22925,15305,63,0
22926,24397,63,0
22927,14875,63,0
22928,2860,63,0
22929,43170,63,0
22930,50890,63,0
22931,39484,63,0
22932,46521,63,0
22933,30393,63,0
22934,17231,63,0
22935,35527,63,0
22936,21039,63,0
22937,40078,63,0
22938,46754,63,0
22939,17365,63,0
22940,33756,63,0
22941,4031,63,0
22942,6869,63,0
22943,39971,63,0
22944,29048,63,0
22945,42710,63,0
22946,45187,63,0
22947,47770,63,0
22948,42613,63,0
22949,32151,63,0
22950,26169,63,0
22951,5217,63,0
22952,4059,63,0
22953,8474,63,0
22954,26724,63,0
22955,17873,63,0
22956,40784,63,0
22957,25245,63,0
22958,22303,63,0
22959,49105,63,0
22960,12620,63,0
22961,17787,63,0
22962,29268,63,0
22963,19358,63,0
22964,680,63,0
22965,1447,63,0
22966,27907,63,0
22967,31074,63,0
22968,38393,63,0
22969,48028,63,0
22970,50703,63,0
22971,14204,63,0
22972,13022,63,0
22973,4155,63,0
22974,26802,63,0
22975,24294,63,0
22976,28353,63,0
22977,14966,63,0
22978,18916,63,0
22979,42197,63,0
22980,10127,63,0
22981,7077,63,0
22982,27176,63,0
22983,27734,63,0
22984,19704,63,0
22985,47995,63,0
22986,2941,63,0
22987,40795,63,0
22988,1460,63,0
22989,16327,63,0
22990,12446,63,0
22991,25502,63,0
22992,50916,63,0
22993,30267,63,0
22994,26501,63,0
22995,14825,63,0
22996,9511,63,0
22997,2526,63,0
22998,35164,63,0
22999,45375,63,0
23000,6314,63,0
23001,37450,63,0
23002,50451,63,0
23003,27079,63,0
23004,8299,63,0
23005,32571,63,0
23006,15788,63,0
23007,46389,63,0
23008,38661,63,0
23009,33330,63,0
23010,34462,63,0
23011,49142,63,0
23012,28118,63,0
23013,2720,63,0
23014,30814,63,0
23015,11582,63,0
23016,8995,63,0
23017,26747,63,0
23018,11444,63,0
23019,40128,63,0
23020,50759,63,0
23021,20437,63,0
23022,8933,63,0
23023,23866,63,0
23024,13585,63,0
23025,562,63,0
23026,48316,63,0
23027,27607,63,0
23028,37213,63,0
23029,34453,63,0
23030,49145,63,0
23031,15421,63,0
23032,34938,63,0
23033,26154,63,0
23034,7674,63,0
23035,45940,63,0
23036,16861,63,0
23037,24896,63,0
23038,6351,63,0
23039,47483,63,0
23040,509,63,0
23041,20597,63,0
23042,4960,63,0
23043,18779,63,0
23044,48876,63,0
23045,23117,63,0
23046,28283,63,0
23047,863,63,0
23048,18213,63,0
23049,31760,63,0
23050,17424,63,0
23051,22014,63,0
23052,13158,63,0
23053,31784,63,0
23054,33743,63,0
23055,2593,63,0
23056,2536,63,0
23057,4071,63,0
23058,25180,63,0
23059,36136,63,0
23060,20530,63,0
23061,44592,63,0
23062,813,63,0
23063,29548,63,0
23064,19134,63,0
23065,1516,63,0
23066,6967,63,0
23067,34853,63,0
23068,25818,63,0
23069,7223,63,0
23070,18217,63,0
23071,47449,63,0
23072,18165,63,0
23073,46770,63,0
23074,2799,63,0
23075,34048,63,0
23076,11581,63,0
23077,13073,63,0
23078,4145,63,0
23079,4549,63,0
23080,44288,63,0
23081,2315,63,0
23082,39580,63,0
23083,1244,63,0
23084,38046,63,0
23085,42688,63,0
23086,28246,63,0
23087,35468,63,0
23088,4029,63,0
23089,49136,63,0
23090,10454,63,0
23091,45447,63,0
23092,43285,63,0
23093,15301,63,0
23094,8079,63,0
23095,14886,63,0
23096,42005,63,0
23097,16291,63,0
23098,46332,63,0
23099,49608,63,0
23100,18825,63,0
23101,14802,63,0
23102,44672,63,0
23103,32589,63,0
23104,7241,63,0
23105,18994,63,0
23106,29143,63,0
23107,42924,63,0
23108,22921,63,0
23109,38492,63,0
23110,43307,63,0
23111,10768,63,0
23112,50530,63,0
23113,48076,63,0
23114,3205,63,0
23115,48434,63,0
23116,26412,63,0
23117,17479,63,0
23118,31751,63,0
23119,35183,63,0
23120,8357,63,0
23121,5264,63,0
23122,41043,63,0
23123,18676,63,0
23124,11596,63,0
23125,43684,63,0
23126,2956,63,0
23127,31467,63,0
23128,6800,63,0
23129,8574,63,0
23130,45947,63,0
23131,33207,63,0
23132,28349,63,0
23133,14101,63,0
23134,1191,63,0
23135,24247,63,0
23136,34564,63,0
23137,14815,63,0
23138,17711,63,0
23139,47750,63,0
23140,34611,63,0
23141,36869,63,0
23142,11340,63,0
23143,48865,63,0
23144,3764,63,0
23145,2529,63,0
23146,10227,63,0
23147,27218,63,0
23148,28343,63,0
23149,937,63,0
23150,47157,63,0
23151,7496,63,0
23152,16021,63,0
23153,11509,63,0
23154,8304,63,0
23155,8834,63,0
23156,5077,63,0
23157,47751,63,0
23158,34513,63,0
23159,27736,63,0
23160,29749,63,0
23161,37126,63,0
23162,1256,63,0
23163,39575,63,0
23164,20728,63,0
23165,26062,63,0
23166,17874,63,0
23167,22201,63,0
23168,27891,63,0
23169,29147,63,0
23170,26910,63,0
23171,40158,63,0
23172,48887,63,0
23173,50159,63,0
23174,29510,63,0
23175,37085,63,0
23176,19597,63,0
23177,49829,63,0
23178,50927,63,0
23179,25468,63,0
23180,11147,63,0
23181,34497,63,0
23182,16819,63,0
23183,48638,63,0
23184,44200,63,0
23185,12606,63,0
23186,31722,63,0
23187,29186,63,0
23188,30208,63,0
23189,17151,63,0
23190,28501,63,0
23191,7740,63,0
23192,46892,63,0
23193,11981,63,0
23194,44156,63,0
23195,72,63,0
23196,37796,63,0
23197,30107,63,0
23198,30150,63,0
23199,25225,63,0
23200,2439,63,0
23201,3560,63,0
23202,49247,63,0
23203,24024,63,0
23204,43472,63,0
23205,12937,63,0
23206,5012,63,0
23207,9226,63,0
23208,1543,63,0
23209,12562,63,0
23210,3300,63,0
23211,35454,63,0
23212,28074,63,0
23213,35508,63,0
23214,17583,63,0
23215,6879,63,0
23216,40169,63,0
23217,1500,63,0
23218,37888,63,0
23219,44791,63,0
23220,49565,63,0
23221,2943,63,0
23222,3562,63,0
23223,16996,63,0
23224,42088,63,0
23225,48903,63,0
23226,20746,63,0
23227,17525,63,0
23228,39477,63,0
23229,22888,63,0
23230,9967,63,0
23231,37808,63,0
23232,1190,63,0
23233,18554,63,0
23234,29871,63,0
23235,18764,63,0
23236,46882,63,0
23237,2643,63,0
23238,18752,63,0
23239,44568,63,0
23240,37979,63,0
23241,19523,63,0
23242,27920,63,0
23243,44719,63,0
23244,17984,63,0
23245,402,63,0
23246,38823,63,0
23247,24430,63,0
23248,12182,63,0
23249,47914,63,0
23250,22317,63,0
23251,25703,63,0
23252,19807,63,0
23253,12054,63,0
23254,2882,63,0
23255,33697,63,0
23256,11494,63,0
23257,25445,63,0
23258,34379,63,0
23259,42639,63,0
23260,38587,63,0
23261,15691,63,0
23262,13055,63,0
23263,47759,63,0
23264,40405,63,0
23265,408,63,0
23266,2422,63,0
23267,35773,63,0
23268,18300,63,0
23269,24798,63,0
23270,9228,63,0
23271,2532,63,0
23272,24869,63,0
23273,7614,63,0
23274,40668,63,0
23275,43873,63,0
23276,17123,63,0
23277,6649,63,0
23278,8075,63,0
23279,42437,63,0
23280,39196,63,0
23281,21725,63,0
23282,35744,63,0
23283,14317,63,0
23284,39961,63,0
23285,6538,63,0
23286,30251,63,0
23287,11496,63,0
23288,3473,63,0
23289,37466,63,0
23290,13386,63,0
23291,24710,63,0
23292,44310,63,0
23293,50193,63,0
23294,41000,63,0
23295,24662,63,0
23296,42656,63,0
23297,42571,63,0
23298,14233,63,0
23299,45813,63,0
23300,21030,63,0
23301,29389,63,0
23302,18600,63,0
23303,7130,63,0
23304,1742,63,0
23305,40268,63,0
23306,7653,63,0
23307,6160,63,0
23308,36493,63,0
23309,26157,63,0
23310,44144,63,0
23311,15911,63,0
23312,25845,63,0
23313,34145,63,0
23314,7863,63,0
23315,7220,63,0
23316,13764,63,0
23317,9214,63,0
23318,11523,63,0
23319,31617,63,0
23320,40746,63,0
23321,3889,63,0
23322,35553,63,0
23323,18766,63,0
23324,38961,63,0
23325,48365,63,0
23326,30824,63,0
23327,3863,63,0
23328,16416,63,0
23329,21392,63,0
23330,20985,63,0
23331,34308,63,0
23332,10548,63,0
23333,39545,63,0
23334,39639,63,0
23335,17458,63,0
23336,5336,63,0
23337,18761,63,0
23338,2808,63,0
23339,1855,63,0
23340,17917,63,0
23341,14867,63,0
23342,33961,63,0
23343,18795,63,0
23344,7520,63,0
23345,32745,63,0
23346,2900,63,0
23347,16340,63,0
23348,9166,63,0
23349,21994,63,0
23350,44792,63,0
23351,45435,63,0
23352,3687,63,0
23353,25095,63,0
23354,34307,63,0
23355,32180,63,0
23356,22880,63,0
23357,10390,63,0
23358,48376,63,0
23359,8722,63,0
23360,40499,63,0
23361,1056,63,0
23362,40075,63,0
23363,1923,63,0
23364,43410,63,0
23365,24167,63,0
23366,16422,63,0
23367,9707,63,0
23368,11357,63,0
23369,50285,63,0
23370,1982,63,0
23371,49420,63,0
23372,11218,63,0
23373,4578,63,0
23374,46734,63,0
23375,2103,63,0
23376,22667,63,0
23377,17245,63,0
23378,25525,63,0
23379,12530,63,0
23380,31407,63,0
23381,17160,63,0
23382,48385,63,0
23383,47456,63,0
23384,29693,63,0
23385,48311,63,0
23386,30257,63,0
23387,32956,63,0
23388,15674,63,0
23389,6943,63,0
23390,18131,63,0
23391,18453,63,0
23392,50872,63,0
23393,37995,63,0
23394,5732,63,0
23395,26600,63,0
23396,29601,63,0
23397,35105,63,0
23398,47944,63,0
23399,17513,63,0
23400,29014,63,0
23401,35287,63,0
23402,33933,63,0
23403,47581,63,0
23404,36606,63,0
23405,1424,63,0
23406,4356,63,0
23407,1912,63,0
23408,24585,63,0
23409,48796,63,0
23410,11826,63,0
23411,40971,63,0
23412,7710,63,0
23413,15669,63,0
23414,5007,63,0
23415,15857,63,0
23416,30284,63,0
23417,39098,63,0
23418,10253,63,0
23419,3515,63,0
23420,18755,63,0
23421,25400,63,0
23422,22968,63,0
23423,44126,63,0
23424,20000,63,0
23425,37692,63,0
23426,3024,63,0
23427,50485,63,0
23428,15355,63,0
23429,3598,63,0
23430,20845,63,0
23431,34888,63,0
23432,39563,63,0
23433,14296,63,0
23434,3023,63,0
23435,48118,63,0
23436,27286,63,0
23437,1790,63,0
23438,50236,63,0
23439,26640,63,0
23440,8844,63,0
23441,3074,63,0
23442,24254,63,0
23443,26611,63,0
23444,32828,63,0
23445,3616,63,0
23446,35072,63,0
23447,10972,63,0
23448,32728,63,0
23449,18360,63,0
23450,511,63,0
23451,42458,63,0
23452,1274,63,0
23453,21590,63,0
23454,40342,63,0
23455,290,63,0
23456,21599,63,0
23457,45653,63,0
23458,46721,63,0
23459,35521,63,0
23460,12172,63,0
23461,465,63,0
23462,30693,63,0
23463,50772,63,0
23464,23418,63,0
23465,23478,63,0
23466,34396,63,0
23467,30783,63,0
23468,23303,63,0
23469,28260,63,0
23470,23901,63,0
23471,26325,63,0
23472,23953,63,0
23473,30805,63,0
23474,15194,63,0
23475,11,63,0
23476,26203,63,0
23477,29476,63,0
23478,31266,63,0
23479,5942,63,0
23480,874,63,0
23481,11240,63,0
23482,47821,63,0
23483,673,63,0
23484,2258,63,0
23485,7314,63,0
23486,40459,63,0
23487,1462,63,0
23488,6268,63,0
23489,36897,63,0
23490,13319,63,0
23491,10159,63,0
23492,35776,63,0
23493,25590,63,0
23494,25234,63,0
23495,44108,63,0
23496,7423,63,0
23497,3550,63,0
23498,9997,63,0
23499,33877,63,0
23500,37714,63,0
23501,6517,63,0
23502,49510,63,0
23503,18713,63,0
23504,40626,63,0
23505,20461,63,0
23506,38705,63,0
23507,4641,63,0
23508,25028,63,0
23509,22452,63,0
23510,3989,63,0
23511,31368,63,0
23512,46360,63,0
23513,15098,63,0
23514,46212,63,0
23515,10581,63,0
23516,36287,63,0
23517,16171,63,0
23518,14565,63,0
23519,42906,63,0
23520,40178,63,0
23521,17234,63,0
23522,41050,63,0
23523,37395,63,0
23524,42027,63,0
23525,35784,63,0
23526,37964,63,0
23527,13572,63,0
23528,1646,63,0
23529,6959,63,0
23530,8676,63,0
23531,24801,63,0
23532,44731,63,0
23533,4175,63,0
23534,19695,63,0
23535,48223,63,0
23536,40673,63,0
23537,26967,63,0
23538,15081,63,0
23539,49248,63,0
23540,16139,63,0
23541,2421,63,0
23542,46587,63,0
23543,39217,63,0
23544,5924,63,0
23545,25674,63,0
23546,3538,63,0
23547,15310,63,0
23548,40166,63,0
23549,45916,63,0
23550,42349,63,0
23551,24012,63,0
23552,48947,63,0
23553,3282,63,0
23554,13314,63,0
23555,5031,63,0
23556,5624,63,0
23557,48238,63,0
23558,3483,63,0
23559,12596,63,0
23560,5249,63,0
23561,36695,63,0
23562,45086,63,0
23563,33022,63,0
23564,43996,63,0
23565,41679,63,0
23566,48024,63,0
23567,13683,63,0
23568,26700,63,0
23569,14308,63,0
23570,11482,63,0
23571,15372,63,0
23572,13854,63,0
23573,50295,63,0
23574,12771,63,0
23575,6587,63,0
23576,34863,63,0
23577,20302,63,0
23578,26180,63,0
23579,6857,63,0
23580,32725,63,0
23581,40608,63,0
23582,6276,63,0
23583,14264,63,0
23584,49433,63,0
23585,31421,63,0
23586,19994,63,0
23587,14923,63,0
23588,25406,63,0
23589,14044,63,0
23590,49583,63,0
23591,36271,63,0
23592,26731,63,0
23593,34341,63,0
23594,137,63,0
23595,508,63,0
23596,14079,63,0
23597,20075,63,0
23598,49175,63,0
23599,36625,63,0
23600,5408,63,0
23601,36456,63,0
23602,41126,63,0
23603,18124,63,0
23604,45951,63,0
23605,29040,63,0
23606,18373,63,0
23607,23035,63,0
23608,37318,63,0
23609,32116,63,0
23610,8012,63,0
23611,4994,63,0
23612,3811,63,0
23613,47183,63,0
23614,23786,63,0
23615,44201,63,0
23616,9519,63,0
23617,46058,63,0
23618,11394,63,0
23619,2347,63,0
23620,24613,63,0
23621,26885,63,0
23622,27037,63,0
23623,7086,63,0
23624,6583,63,0
23625,36994,63,0
23626,25081,63,0
23627,36127,63,0
23628,24950,63,0
23629,22300,63,0
23630,42553,63,0
23631,31384,63,0
23632,8788,63,0
23633,10245,63,0
23634,41224,63,0
23635,48330,63,0
23636,47029,63,0
23637,21385,63,0
23638,6059,63,0
23639,42200,63,0
23640,35806,63,0
23641,38624,63,0
23642,6507,63,0
23643,34144,63,0
23644,49668,63,0
23645,44278,63,0
23646,43725,63,0
23647,32437,63,0
23648,8077,63,0
23649,32541,63,0
23650,12127,63,0
23651,21745,63,0
23652,14523,63,0
23653,23410,63,0
23654,21613,63,0
23655,14846,63,0
23656,44790,63,0
23657,50115,63,0
23658,25716,63,0
23659,47148,63,0
23660,19229,63,0
23661,12507,63,0
23662,3875,63,0
23663,33918,63,0
23664,17186,63,0
23665,15173,63,0
23666,33435,63,0
23667,47019,63,0
23668,24620,63,0
23669,37780,63,0
23670,23846,63,0
23671,37794,63,0
23672,5421,63,0
23673,43009,63,0
23674,42600,63,0
23675,18214,63,0
23676,1919,63,0
23677,36513,63,0
23678,4633,63,0
23679,26709,63,0
23680,3870,63,0
23681,27299,63,0
23682,44459,63,0
23683,22739,63,0
23684,394,63,0
23685,32351,63,0
23686,29712,63,0
23687,11342,63,0
23688,9713,63,0
23689,48244,63,0
23690,2916,63,0
23691,34395,63,0
23692,26598,63,0
23693,40199,63,0
23694,29068,63,0
23695,48185,63,0
23696,14873,63,0
23697,45864,63,0
23698,23497,63,0
23699,1398,63,0
23700,42701,63,0
23701,42078,63,0
23702,25087,63,0
23703,1255,63,0
23704,7612,63,0
23705,9108,63,0
23706,2786,63,0
23707,2841,63,0
23708,27316,63,0
23709,20884,63,0
23710,31710,63,0
23711,2803,63,0
23712,18011,63,0
23713,5834,63,0
23714,41699,63,0
23715,49692,63,0
23716,20504,63,0
23717,18997,63,0
23718,17098,63,0
23719,25602,63,0
23720,17404,63,0
23721,6663,63,0
23722,14400,63,0
23723,43150,63,0
23724,50621,63,0
23725,6002,63,0
23726,47657,63,0
23727,28402,63,0
23728,34620,63,0
23729,17311,63,0
23730,8162,63,0
23731,47420,63,0
23732,24311,63,0
23733,23674,63,0
23734,40491,63,0
23735,50860,63,0
23736,49502,63,0
23737,40801,63,0
23738,10156,63,0
23739,23090,63,0
23740,1486,63,0
23741,13215,63,0
23742,26460,63,0
23743,232,63,0
23744,6909,63,0
23745,46380,63,0
23746,3426,63,0
23747,32247,63,0
23748,7624,63,0
23749,48576,63,0
23750,170,63,0
23751,36976,63,0
23752,545,63,0
23753,27222,63,0
23754,49618,63,0
23755,38623,63,0
23756,25277,63,0
23757,34261,63,0
23758,1808,63,0
23759,18524,63,0
23760,48708,63,0
23761,30637,63,0
23762,33375,63,0
23763,46999,63,0
23764,4114,63,0
23765,27055,63,0
23766,35151,63,0
23767,32245,63,0
23768,33503,63,0
23769,8592,63,0
23770,37832,63,0
23771,36923,63,0
23772,4121,63,0
23773,29947,63,0
23774,20546,63,0
23775,10922,63,0
23776,8595,63,0
23777,513,63,0
23778,21840,63,0
23779,30004,63,0
23780,29146,63,0
23781,7019,63,0
23782,38297,63,0
23783,13644,63,0
23784,30221,63,0
23785,50909,63,0
23786,35974,63,0
23787,2486,63,0
23788,32958,63,0
23789,39213,63,0
23790,2887,63,0
23791,9124,63,0
23792,35191,63,0
23793,42428,63,0
23794,18877,63,0
23795,34159,63,0
23796,26881,63,0
23797,33363,63,0
23798,24340,63,0
23799,29565,63,0
23800,23326,63,0
23801,28806,63,0
23802,21569,63,0
23803,15993,63,0
23804,2669,63,0
23805,19298,63,0
23806,18690,63,0
23807,34745,63,0
23808,32947,63,0
23809,14712,63,0
23810,48753,63,0
23811,27014,63,0
23812,50307,63,0
23813,43297,63,0
23814,30764,63,0
23815,17140,63,0
23816,46206,63,0
23817,46315,63,0
23818,9771,63,0
23819,2631,63,0
23820,19384,63,0
23821,33415,63,0
23822,15419,63,0
23823,20785,63,0
23824,28065,63,0
23825,31753,63,0
23826,21617,63,0
23827,3978,63,0
23828,1349,63,0
23829,35233,63,0
23830,287,63,0
23831,21576,63,0
23832,17001,63,0
23833,12080,63,0
23834,5799,63,0
23835,8897,63,0
23836,9665,63,0
23837,29197,63,0
23838,29295,63,0
23839,18123,63,0
23840,30254,63,0
23841,45161,63,0
23842,36931,63,0
23843,16254,63,0
23844,50659,63,0
23845,44871,63,0
23846,39436,63,0
23847,15438,63,0
23848,18775,63,0
23849,17010,63,0
23850,26472,63,0
23851,39271,63,0
23852,29629,63,0
23853,41312,63,0
23854,23635,63,0
23855,1077,63,0
23856,1129,63,0
23857,33187,63,0
23858,12654,63,0
23859,26116,63,0
23860,1674,63,0
23861,1581,63,0
23862,1453,63,0
23863,3739,63,0
23864,7302,63,0
23865,29193,63,0
23866,17656,63,0
23867,18249,63,0
23868,15019,63,0
23869,14133,63,0
23870,24354,63,0
23871,831,63,0
23872,18388,63,0
23873,27552,63,0
23874,16780,63,0
23875,36939,63,0
23876,33716,63,0
23877,47858,63,0
23878,29766,63,0
23879,49686,63,0
23880,17974,63,0
23881,12429,63,0
23882,6208,63,0
23883,4652,63,0
23884,37248,63,0
23885,15389,63,0
23886,32737,63,0
23887,46280,63,0
23888,40816,63,0
23889,40738,63,0
23890,42822,63,0
23891,47163,63,0
23892,13121,63,0
23893,27902,63,0
23894,38043,63,0
23895,47561,63,0
23896,33391,63,0
23897,46557,63,0
23898,8983,63,0
23899,45189,63,0
23900,31672,63,0
23901,1705,63,0
23902,7013,63,0
23903,15111,63,0
23904,22840,63,0
23905,34847,63,0
23906,32011,63,0
23907,39455,63,0
23908,17872,63,0
23909,46716,63,0
23910,26387,63,0
23911,41012,63,0
23912,39015,63,0
23913,9356,63,0
23914,44741,63,0
23915,31016,63,0
23916,3640,63,0
23917,27573,63,0
23918,50873,63,0
23919,40762,63,0
23920,42611,63,0
23921,7093,63,0
23922,2305,63,0
23923,44679,63,0
23924,19019,63,0
23925,2411,63,0
23926,5141,63,0
23927,48943,63,0
23928,47475,63,0
23929,18648,63,0
23930,50027,63,0
23931,18323,63,0
23932,50648,63,0
23933,32462,63,0
23934,12490,63,0
23935,28581,63,0
23936,29313,63,0
23937,693,63,0
23938,24127,63,0
23939,18112,63,0
23940,39177,63,0
23941,48054,63,0
23942,3124,63,0
23943,21291,63,0
23944,32614,63,0
23945,17601,63,0
23946,40376,63,0
23947,18370,63,0
23948,32688,63,0
23949,17602,63,0
23950,42724,63,0
23951,37413,63,0
23952,2405,63,0
23953,35080,63,0
23954,35708,63,0
23955,46912,63,0
23956,25707,63,0
23957,44410,63,0
23958,14773,63,0
23959,24061,63,0
23960,37669,63,0
23961,17177,63,0
23962,21787,63,0
23963,23854,63,0
23964,28249,63,0
23965,9952,63,0
23966,40693,63,0
23967,18718,63,0
23968,16325,63,0
23969,50459,63,0
23970,999,63,0
23971,8152,63,0
23972,42371,63,0
23973,42576,63,0
23974,27846,63,0
23975,37294,63,0
23976,23118,63,0
23977,19785,63,0
23978,21972,63,0
23979,5709,63,0
23980,41240,63,0
23981,4302,63,0
23982,25504,63,0
23983,14887,63,0
23984,49509,63,0
23985,48892,63,0
23986,50133,63,0
23987,47222,63,0
23988,37403,63,0
23989,50784,63,0
23990,40290,63,0
23991,39258,63,0
23992,13065,63,0
23993,8336,63,0
23994,35426,63,0
23995,46594,63,0
23996,25887,63,0
23997,34684,63,0
23998,35858,63,0
23999,46125,63,0
24000,45014,63,0
24001,31238,63,0
24002,23776,63,0
24003,35093,63,0
24004,12261,63,0
24005,46274,63,0
24006,4074,63,0
24007,20365,63,0
24008,45791,63,0
24009,21309,63,0
24010,49277,63,0
24011,37436,63,0
24012,41989,63,0
24013,24427,63,0
24014,44329,63,0
24015,23005,63,0
24016,43890,63,0
24017,26115,63,0
24018,14805,63,0
24019,39418,63,0
24020,43525,63,0
24021,16244,63,0
24022,11915,63,0
24023,42043,63,0
24024,28453,63,0
24025,30478,63,0
24026,14784,63,0
24027,11484,63,0
24028,50652,63,0
24029,444,63,0
24030,50186,63,0
24031,29062,63,0
24032,13674,63,0
24033,42124,63,0
24034,3256,63,0
24035,8794,63,0
24036,24037,63,0
24037,14058,63,0
24038,33986,63,0
24039,15980,63,0
24040,26139,63,0
24041,29532,63,0
24042,40927,63,0
24043,50420,63,0
24044,35315,63,0
24045,43035,63,0
24046,18631,63,0
24047,2929,63,0
24048,25937,63,0
24049,16257,63,0
24050,48718,63,0
24051,24454,63,0
24052,31797,63,0
24053,20753,63,0
24054,7224,63,0
24055,40055,63,0
24056,2553,63,0
24057,26906,63,0
24058,44977,63,0
24059,42026,63,0
24060,33646,63,0
24061,30303,63,0
24062,28266,63,0
24063,50650,63,0
24064,13749,63,0
24065,24132,63,0
24066,15498,63,0
24067,19991,63,0
24068,22989,63,0
24069,20439,63,0
24070,25998,63,0
24071,38631,63,0
24072,20513,63,0
24073,21965,63,0
24074,2772,63,0
24075,36233,63,0
24076,26481,63,0
24077,43837,63,0
24078,11468,63,0
24079,34259,63,0
24080,44380,63,0
24081,21047,63,0
24082,37817,63,0
24083,16889,63,0
24084,7429,63,0
24085,18482,63,0
24086,24868,63,0
24087,46595,63,0
24088,40357,63,0
24089,40630,63,0
24090,27881,63,0
24091,45475,63,0
24092,31007,63,0
24093,9375,63,0
24094,46943,63,0
24095,2351,63,0
24096,19364,63,0
24097,19798,63,0
24098,50516,63,0
24099,43666,63,0
24100,40831,63,0
24101,15765,63,0
24102,33804,63,0
24103,28306,63,0
24104,15045,63,0
24105,14260,63,0
24106,15634,63,0
24107,31542,63,0
24108,28226,63,0
24109,29812,63,0
24110,25035,63,0
24111,3307,63,0
24112,8443,63,0
24113,41467,63,0
24114,25908,63,0
24115,41952,63,0
24116,9062,63,0
24117,45874,63,0
24118,1135,63,0
24119,44141,63,0
24120,32564,63,0
24121,15722,63,0
24122,28183,63,0
24123,23877,63,0
24124,19228,63,0
24125,4611,63,0
24126,44798,63,0
24127,34287,63,0
24128,38143,63,0
24129,14288,63,0
24130,43737,63,0
24131,8838,63,0
24132,11885,63,0
24133,22385,63,0
24134,20483,63,0
24135,21415,63,0
24136,14660,63,0
24137,9345,63,0
24138,38107,63,0
24139,33843,63,0
24140,30641,63,0
24141,21235,63,0
24142,6114,63,0
24143,49442,63,0
24144,27966,63,0
24145,23336,63,0
24146,47847,63,0
24147,20173,63,0
24148,44564,63,0
24149,23903,63,0
24150,13174,63,0
24151,24800,63,0
24152,27,63,0
24153,936,63,0
24154,49573,63,0
24155,48988,63,0
24156,24336,63,0
24157,15978,63,0
24158,31666,63,0
24159,3333,63,0
24160,33006,63,0
24161,36448,63,0
24162,9799,63,0
24163,49057,63,0
24164,39587,63,0
24165,31841,63,0
24166,3696,63,0
24167,15760,63,0
24168,26367,63,0
24169,50082,63,0
24170,28707,63,0
24171,28112,63,0
24172,28856,63,0
24173,31374,63,0
24174,31410,63,0
24175,23957,63,0
24176,30713,63,0
24177,42694,63,0
24178,36465,63,0
24179,31826,63,0
24180,1152,63,0
24181,27227,63,0
24182,26400,63,0
24183,25620,63,0
24184,17619,63,0
24185,36064,63,0
24186,17507,63,0
24187,17980,63,0
24188,34223,63,0
24189,40295,63,0
24190,5164,63,0
24191,17387,63,0
24192,37491,63,0
24193,38723,63,0
24194,6833,63,0
24195,2326,63,0
24196,6434,63,0
24197,24939,63,0
24198,4906,63,0
24199,30956,63,0
24200,13857,63,0
24201,40280,63,0
24202,2560,63,0
24203,22135,63,0
24204,10745,63,0
24205,2392,63,0
24206,3283,63,0
24207,10044,63,0
24208,11499,63,0
24209,43903,63,0
24210,41238,63,0
24211,25901,63,0
24212,32971,63,0
24213,7034,63,0
24214,15159,63,0
24215,47374,63,0
24216,44077,63,0
24217,38648,63,0
24218,20754,63,0
24219,105,63,0
24220,4992,63,0
24221,47794,63,0
24222,6,63,0
24223,9653,63,0
24224,9834,63,0
24225,24415,63,0
24226,28499,63,0
24227,34615,63,0
24228,48589,63,0
24229,2531,63,0
24230,34793,63,0
24231,2746,63,0
24232,6711,63,0
24233,40532,63,0
24234,24660,63,0
24235,49196,63,0
24236,13592,63,0
24237,5490,63,0
24238,44921,63,0
24239,14605,63,0
24240,46938,63,0
24241,40022,63,0
24242,47495,63,0
24243,8623,63,0
24244,20493,63,0
24245,45942,63,0
24246,7108,63,0
24247,39871,63,0
24248,11673,63,0
24249,24400,63,0
24250,5800,63,0
24251,11310,63,0
24252,30644,63,0
24253,11706,63,0
24254,27798,63,0
24255,2957,63,0
24256,32622,63,0
24257,27120,63,0
24258,48240,63,0
24259,25060,63,0
24260,42158,63,0
24261,35595,63,0
24262,33362,63,0
24263,18867,63,0
24264,15149,63,0
24265,38957,63,0
24266,30659,63,0
24267,4541,63,0
24268,9611,63,0
24269,35200,63,0
24270,36707,63,0
24271,31881,63,0
24272,34516,63,0
24273,35246,63,0
24274,26772,63,0
24275,21951,63,0
24276,25334,63,0
24277,7276,63,0
24278,36874,63,0
24279,50523,63,0
24280,26171,63,0
24281,6616,63,0
24282,35038,63,0
24283,48619,63,0
24284,50595,63,0
24285,32444,63,0
24286,37224,63,0
24287,42805,63,0
24288,40264,63,0
24289,3964,63,0
24290,5939,63,0
24291,33912,63,0
24292,2403,63,0
24293,32455,63,0
24294,23630,63,0
24295,43640,63,0
24296,17773,63,0
24297,27322,63,0
24298,6306,63,0
24299,42117,63,0
24300,42807,63,0
24301,27369,63,0
24302,34489,63,0
24303,30094,63,0
24304,43582,63,0
24305,33158,63,0
24306,49450,63,0
24307,20510,63,0
24308,14193,63,0
24309,32222,63,0
24310,1642,63,0
24311,9837,63,0
24312,29600,63,0
24313,12012,63,0
24314,26138,63,0
24315,35624,63,0
24316,41145,63,0
24317,48571,63,0
24318,21660,63,0
24319,16802,63,0
24320,38516,63,0
24321,21973,63,0
24322,33019,63,0
24323,48323,63,0
24324,31273,63,0
24325,24142,63,0
24326,45848,63,0
24327,1878,63,0
24328,14490,63,0
24329,8761,63,0
24330,47835,63,0
24331,9143,63,0
24332,22274,63,0
24333,36291,63,0
24334,3702,63,0
24335,7102,63,0
24336,48930,63,0
24337,43753,63,0
24338,48439,63,0
24339,24547,63,0
24340,22971,63,0
24341,36149,63,0
24342,50871,63,0
24343,9720,63,0
24344,28431,63,0
24345,26435,63,0
24346,21151,63,0
24347,34190,63,0
24348,29506,63,0
24349,40207,63,0
24350,35300,63,0
24351,557,63,0
24352,18367,63,0
24353,26453,63,0
24354,44986,63,0
24355,33871,63,0
24356,44102,63,0
24357,24822,63,0
24358,2679,63,0
24359,1767,63,0
24360,50525,63,0
24361,12909,63,0
24362,15804,63,0
24363,50540,63,0
24364,25603,63,0
24365,19655,63,0
24366,14341,63,0
24367,30558,63,0
24368,2321,63,0
24369,28721,63,0
24370,35615,63,0
24371,43044,63,0
24372,41675,63,0
24373,30009,63,0
24374,6121,63,0
24375,11655,63,0
24376,14259,63,0
24377,18760,63,0
24378,50567,63,0
24379,14182,63,0
24380,17544,63,0
24381,16095,63,0
24382,65,63,0
24383,50513,63,0
24384,5441,63,0
24385,40017,63,0
24386,39595,63,0
24387,30931,63,0
24388,46525,63,0
24389,34356,63,0
24390,37183,63,0
24391,33943,63,0
24392,11938,63,0
24393,12642,63,0
24394,19072,63,0
24395,22106,63,0
24396,26890,63,0
24397,43543,63,0
24398,2380,63,0
24399,9513,63,0
24400,13060,63,0
24401,8687,63,0
24402,43942,63,0
24403,33844,63,0
24404,27722,63,0
24405,14920,63,0
24406,6326,63,0
24407,6912,63,0
24408,7633,63,0
24409,3287,63,0
24410,39147,63,0
24411,3288,63,0
24412,27705,63,0
24413,41754,63,0
24414,16009,63,0
24415,41184,63,0
24416,4607,63,0
24417,43895,63,0
24418,2248,63,0
24419,27936,63,0
24420,23520,63,0
24421,89,63,0
24422,34138,63,0
24423,33744,63,0
24424,31403,63,0
24425,40790,63,0
24426,21538,63,0
24427,31342,63,0
24428,38474,63,0
24429,1119,63,0
24430,49515,63,0
24431,23693,63,0
24432,49725,63,0
24433,15569,63,0
24434,36223,63,0
24435,36659,63,0
24436,12249,63,0
24437,3173,63,0
24438,2620,63,0
24439,34986,63,0
24440,38970,63,0
24441,46985,63,0
24442,1148,63,0
24443,8005,63,0
24444,21281,63,0
24445,37549,63,0
24446,4363,63,0
24447,21250,63,0
24448,17382,63,0
24449,19147,63,0
24450,49013,63,0
24451,3788,63,0
24452,25767,63,0
24453,12228,63,0
24454,29529,63,0
24455,1116,63,0
24456,38408,63,0
24457,35585,63,0
24458,3052,63,0
24459,47923,63,0
24460,23238,63,0
24461,24050,63,0
24462,39906,63,0
24463,202,63,0
24464,32783,63,0
24465,19992,63,0
24466,43454,63,0
24467,40605,63,0
24468,16269,63,0
24469,30885,63,0
24470,38323,63,0
24471,41142,63,0
24472,42813,63,0
24473,24060,63,0
24474,38672,63,0
24475,946,63,0
24476,10397,63,0
24477,24737,63,0
24478,11800,63,0
24479,23386,63,0
24480,48592,63,0
24481,8786,63,0
24482,23843,63,0
24483,42068,63,0
24484,47007,63,0
24485,25815,63,0
24486,6769,63,0
24487,35302,63,0
24488,20989,63,0
24489,21253,63,0
24490,6319,63,0
24491,44788,63,0
24492,42272,63,0
24493,16692,63,0
24494,27054,63,0
24495,31003,63,0
24496,28427,63,0
24497,23744,63,0
24498,18026,63,0
24499,11093,63,0
24500,21403,63,0
24501,6301,63,0
24502,15363,63,0
24503,37966,63,0
24504,45993,63,0
24505,1356,63,0
24506,18884,63,0
24507,30926,63,0
24508,4797,63,0
24509,2415,63,0
24510,4484,63,0
24511,37984,63,0
24512,14446,63,0
24513,15886,63,0
24514,22973,63,0
24515,38234,63,0
24516,29709,63,0
24517,27447,63,0
24518,45278,63,0
24519,35400,63,0
24520,16616,63,0
24521,45800,63,0
24522,39802,63,0
24523,5299,63,0
24524,15615,63,0
24525,15283,63,0
24526,6485,63,0
24527,45970,63,0
24528,32261,63,0
24529,40524,63,0
24530,22922,63,0
24531,3011,63,0
24532,24186,63,0
24533,45712,63,0
24534,5167,63,0
24535,47036,63,0
24536,20073,63,0
24537,28154,63,0
24538,420,63,0
24539,27900,63,0
24540,29521,63,0
24541,50713,63,0
24542,15298,63,0
24543,7215,63,0
24544,11302,63,0
24545,8555,63,0
24546,17502,63,0
24547,339,63,0
24548,49918,63,0
24549,4142,63,0
24550,11206,63,0
24551,7137,63,0
24552,50377,63,0
24553,39204,63,0
24554,48660,63,0
24555,22096,63,0
24556,32384,63,0
24557,10871,63,0
24558,20885,63,0
24559,1599,63,0
24560,27059,63,0
24561,30594,63,0
24562,16303,63,0
24563,3401,63,0
24564,740,63,0
24565,42876,63,0
24566,7731,63,0
24567,47527,63,0
24568,2441,63,0
24569,49327,63,0
24570,11347,63,0
24571,30878,63,0
24572,34314,63,0
24573,41506,63,0
24574,16787,63,0
24575,50606,63,0
24576,371,63,0
24577,23514,63,0
24578,25313,63,0
24579,993,63,0
24580,20237,63,0
24581,10872,63,0
24582,8025,63,0
24583,46844,63,0
24584,24820,63,0
24585,50261,63,0
24586,27516,63,0
24587,35020,63,0
24588,582,63,0
24589,33308,63,0
24590,3015,63,0
24591,41810,63,0
24592,20393,63,0
24593,50395,63,0
24594,28055,63,0
24595,31111,63,0
24596,44434,63,0
24597,33901,63,0
24598,4323,63,0
24599,14496,63,0
24600,36524,63,0
24601,3038,63,0
24602,46419,63,0
24603,28344,63,0
24604,13479,63,0
24605,7017,63,0
24606,19104,63,0
24607,34804,63,0
24608,4118,63,0
24609,40696,63,0
24610,16056,63,0
24611,46157,63,0
24612,10853,63,0
24613,50795,63,0
24614,705,63,0
24615,35469,63,0
24616,37982,63,0
24617,19146,63,0
24618,22820,63,0
24619,25224,63,0
24620,45872,63,0
24621,39881,63,0
24622,36668,63,0
24623,3050,63,0
24624,40097,63,0
24625,45582,63,0
24626,6404,63,0
24627,27375,63,0
24628,19537,63,0
24629,17814,63,0
24630,15714,63,0
24631,20045,63,0
24632,22160,63,0
24633,9186,63,0
24634,47015,63,0
24635,50056,63,0
24636,24204,63,0
24637,10551,63,0
24638,46682,63,0
24639,45680,63,0
24640,27836,63,0
24641,50324,63,0
24642,13336,63,0
24643,12201,63,0
24644,38815,63,0
24645,9306,63,0
24646,35578,63,0
24647,12765,63,0
24648,36265,63,0
24649,38857,63,0
24650,25383,63,0
24651,50681,63,0
24652,9642,63,0
24653,48398,63,0
24654,41856,63,0
24655,16627,63,0
24656,11774,63,0
24657,38322,63,0
24658,2639,63,0
24659,7257,63,0
24660,35850,63,0
24661,24055,63,0
24662,18988,63,0
24663,17890,63,0
24664,11914,63,0
24665,38887,63,0
24666,25896,63,0
24667,40921,63,0
24668,24845,63,0
24669,12335,63,0
24670,11866,63,0
24671,11846,63,0
24672,5584,63,0
24673,2722,63,0
24674,47610,63,0
24675,16204,63,0
24676,2397,63,0
24677,16036,63,0
24678,17829,63,0
24679,9998,63,0
24680,1313,63,0
24681,8028,63,0
24682,12772,63,0
24683,28364,63,0
24684,47948,63,0
24685,13378,63,0
24686,30887,63,0
24687,2407,63,0
24688,696,63,0
24689,25158,63,0
24690,4622,63,0
24691,49501,63,0
24692,3219,63,0
24693,48004,63,0
24694,14898,63,0
24695,41207,63,0
24696,16989,63,0
24697,12851,63,0
24698,41128,63,0
24699,8944,63,0
24700,17103,63,0
24701,18750,63,0
24702,21979,63,0
24703,42545,63,0
24704,49821,63,0
24705,8234,63,0
24706,35810,63,0
24707,7953,63,0
24708,6984,63,0
24709,20253,63,0
24710,35135,63,0
24711,10424,63,0
24712,3699,63,0
24713,48827,63,0
24714,13354,63,0
24715,29109,63,0
24716,35043,63,0
24717,43294,63,0
24718,17463,63,0
24719,18253,63,0
24720,5583,63,0
24721,40671,63,0
24722,1297,63,0
24723,31224,63,0
24724,15033,63,0
24725,22417,63,0
24726,44146,63,0
24727,36639,63,0
24728,24229,63,0
24729,42681,63,0
24730,28072,63,0
24731,37977,63,0
24732,1542,63,0
24733,45428,63,0
24734,909,63,0
24735,4530,63,0
24736,17609,63,0
24737,1344,63,0
24738,17565,63,0
24739,49306,63,0
24740,28604,63,0
24741,336,63,0
24742,29514,63,0
24743,48769,63,0
24744,23831,63,0
24745,17,63,0
24746,48485,63,0
24747,48104,63,0
24748,50269,63,0
24749,42347,63,0
24750,16111,63,0
24751,32596,63,0
24752,23981,63,0
24753,38281,63,0
24754,13414,63,0
24755,36298,63,0
24756,3072,63,0
24757,50073,63,0
24758,8170,63,0
24759,11377,63,0
24760,32964,63,0
24761,38219,63,0
24762,1049,63,0
24763,4254,63,0
24764,49938,63,0
24765,18244,63,0
24766,39649,63,0
24767,31425,63,0
24768,45430,63,0
24769,38868,63,0
24770,46722,63,0
24771,25632,63,0
24772,870,63,0
24773,9591,63,0
24774,29301,63,0
24775,19075,63,0
24776,39305,63,0
24777,46340,63,0
24778,23716,63,0
24779,26540,63,0
24780,27563,63,0
24781,11820,63,0
24782,1410,63,0
24783,22292,63,0
24784,1172,63,0
24785,34392,63,0
24786,32009,63,0
24787,241,63,0
24788,16722,63,0
24789,44667,63,0
24790,18692,63,0
24791,2693,63,0
24792,36385,63,0
24793,3324,63,0
24794,34924,63,0
24795,12988,63,0
24796,1124,63,0
24797,6816,63,0
24798,22988,63,0
24799,4021,63,0
24800,9832,63,0
24801,16747,63,0
24802,18068,63,0
24803,5913,63,0
24804,19799,63,0
24805,32637,63,0
24806,24271,63,0
24807,5839,63,0
24808,36227,63,0
24809,20453,63,0
24810,44707,63,0
24811,12409,63,0
24812,18924,63,0
24813,48541,63,0
24814,6425,63,0
24815,29145,63,0
24816,19187,63,0
24817,41597,63,0
24818,5010,63,0
24819,22435,63,0
24820,6901,63,0
24821,2710,63,0
24822,32897,63,0
24823,15398,63,0
24824,38135,63,0
24825,272,63,0
24826,9631,63,0
24827,35298,63,0
24828,7623,63,0
24829,7961,63,0
24830,42988,63,0
24831,37188,63,0
24832,280,63,0
24833,14986,63,0
24834,6324,63,0
24835,9419,63,0
24836,48214,63,0
24837,47398,63,0
24838,1826,63,0
24839,18220,63,0
24840,614,63,0
24841,921,63,0
24842,42278,63,0
24843,22001,63,0
24844,22858,63,0
24845,22315,63,0
24846,24520,63,0
24847,21173,63,0
24848,43368,63,0
24849,21211,63,0
24850,45493,63,0
24851,20818,63,0
24852,21712,63,0
24853,32752,63,0
24854,36508,63,0
24855,30757,63,0
24856,1199,63,0
24857,9038,63,0
24858,49924,63,0
24859,30898,63,0
24860,14132,63,0
24861,4799,63,0
24862,34224,63,0
24863,23020,63,0
24864,12513,63,0
24865,32424,63,0
24866,44891,63,0
24867,1949,63,0
24868,11204,63,0
24869,10197,63,0
24870,41086,63,0
24871,42015,63,0
24872,31610,63,0
24873,11834,63,0
24874,940,63,0
24875,46468,63,0
24876,40032,63,0
24877,35222,63,0
24878,24411,63,0
24879,37738,63,0
24880,1312,63,0
24881,34471,63,0
24882,15893,63,0
24883,10919,63,0
24884,49364,63,0
24885,7872,63,0
24886,13151,63,0
24887,49800,63,0
24888,29391,63,0
24889,4552,63,0
24890,31599,63,0
24891,40783,63,0
24892,20949,63,0
24893,15231,63,0
24894,597,63,0
24895,38993,63,0
24896,45497,63,0
24897,22461,63,0
24898,254,63,0
24899,16087,63,0
24900,30052,63,0
24901,32158,63,0
24902,48101,63,0
24903,5307,63,0
24904,11903,63,0
24905,16881,63,0
24906,18424,63,0
24907,8236,63,0
24908,50564,63,0
24909,47899,63,0
24910,6922,63,0
24911,36616,63,0
24912,22267,63,0
24913,8050,63,0
24914,16000,63,0
24915,35118,63,0
24916,14970,63,0
24917,22432,63,0
24918,37570,63,0
24919,29557,63,0
24920,22679,63,0
24921,28205,63,0
24922,16357,63,0
24923,36066,63,0
24924,25717,63,0
24925,3584,63,0
24926,1459,63,0
24927,39782,63,0
24928,20823,63,0
24929,24244,63,0
24930,10043,63,0
24931,24183,63,0
24932,34030,63,0
24933,43026,63,0
24934,35276,63,0
24935,37257,63,0
24936,8858,63,0
24937,20044,63,0
24938,3210,63,0
24939,36788,63,0
24940,10173,63,0
24941,7773,63,0
24942,21187,63,0
24943,28816,63,0
24944,17417,63,0
24945,39471,63,0
24946,4529,63,0
24947,4540,63,0
24948,25557,63,0
24949,9054,63,0
24950,15349,63,0
24951,17713,63,0
24952,1440,63,0
24953,12519,63,0
24954,39555,63,0
24955,29119,63,0
24956,4371,63,0
24957,136,63,0
24958,40345,63,0
24959,1348,63,0
24960,20610,63,0
24961,5610,63,0
24962,10729,63,0
24963,24982,63,0
24964,2144,63,0
24965,13279,63,0
24966,30989,63,0
24967,1652,63,0
24968,7364,63,0
24969,37443,63,0
24970,43872,63,0
24971,48371,63,0
24972,21306,63,0
24973,41523,63,0
24974,1702,63,0
24975,32767,63,0
24976,43913,63,0
24977,25228,63,0
24978,2370,63,0
24979,11055,63,0
24980,20668,63,0
24981,20444,63,0
24982,12840,63,0
24983,16778,63,0
24984,8185,63,0
24985,18995,63,0
24986,18449,63,0
24987,40019,63,0
24988,450,63,0
24989,33000,63,0
24990,17312,63,0
24991,10392,63,0
24992,15042,63,0
24993,23211,63,0
24994,8328,63,0
24995,29800,63,0
24996,44777,63,0
24997,12708,63,0
24998,17163,63,0
24999,40276,63,0
25000,30645,63,0
25001,48780,63,0
25002,2973,63,0
25003,24387,63,0
25004,14662,63,0
25005,29706,63,0
25006,46162,63,0
25007,12737,63,0
25008,24040,63,0
25009,33055,63,0
25010,21277,63,0
25011,41393,63,0
25012,34177,63,0
25013,35531,63,0
25014,10507,63,0
25015,37451,63,0
25016,38413,63,0
25017,43121,63,0
25018,13879,63,0
25019,19314,63,0
25020,9927,63,0
25021,29324,63,0
25022,38643,63,0
25023,44267,63,0
25024,34674,63,0
25025,26241,63,0
25026,17149,63,0
25027,36245,63,0
25028,35774,63,0
25029,2488,63,0
25030,32706,63,0
25031,13777,63,0
25032,48540,63,0
25033,48110,63,0
25034,5569,63,0
25035,4717,63,0
25036,6477,63,0
25037,36366,63,0
25038,27742,63,0
25039,6183,63,0
25040,19086,63,0
25041,4996,63,0
25042,2429,63,0
25043,41746,63,0
25044,1438,63,0
25045,26383,63,0
25046,24303,63,0
25047,10865,63,0
25048,38964,63,0
25049,3873,63,0
25050,47288,63,0
25051,16038,63,0
25052,22757,63,0
25053,38482,63,0
25054,12523,63,0
25055,18198,63,0
25056,13649,63,0
25057,38856,63,0
25058,34877,63,0
25059,12367,63,0
25060,8976,63,0
25061,19011,63,0
25062,3204,63,0
25063,37869,63,0
25064,33543,63,0
25065,18472,63,0
25066,18299,63,0
25067,28472,63,0
25068,4553,63,0
25069,43549,63,0
25070,38326,63,0
25071,15095,63,0
25072,9695,63,0
25073,2500,63,0
25074,44444,63,0
25075,6768,63,0
25076,36101,63,0
25077,3240,63,0
25078,40709,63,0
25079,22306,63,0
25080,18538,63,0
25081,30278,63,0
25082,10425,63,0
25083,6598,63,0
25084,774,63,0
25085,46364,63,0
25086,22042,63,0
25087,48289,63,0
25088,33046,63,0
25089,47579,63,0
25090,31328,63,0
25091,32883,63,0
25092,31568,63,0
25093,4788,63,0
25094,30132,63,0
25095,25177,63,0
25096,35514,63,0
25097,38010,63,0
25098,12908,63,0
25099,3561,63,0
25100,24189,63,0
25101,18642,63,0
25102,11533,63,0
25103,19184,63,0
25104,10899,63,0
25105,40145,63,0
25106,41447,63,0
25107,9792,63,0
25108,47323,63,0
25109,46679,63,0
25110,31365,63,0
25111,12410,63,0
25112,9634,63,0
25113,38655,63,0
25114,20280,63,0
25115,2493,63,0
25116,38427,63,0
25117,38663,63,0
25118,50562,63,0
25119,5200,63,0
25120,30097,63,0
25121,11239,63,0
25122,24452,63,0
25123,37626,63,0
25124,48699,63,0
25125,46769,63,0
25126,45780,63,0
25127,15735,63,0
25128,42995,63,0
25129,26457,63,0
25130,16936,63,0
25131,46281,63,0
25132,41777,63,0
25133,4692,63,0
25134,1072,63,0
25135,15758,63,0
25136,49628,63,0
25137,47316,63,0
25138,43085,63,0
25139,8700,63,0
25140,32747,63,0
25141,48905,63,0
25142,30173,63,0
25143,15675,63,0
25144,2264,63,0
25145,40893,63,0
25146,3337,63,0
25147,46537,63,0
25148,18822,63,0
25149,21086,63,0
25150,4859,63,0
25151,3539,63,0
25152,22972,63,0
25153,29156,63,0
25154,11006,63,0
25155,27875,63,0
25156,29771,63,0
25157,18364,63,0
25158,44481,63,0
25159,13249,63,0
25160,3536,63,0
25161,40212,63,0
25162,3922,63,0
25163,6577,63,0
25164,21017,63,0
25165,35875,63,0
25166,32089,63,0
25167,20426,63,0
25168,27762,63,0
25169,44880,63,0
25170,7126,63,0
25171,28188,63,0
25172,20348,63,0
25173,18641,63,0
25174,14882,63,0
25175,13495,63,0
25176,49422,63,0
25177,14384,63,0
25178,38268,63,0
25179,9119,63,0
25180,20309,63,0
25181,3585,63,0
25182,22810,63,0
25183,48486,63,0
25184,33582,63,0
25185,2175,63,0
25186,28383,63,0
25187,35951,63,0
25188,26112,63,0
25189,38145,63,0
25190,7845,63,0
25191,14894,63,0
25192,23292,63,0
25193,417,63,0
25194,21193,63,0
25195,1245,63,0
25196,3758,63,0
25197,44939,63,0
25198,16258,63,0
25199,46327,63,0
25200,47311,63,0
25201,13381,63,0
25202,29212,63,0
25203,6875,63,0
25204,18768,63,0
25205,12305,63,0
25206,43317,63,0
25207,38518,63,0
25208,2220,63,0
25209,49381,63,0
25210,31397,63,0
25211,16581,63,0
25212,33239,63,0
25213,33049,63,0
25214,7165,63,0
25215,31235,63,0
25216,24312,63,0
25217,19071,63,0
25218,24938,63,0
25219,31142,63,0
25220,44712,63,0
25221,1406,63,0
25222,11605,63,0
25223,50180,63,0
25224,13070,63,0
25225,31961,63,0
25226,38291,63,0
25227,40304,63,0
25228,39688,63,0
25229,21989,63,0
25230,40821,63,0
25231,23825,63,0
25232,5832,63,0
25233,22482,63,0
25234,17156,63,0
25235,23021,63,0
25236,22362,63,0
25237,15660,63,0
25238,32833,63,0
25239,35991,63,0
25240,40314,63,0
25241,20511,63,0
25242,40622,63,0
25243,18813,63,0
25244,9767,63,0
25245,40333,63,0
25246,47900,63,0
25247,17450,63,0
25248,50391,63,0
25249,49240,63,0
25250,35960,63,0
25251,30689,63,0
25252,33729,63,0
25253,22514,63,0
25254,22092,63,0
25255,14315,63,0
25256,21113,63,0
25257,12183,63,0
25258,28210,63,0
25259,16501,63,0
25260,32796,63,0
25261,34466,63,0
25262,7810,63,0
25263,26497,63,0
25264,2123,63,0
25265,1318,63,0
25266,20427,63,0
25267,44647,63,0
25268,29925,63,0
25269,13743,63,0
25270,2867,63,0
25271,944,63,0
25272,2775,63,0
25273,36218,63,0
25274,31461,63,0
25275,40209,63,0
25276,29498,63,0
25277,35525,63,0
25278,41469,63,0
25279,32232,63,0
25280,3012,63,0
25281,36330,63,0
25282,17918,63,0
25283,24429,63,0
25284,15119,63,0
25285,12795,63,0
25286,25025,63,0
25287,43593,63,0
25288,18170,63,0
25289,43927,63,0
25290,34127,63,0
25291,15031,63,0
25292,31377,63,0
25293,42446,63,0
25294,26053,63,0
25295,8058,63,0
25296,23319,63,0
25297,26166,63,0
25298,10087,63,0
25299,44940,63,0
25300,1101,63,0
25301,5820,63,0
25302,6982,63,0
25303,11314,63,0
25304,18785,63,0
25305,29828,63,0
25306,46153,63,0
25307,3004,63,0
25308,13706,63,0
25309,17956,63,0
25310,27759,63,0
25311,47643,63,0
25312,33735,63,0
25313,50760,63,0
25314,718,63,0
25315,41029,63,0
25316,3042,63,0
25317,23091,63,0
25318,7358,63,0
25319,40193,63,0
25320,17453,63,0
25321,7984,63,0
25322,13584,63,0
25323,4973,63,0
25324,48570,63,0
25325,1871,63,0
25326,44079,63,0
25327,44748,63,0
25328,46746,63,0
25329,7166,63,0
25330,32124,63,0
25331,19116,63,0
25332,28926,63,0
25333,42102,63,0
25334,24598,63,0
25335,925,63,0
25336,22591,63,0
25337,24901,63,0
25338,34281,63,0
25339,244,63,0
25340,9807,63,0
25341,25132,63,0
25342,7509,63,0
25343,39332,63,0
25344,20331,63,0
25345,22118,63,0
25346,33043,63,0
25347,8518,63,0
25348,15394,63,0
25349,620,63,0
25350,11168,63,0
25351,42980,63,0
25352,541,63,0
25353,33678,63,0
25354,22538,63,0
25355,17494,63,0
25356,15989,63,0
25357,24023,63,0
25358,23879,63,0
25359,37676,63,0
25360,5043,63,0
25361,29908,63,0
25362,3741,63,0
25363,3772,63,0
25364,44994,63,0
25365,16168,63,0
25366,29730,63,0
25367,26721,63,0
25368,312,63,0
25369,45996,63,0
25370,13977,63,0
25371,39209,63,0
25372,11519,63,0
25373,23942,63,0
25374,41569,63,0
25375,32008,63,0
25376,18931,63,0
25377,1686,63,0
25378,45084,63,0
25379,45026,63,0
25380,20505,63,0
25381,3580,63,0
25382,11455,63,0
25383,45768,63,0
25384,28319,63,0
25385,27580,63,0
25386,8594,63,0
25387,11341,63,0
25388,1310,63,0
25389,43821,63,0
25390,6374,63,0
25391,35395,63,0
25392,39716,63,0
25393,31611,63,0
25394,22600,63,0
25395,21864,63,0
25396,35895,63,0
25397,15710,63,0
25398,50743,63,0
25399,30778,63,0
25400,31857,63,0
25401,43541,63,0
25402,11035,63,0
25403,11827,63,0
25404,21395,63,0
25405,3355,63,0
25406,50067,63,0
25407,47831,63,0
25408,22993,63,0
25409,26403,63,0
25410,19079,63,0
25411,46241,63,0
25412,16547,63,0
25413,28334,63,0
25414,24946,63,0
25415,41096,63,0
25416,7938,63,0
25417,38103,63,0
25418,3387,63,0
25419,49164,63,0
25420,19555,63,0
25421,26886,63,0
25422,31523,63,0
25423,32380,63,0
25424,37525,63,0
25425,33620,63,0
25426,18511,63,0
25427,28240,63,0
25428,27921,63,0
25429,35327,63,0
25430,40136,63,0
25431,6202,63,0
25432,20321,63,0
25433,46454,63,0
25434,45629,63,0
25435,38437,63,0
25436,47294,63,0
25437,46500,63,0
25438,50859,63,0
25439,29440,63,0
25440,47467,63,0
25441,27266,63,0
25442,12051,63,0
25443,9241,63,0
25444,7498,63,0
25445,36951,63,0
25446,43164,63,0
25447,34202,63,0
25448,19246,63,0
25449,43065,63,0
25450,25661,63,0
25451,11796,63,0
25452,33709,63,0
25453,40066,63,0
25454,29952,63,0
25455,8360,63,0
25456,10323,63,0
25457,1950,63,0
25458,45844,63,0
25459,3611,63,0
25460,36651,63,0
25461,50930,63,0
25462,41694,63,0
25463,22244,63,0
25464,15412,63,0
25465,13668,63,0
25466,19297,63,0
25467,27437,63,0
25468,7248,63,0
25469,41858,63,0
25470,26656,63,0
25471,21082,63,0
25472,7909,63,0
25473,13397,63,0
25474,33201,63,0
25475,31548,63,0
25476,431,63,0
25477,10518,63,0
25478,20049,63,0
25479,3176,63,0
25480,43295,63,0
25481,49064,63,0
25482,36046,63,0
25483,43144,63,0
25484,16806,63,0
25485,23364,63,0
25486,49690,63,0
25487,8020,63,0
25488,2982,63,0
25489,9995,63,0
25490,42300,63,0
25491,41416,63,0
25492,48252,63,0
25493,25999,63,0
25494,10395,63,0
25495,38544,63,0
25496,18906,63,0
25497,17842,63,0
25498,33297,63,0
25499,1941,63,0
25500,21619,63,0
25501,30380,63,0
25502,44168,63,0
25503,10396,63,0
25504,24729,63,0
25505,49161,63,0
25506,42321,63,0
25507,33573,63,0
25508,22559,63,0
25509,14225,63,0
25510,32440,63,0
25511,3296,63,0
25512,4765,63,0
25513,19547,63,0
25514,6372,63,0
25515,49540,63,0
25516,15405,63,0
25517,44063,63,0
25518,40612,63,0
25519,48451,63,0
25520,41656,63,0
25521,3831,63,0
25522,21195,63,0
25523,39092,63,0
25524,2678,63,0
25525,850,63,0
25526,17274,63,0
25527,19255,63,0
25528,7712,63,0
25529,12339,63,0
25530,14025,63,0
25531,43583,63,0
25532,16417,63,0
25533,49592,63,0
25534,47002,63,0
25535,1022,63,0
25536,34270,63,0
25537,44423,63,0
25538,28297,63,0
25539,41703,63,0
25540,50075,63,0
25541,9164,63,0
25542,3738,63,0
25543,5783,63,0
25544,13265,63,0
25545,5631,63,0
25546,44908,63,0
25547,43475,63,0
25548,41185,63,0
25549,45576,63,0
25550,50537,63,0
25551,32140,63,0
25552,41117,63,0
25553,26011,63,0
25554,30751,63,0
25555,26789,63,0
25556,46005,63,0
25557,37575,63,0
25558,22931,63,0
25559,6421,63,0
25560,3254,63,0
25561,44817,63,0
25562,21103,63,0
25563,26064,63,0
25564,1421,63,0
25565,21850,63,0
25566,47852,63,0
25567,34364,63,0
25568,5171,63,0
25569,7297,63,0
25570,23840,63,0
25571,46953,63,0
25572,21186,63,0
25573,3286,63,0
25574,36942,63,0
25575,45203,63,0
25576,40633,63,0
25577,19296,63,0
25578,33243,63,0
25579,13568,63,0
25580,29615,63,0
25581,9136,63,0
25582,11919,63,0
25583,17188,63,0
25584,43099,63,0
25585,6715,63,0
25586,4535,63,0
25587,30916,63,0
25588,28887,63,0
25589,14257,63,0
25590,39392,63,0
25591,16044,63,0
25592,42856,63,0
25593,26914,63,0
25594,48326,63,0
25595,5875,63,0
25596,4769,63,0
25597,28308,63,0
25598,10382,63,0
25599,14232,63,0
25600,29453,63,0
25601,25115,63,0
25602,18310,63,0
25603,43225,63,0
25604,23660,63,0
25605,7089,63,0
25606,12580,63,0
25607,28324,63,0
25608,34340,63,0
25609,7348,63,0
25610,30357,63,0
25611,28528,63,0
25612,13069,63,0
25613,38088,63,0
25614,22596,63,0
25615,30808,63,0
25616,1482,63,0
25617,31919,63,0
25618,17477,63,0
25619,40033,63,0
25620,4117,63,0
25621,9545,63,0
25622,46072,63,0
25623,26900,63,0
25624,753,63,0
25625,24297,63,0
25626,9802,63,0
25627,5669,63,0
25628,46326,63,0
25629,46692,63,0
25630,36583,63,0
25631,7745,63,0
25632,45174,63,0
25633,11132,63,0
25634,20683,63,0
25635,10892,63,0
25636,46856,63,0
25637,25098,63,0
25638,9721,63,0
25639,49996,63,0
25640,13027,63,0
25641,38248,63,0
25642,11437,63,0
25643,40439,63,0
25644,4313,63,0
25645,15612,63,0
25646,45525,63,0
25647,20137,63,0
25648,43860,63,0
25649,7698,63,0
25650,39848,63,0
25651,20821,63,0
25652,1473,63,0
25653,90,63,0
25654,1183,63,0
25655,30026,63,0
25656,45955,63,0
25657,6667,63,0
25658,46580,63,0
25659,20236,63,0
25660,36364,63,0
25661,32969,63,0
25662,29927,63,0
25663,23814,63,0
25664,16301,63,0
25665,28624,63,0
25666,49070,63,0
25667,2171,63,0
25668,15422,63,0
25669,23539,63,0
25670,19562,63,0
25671,19563,63,0
25672,18662,63,0
25673,24980,63,0
25674,38707,63,0
25675,49906,63,0
25676,6141,63,0
25677,25775,63,0
25678,42643,63,0
25679,29358,63,0
25680,10303,63,0
25681,28150,63,0
25682,45530,63,0
25683,15411,63,0
25684,19251,63,0
25685,25145,63,0
25686,1282,63,0
25687,24525,63,0
25688,46321,63,0
25689,16342,63,0
25690,33974,63,0
25691,9290,63,0
25692,39695,63,0
25693,50745,63,0
25694,3463,63,0
25695,42253,63,0
25696,21280,63,0
25697,39346,63,0
25698,3569,63,0
25699,37057,63,0
25700,17780,63,0
25701,23864,63,0
25702,8719,63,0
25703,18095,63,0
25704,50655,63,0
25705,41586,63,0
25706,11392,63,0
25707,37739,63,0
25708,24932,63,0
25709,4508,63,0
25710,27016,63,0
25711,33700,63,0
25712,20934,63,0
25713,42270,63,0
25714,44236,63,0
25715,29826,63,0
25716,1730,63,0
25717,29133,63,0
25718,3917,63,0
25719,42661,63,0
25720,24745,63,0
25721,2445,63,0
25722,21035,63,0
25723,32568,63,0
25724,46131,63,0
25725,29525,63,0
25726,8087,63,0
25727,19096,63,0
25728,33731,63,0
25729,4938,63,0
25730,12111,63,0
25731,40328,63,0
25732,16034,63,0
25733,49888,63,0
25734,40411,63,0
25735,35950,63,0
25736,9564,63,0
25737,17736,63,0
25738,49428,63,0
25739,6689,63,0
25740,16718,63,0
25741,3700,63,0
25742,9298,63,0
25743,18745,63,0
25744,37232,63,0
25745,46379,63,0
25746,15534,63,0
25747,16179,63,0
25748,14809,63,0
25749,8881,63,0
25750,30820,63,0
25751,20682,63,0
25752,34148,63,0
25753,33203,63,0
25754,16758,63,0
25755,16250,63,0
25756,22564,63,0
25757,1692,63,0
25758,49611,63,0
25759,35284,63,0
25760,13801,63,0
25761,11940,63,0
25762,44590,63,0
25763,47184,63,0
25764,43062,63,0
25765,50475,63,0
25766,44256,63,0
25767,45260,63,0
25768,13712,63,0
25769,30240,63,0
25770,17983,63,0
25771,41170,63,0
25772,11994,63,0
25773,8704,63,0
25774,2396,63,0
25775,29388,63,0
25776,564,63,0
25777,23552,63,0
25778,35383,63,0
25779,18208,63,0
25780,35547,63,0
25781,32606,63,0
25782,39539,63,0
25783,22207,63,0
25784,14684,63,0
25785,688,63,0
25786,12901,63,0
25787,35074,63,0
25788,3027,63,0
25789,7319,63,0
25790,47895,63,0
25791,24584,63,0
25792,38023,63,0
25793,32905,63,0
25794,13033,63,0
25795,37038,63,0
25796,44895,63,0
25797,9321,63,0
25798,17144,63,0
25799,2519,63,0
25800,3,63,0
25801,6721,63,0
25802,42421,63,0
25803,42133,63,0
25804,43521,63,0
25805,25411,63,0
25806,5961,63,0
25807,31574,63,0
25808,47672,63,0
25809,31999,63,0
25810,41390,63,0
25811,21111,63,0
25812,31496,63,0
25813,26911,63,0
25814,42441,63,0
25815,21807,63,0
25816,24171,63,0
25817,18059,63,0
25818,24426,63,0
25819,26627,63,0
25820,32174,63,0
25821,389,63,0
25822,37522,63,0
25823,7744,63,0
25824,47968,63,0
25825,24447,63,0
25826,23047,63,0
25827,17304,63,0
25828,14737,63,0
25829,18529,63,0
25830,21231,63,0
25831,13532,63,0
25832,18978,63,0
25833,35556,63,0
25834,36303,63,0
25835,37072,63,0
25836,22770,63,0
25837,34752,63,0
25838,128,63,0
25839,13956,63,0
25840,37243,63,0
25841,30055,63,0
25842,36361,63,0
25843,5611,63,0
25844,34025,63,0
25845,4305,63,0
25846,20773,63,0
25847,36278,63,0
25848,21572,63,0
25849,13742,63,0
25850,12561,63,0
25851,35404,63,0
25852,14728,63,0
25853,887,63,0
25854,31809,63,0
25855,3180,63,0
25856,12390,63,0
25857,34237,63,0
25858,50316,63,0
25859,43324,63,0
25860,43180,63,0
25861,28533,63,0
25862,35378,63,0
25863,40365,63,0
25864,20622,63,0
25865,26517,63,0
25866,33151,63,0
25867,47421,63,0
25868,24754,63,0
25869,34008,63,0
25870,10025,63,0
25871,42938,63,0
25872,18638,63,0
25873,35166,63,0
25874,42129,63,0
25875,20628,63,0
25876,21428,63,0
25877,4002,63,0
25878,45133,63,0
25879,26589,63,0
25880,42860,63,0
25881,10830,63,0
25882,50676,63,0
25883,1998,63,0
25884,24089,63,0
25885,8626,63,0
25886,27824,63,0
25887,33167,63,0
25888,5460,63,0
25889,40081,63,0
25890,41318,63,0
25891,49361,63,0
25892,37134,63,0
25893,3480,63,0
25894,25996,63,0
25895,49747,63,0
25896,31933,63,0
25897,40792,63,0
25898,36929,63,0
25899,22582,63,0
25900,32273,63,0
25901,23192,63,0
25902,411,63,0
25903,4981,63,0
25904,37385,63,0
25905,9606,63,0
25906,46512,63,0
25907,8121,63,0
25908,18670,63,0
25909,47767,63,0
25910,1497,63,0
25911,29928,63,0
25912,9252,63,0
25913,43243,63,0
25914,1492,63,0
25915,46735,63,0
25916,29384,63,0
25917,596,63,0
25918,24872,63,0
25919,4771,63,0
25920,23597,63,0
25921,45457,63,0
25922,22013,63,0
25923,40998,63,0
25924,6432,63,0
25925,26811,63,0
25926,11346,63,0
25927,4642,63,0
25928,4163,63,0
25929,24101,63,0
25930,44070,63,0
25931,48423,63,0
25932,131,63,0
25933,7976,63,0
25934,14913,63,0
25935,30642,63,0
25936,21202,63,0
25937,12890,63,0
25938,28520,63,0
25939,1085,63,0
25940,37337,63,0
25941,31353,63,0
25942,29520,63,0
25943,48033,63,0
25944,28712,63,0
25945,44375,63,0
25946,38260,63,0
25947,35160,63,0
25948,32687,63,0
25949,35318,63,0
25950,2213,63,0
25951,49457,63,0
25952,44985,63,0
25953,25275,63,0
25954,22531,63,0
25955,29227,63,0
25956,3389,63,0
25957,45700,63,0
25958,14528,63,0
25959,11326,63,0
25960,10273,63,0
25961,8675,63,0
25962,50782,63,0
25963,34499,63,0
25964,15938,63,0
25965,2530,63,0
25966,23053,63,0
25967,31836,63,0
25968,21275,63,0
25969,24379,63,0
25970,47950,63,0
25971,27003,63,0
25972,35186,63,0
25973,41880,63,0
25974,6031,63,0
25975,2809,63,0
25976,16308,63,0
25977,11934,63,0
25978,27838,63,0
25979,29127,63,0
25980,32766,63,0
25981,9493,63,0
25982,3319,63,0
25983,24073,63,0
25984,32360,63,0
25985,589,63,0
25986,16433,63,0
25987,13068,63,0
25988,21808,63,0
25989,21206,63,0
25990,19186,63,0
25991,1144,63,0
25992,29417,63,0
25993,36792,63,0
25994,39046,63,0
25995,33601,63,0
25996,22937,63,0
25997,21601,63,0
25998,8731,63,0
25999,21390,63,0
26000,32907,63,0
26001,43066,63,0
26002,5849,63,0
26003,37812,63,0
26004,30735,63,0
26005,2376,63,0
26006,3276,63,0
26007,28295,63,0
26008,15613,63,0
26009,24572,63,0
26010,3955,63,0
26011,26303,63,0
26012,18570,63,0
26013,49811,63,0
26014,25786,63,0
26015,2751,63,0
26016,28817,63,0
26017,30449,63,0
26018,554,63,0
26019,40514,63,0
26020,1252,63,0
26021,13933,63,0
26022,14254,63,0
26023,21957,63,0
26024,21222,63,0
26025,20354,63,0
26026,17654,63,0
26027,17185,63,0
26028,41164,63,0
26029,29069,63,0
26030,6847,63,0
26031,7634,63,0
26032,20468,63,0
26033,45297,63,0
26034,32490,63,0
26035,5418,63,0
26036,26545,63,0
26037,33560,63,0
26038,16847,63,0
26039,5995,63,0
26040,19473,63,0
26041,3316,63,0
26042,22217,63,0
26043,27389,63,0
26044,27287,63,0
26045,42456,63,0
26046,28829,63,0
26047,45355,63,0
26048,24207,63,0
26049,24396,63,0
26050,6683,63,0
26051,32865,63,0
26052,48132,63,0
26053,37706,63,0
26054,32055,63,0
26055,11419,63,0
26056,19388,63,0
26057,31707,63,0
26058,17261,63,0
26059,18054,63,0
26060,38372,63,0
26061,17531,63,0
26062,21909,63,0
26063,31789,63,0
26064,26509,63,0
26065,575,63,0
26066,3852,63,0
26067,30311,63,0
26068,35604,63,0
26069,17841,63,0
26070,36719,63,0
26071,592,63,0
26072,440,63,0
26073,6950,63,0
26074,35939,63,0
26075,33369,63,0
26076,41518,63,0
26077,41494,63,0
26078,18507,63,0
26079,4126,63,0
26080,26895,63,0
26081,1378,63,0
26082,23813,63,0
26083,23733,63,0
26084,24582,63,0
26085,44053,63,0
26086,24543,63,0
26087,15350,63,0
26088,13873,63,0
26089,28898,63,0
26090,42962,63,0
26091,29635,63,0
26092,39849,63,0
26093,4403,63,0
26094,24702,63,0
26095,23310,63,0
26096,30624,63,0
26097,9859,63,0
26098,29443,63,0
26099,19533,63,0
26100,3198,63,0
26101,6676,63,0
26102,315,63,0
26103,41317,63,0
26104,39327,63,0
26105,23255,63,0
26106,23372,63,0
26107,30603,63,0
26108,22809,63,0
26109,36039,63,0
26110,42728,63,0
26111,27671,63,0
26112,16267,63,0
26113,36243,63,0
26114,48561,63,0
26115,320,63,0
26116,46753,63,0
26117,10596,63,0
26118,15326,63,0
26119,24994,63,0
26120,40102,63,0
26121,38386,63,0
26122,28731,63,0
26123,5143,63,0
26124,38955,63,0
26125,37751,63,0
26126,18437,63,0
26127,23297,63,0
26128,1175,63,0
26129,32867,63,0
26130,44913,63,0
26131,24334,63,0
26132,34352,63,0
26133,47839,63,0
26134,573,63,0
26135,18727,63,0
26136,42307,63,0
26137,43823,63,0
26138,2589,63,0
26139,17860,63,0
26140,42628,63,0
26141,14540,63,0
26142,6280,63,0
26143,14433,63,0
26144,4644,63,0
26145,45299,63,0
26146,12203,63,0
26147,3006,63,0
26148,24746,63,0
26149,44485,63,0
26150,3633,63,0
26151,38468,63,0
26152,42734,63,0
26153,43283,63,0
26154,11065,63,0
26155,31828,63,0
26156,20451,63,0
26157,20853,63,0
26158,23251,63,0
26159,38478,63,0
26160,34989,63,0
26161,10243,63,0
26162,36295,63,0
26163,1604,63,0
26164,25127,63,0
26165,25817,63,0
26166,29974,63,0
26167,22182,63,0
26168,3593,63,0
26169,41354,63,0
26170,38577,63,0
26171,2558,63,0
26172,50668,63,0
26173,43842,63,0
26174,1454,63,0
26175,20353,63,0
26176,40332,63,0
26177,15577,63,0
26178,39028,63,0
26179,211,63,0
26180,21455,63,0
26181,58,63,0
26182,29217,63,0
26183,33114,63,0
26184,27859,63,0
26185,50243,63,0
26186,28444,63,0
26187,24567,63,0
26188,924,63,0
26189,13441,63,0
26190,39713,63,0
26191,28261,63,0
26192,22149,63,0
26193,9747,63,0
26194,33534,63,0
26195,8080,63,0
26196,2146,63,0
26197,39438,63,0
26198,7807,63,0
26199,21723,63,0
26200,34234,63,0
26201,12,63,0
26202,6753,63,0
26203,2374,63,0
26204,22270,63,0
26205,2508,63,0
26206,40211,63,0
26207,45252,63,0
26208,11551,63,0
26209,16345,63,0
26210,23868,63,0
26211,6842,63,0
26212,12797,63,0
26213,24393,63,0
26214,21670,63,0
26215,37113,63,0
26216,36258,63,0
26217,1905,63,0
26218,39031,63,0
26219,4762,63,0
26220,14320,63,0
26221,12796,63,0
26222,26188,63,0
26223,21100,63,0
26224,23861,63,0
26225,3261,63,0
26226,11922,63,0
26227,23570,63,0
26228,26131,63,0
26229,36284,63,0
26230,18372,63,0
26231,18043,63,0
26232,39851,63,0
26233,30600,63,0
26234,49738,63,0
26235,34764,63,0
26236,11262,63,0
26237,13522,63,0
26238,30935,63,0
26239,29361,63,0
26240,49550,63,0
26241,38919,63,0
26242,19598,63,0
26243,10196,63,0
26244,48445,63,0
26245,35704,63,0
26246,726,63,0
26247,49966,63,0
26248,28250,63,0
26249,33518,63,0
26250,36642,63,0
26251,28422,63,0
26252,45452,63,0
26253,36556,63,0
26254,9949,63,0
26255,15152,63,0
26256,41690,63,0
26257,6588,63,0
26258,13697,63,0
26259,18243,63,0
26260,8781,63,0
26261,48409,63,0
26262,33489,63,0
26263,14369,63,0
26264,43490,63,0
26265,36014,63,0
26266,27113,63,0
26267,43669,63,0
26268,184,63,0
26269,50587,63,0
26270,10715,63,0
26271,6897,63,0
26272,11200,63,0
26273,790,63,0
26274,49513,63,0
26275,22380,63,0
26276,32876,63,0
26277,39970,63,0
26278,7848,63,0
26279,26106,63,0
26280,40251,63,0
26281,9388,63,0
26282,7978,63,0
26283,25360,63,0
26284,20960,63,0
26285,38541,63,0
26286,6820,63,0
26287,23970,63,0
26288,1319,63,0
26289,4376,63,0
26290,3568,63,0
26291,27788,63,0
26292,48435,63,0
26293,46660,63,0
26294,24112,63,0
26295,9278,63,0
26296,10095,63,0
26297,9847,63,0
26298,49065,63,0
26299,11372,63,0
26300,3384,63,0
26301,19746,63,0
26302,21861,63,0
26303,42859,63,0
26304,16206,63,0
26305,28200,63,0
26306,2615,63,0
26307,1036,63,0
26308,30720,63,0
26309,13609,63,0
26310,23613,63,0
26311,4472,63,0
26312,6071,63,0
26313,24062,63,0
26314,1918,63,0
26315,38751,63,0
26316,18943,63,0
26317,43458,63,0
26318,16031,63,0
26319,7385,63,0
26320,26894,63,0
26321,31327,63,0
26322,37342,63,0
26323,31507,63,0
26324,28983,63,0
26325,12050,63,0
26326,9300,63,0
26327,618,63,0
26328,4905,63,0
26329,23279,63,0
26330,7574,63,0
26331,42047,63,0
26332,10617,63,0
26333,11613,63,0
26334,38601,63,0
26335,32143,63,0
26336,2603,63,0
26337,16820,63,0
26338,15726,63,0
26339,14165,63,0
26340,27502,63,0
26341,29731,63,0
26342,4,63,0
26343,28865,63,0
26344,21545,63,0
26345,11950,63,0
26346,4306,63,0
26347,32134,63,0
26348,29936,63,0
26349,36569,63,0
26350,19806,63,0
26351,48384,63,0
26352,47012,63,0
26353,24366,63,0
26354,35750,63,0
26355,43663,63,0
26356,34394,63,0
26357,28216,63,0
26358,29870,63,0
26359,1093,63,0
26360,25737,63,0
26361,21377,63,0
26362,42471,63,0
26363,1405,63,0
26364,1498,63,0
26365,22110,63,0
26366,31614,63,0
26367,22122,63,0
26368,15641,63,0
26369,39694,63,0
26370,101,63,0
26371,38813,63,0
26372,46659,63,0
26373,41609,63,0
26374,22371,63,0
26375,41032,63,0
26376,26,63,0
26377,33936,63,0
26378,29781,63,0
26379,12885,63,0
26380,12996,63,0
26381,11195,63,0
26382,6865,63,0
26383,36883,63,0
26384,40214,63,0
26385,31975,63,0
26386,20330,63,0
26387,46956,63,0
26388,27190,63,0
26389,49815,63,0
26390,49206,63,0
26391,15068,63,0
26392,9808,63,0
26393,3400,63,0
26394,10556,63,0
26395,10942,63,0
26396,19645,63,0
26397,43341,63,0
26398,9987,63,0
26399,39698,63,0
26400,40825,63,0
26401,47138,63,0
26402,29940,63,0
26403,13819,63,0
26404,47133,63,0
26405,28789,63,0
26406,26754,63,0
26407,33428,63,0
26408,21589,63,0
26409,14532,63,0
26410,41730,63,0
26411,31068,63,0
26412,15874,63,0
26413,11728,63,0
26414,28832,63,0
26415,20848,63,0
26416,46020,63,0
26417,15519,63,0
26418,18118,63,0
26419,19397,63,0
26420,49177,63,0
26421,5753,63,0
26422,8735,63,0
26423,33863,63,0
26424,25006,63,0
26425,8361,63,0
26426,8452,63,0
26427,178,63,0
26428,9573,63,0
26429,1837,63,0
26430,20929,63,0
26431,18446,63,0
26432,19864,63,0
26433,3762,63,0
26434,31471,63,0
26435,50120,63,0
26436,10437,63,0
26437,15222,63,0
26438,13019,63,0
26439,18194,63,0
26440,21579,63,0
26441,38746,63,0
26442,28193,63,0
26443,28019,63,0
26444,25128,63,0
26445,48631,63,0
26446,49148,63,0
26447,29654,63,0
26448,42433,63,0
26449,3031,63,0
26450,5808,63,0
26451,10775,63,0
26452,33805,63,0
26453,2461,63,0
26454,45005,63,0
26455,16754,63,0
26456,25666,63,0
26457,29207,63,0
26458,743,63,0
26459,39432,63,0
26460,35896,63,0
26461,38477,63,0
26462,28729,63,0
26463,17174,63,0
26464,10572,63,0
26465,36599,63,0
26466,29473,63,0
26467,33580,63,0
26468,22630,63,0
26469,37730,63,0
26470,4511,63,0
26471,6829,63,0
26472,38646,63,0
26473,2334,63,0
26474,25987,63,0
26475,37263,63,0
26476,21960,63,0
26477,50654,63,0
26478,32992,63,0
26479,17451,63,0
26480,36608,63,0
26481,28613,63,0
26482,23697,63,0
26483,35368,63,0
26484,11233,63,0
26485,11895,63,0
26486,45158,63,0
26487,4659,63,0
26488,50834,63,0
26489,2105,63,0
26490,47670,63,0
26491,13562,63,0
26492,34013,63,0
26493,40079,63,0
26494,17625,63,0
26495,46873,63,0
26496,1494,63,0
26497,40413,63,0
26498,7465,63,0
26499,25625,63,0
26500,9175,63,0
26501,38900,63,0
26502,23582,63,0
26503,41667,63,0
26504,28400,63,0
26505,18853,63,0
26506,43059,63,0
26507,2960,63,0
26508,2770,63,0
26509,16018,63,0
26510,40449,63,0
26511,24715,63,0
26512,5468,63,0
26513,41534,63,0
26514,32619,63,0
26515,35143,63,0
26516,10971,63,0
26517,7106,63,0
26518,8379,63,0
26519,9655,63,0
26520,36844,63,0
26521,15101,63,0
26522,6253,63,0
26523,21845,63,0
26524,3732,63,0
26525,40241,63,0
26526,48761,63,0
26527,43538,63,0
26528,16426,63,0
26529,10175,63,0
26530,8286,63,0
26531,15272,63,0
26532,24391,63,0
26533,42191,63,0
26534,48394,63,0
26535,50419,63,0
26536,50658,63,0
26537,10432,63,0
26538,1556,63,0
26539,661,63,0
26540,37095,63,0
26541,28755,63,0
26542,14359,63,0
26543,21417,63,0
26544,45184,63,0
26545,16697,63,0
26546,34789,63,0
26547,12600,63,0
26548,50887,63,0
26549,27512,63,0
26550,5703,63,0
26551,26619,63,0
26552,17036,63,0
26553,41196,63,0
26554,47571,63,0
26555,29991,63,0
26556,26846,63,0
26557,44454,63,0
26558,21615,63,0
26559,27546,63,0
26560,38882,63,0
26561,37421,63,0
26562,11421,63,0
26563,8460,63,0
26564,45007,63,0
26565,15213,63,0
26566,23423,63,0
26567,15366,63,0
26568,578,63,0
26569,36640,63,0
26570,45656,63,0
26571,4078,63,0
26572,19363,63,0
26573,44689,63,0
26574,33001,63,0
26575,22346,63,0
26576,28175,63,0
26577,10698,63,0
26578,23526,63,0
26579,32438,63,0
26580,35919,63,0
26581,50078,63,0
26582,30790,63,0
26583,38,63,0
26584,44293,63,0
26585,44128,63,0
26586,1090,63,0
26587,1904,63,0
26588,17214,63,0
26589,45514,63,0
26590,3382,63,0
26591,4539,63,0
26592,49723,63,0
26593,22027,63,0
26594,40175,63,0
26595,45974,63,0
26596,19342,63,0
26597,50388,63,0
26598,5651,63,0
26599,41936,63,0
26600,17096,63,0
26601,19925,63,0
26602,13448,63,0
26603,12292,63,0
26604,37439,63,0
26605,22046,63,0
26606,20503,63,0
26607,41104,63,0
26608,26941,63,0
26609,16300,63,0
26610,22474,63,0
26611,7294,63,0
26612,1441,63,0
26613,34982,63,0
26614,23960,63,0
26615,48283,63,0
26616,39360,63,0
26617,49641,63,0
26618,16420,63,0
26619,3098,63,0
26620,41867,63,0
26621,322,63,0
26622,46583,63,0
26623,6970,63,0
26624,45270,63,0
26625,43905,63,0
26626,6677,63,0
26627,18696,63,0
26628,46515,63,0
26629,18073,63,0
26630,45709,63,0
26631,32817,63,0
26632,39502,63,0
26633,1456,63,0
26634,39780,63,0
26635,40163,63,0
26636,23309,63,0
26637,22483,63,0
26638,12806,63,0
26639,97,63,0
26640,36308,63,0
26641,3522,63,0
26642,11142,63,0
26643,6849,63,0
26644,24819,63,0
26645,26022,63,0
26646,38607,63,0
26647,23812,63,0
26648,31508,63,0
26649,12143,63,0
26650,47131,63,0
26651,45891,63,0
26652,21966,63,0
26653,10797,63,0
26654,21217,63,0
26655,41642,63,0
26656,33621,63,0
26657,22019,63,0
26658,17844,63,0
26659,8003,63,0
26660,7946,63,0
26661,39674,63,0
26662,35917,63,0
26663,49971,63,0
26664,8836,63,0
26665,32418,63,0
26666,26949,63,0
26667,33390,63,0
26668,14645,63,0
26669,30555,63,0
26670,8182,63,0
26671,37492,63,0
26672,47021,63,0
26673,24234,63,0
26674,14455,63,0
26675,343,63,0
26676,24346,63,0
26677,29767,63,0
26678,3069,63,0
26679,35367,63,0
26680,44305,63,0
26681,22637,63,0
26682,747,63,0
26683,9015,63,0
26684,9394,63,0
26685,41568,63,0
26686,5857,63,0
26687,28108,63,0
26688,24685,63,0
26689,31355,63,0
26690,10980,63,0
26691,44469,63,0
26692,17932,63,0
26693,41228,63,0
26694,9490,63,0
26695,9171,63,0
26696,3344,63,0
26697,46266,63,0
26698,8647,63,0
26699,20071,63,0
26700,38428,63,0
26701,6894,63,0
26702,20972,63,0
26703,6956,63,0
26704,36519,63,0
26705,3851,63,0
26706,15785,63,0
26707,33096,63,0
26708,11544,63,0
26709,14541,63,0
26710,4467,63,0
26711,4592,63,0
26712,16657,63,0
26713,43292,63,0
26714,46984,63,0
26715,38300,63,0
26716,29711,63,0
26717,47777,63,0
26718,14872,63,0
26719,48986,63,0
26720,25434,63,0
26721,19118,63,0
26722,4741,63,0
26723,26999,63,0
26724,37487,63,0
26725,10564,63,0
26726,4993,63,0
26727,905,63,0
26728,18809,63,0
26729,13207,63,0
26730,3924,63,0
26731,16216,63,0
26732,45362,63,0
26733,2250,63,0
26734,4510,63,0
26735,34503,63,0
26736,28657,63,0
26737,692,63,0
26738,41580,63,0
26739,48241,63,0
26740,1724,63,0
26741,22171,63,0
26742,45973,63,0
26743,35447,63,0
26744,42011,63,0
26745,399,63,0
26746,48606,63,0
26747,8475,63,0
26748,4319,63,0
26749,43353,63,0
26750,45757,63,0
26751,9581,63,0
26752,17668,63,0
26753,42736,63,0
26754,28621,63,0
26755,33866,63,0
26756,35577,63,0
26757,47749,63,0
26758,20355,63,0
26759,18421,63,0
26760,30161,63,0
26761,46848,63,0
26762,46738,63,0
26763,26470,63,0
26764,2202,63,0
26765,25066,63,0
26766,6751,63,0
26767,30326,63,0
26768,29409,63,0
26769,41717,63,0
26770,15987,63,0
26771,33684,63,0
26772,3364,63,0
26773,3796,63,0
26774,2983,63,0
26775,4657,63,0
26776,42136,63,0
26777,46869,63,0
26778,32537,63,0
26779,27508,63,0
26780,35929,63,0
26781,10213,63,0
26782,7681,63,0
26783,33073,63,0
26784,17354,63,0
26785,27923,63,0
26786,18780,63,0
26787,37475,63,0
26788,47246,63,0
26789,31398,63,0
26790,20443,63,0
26791,21445,63,0
26792,43788,63,0
26793,27849,63,0
26794,14205,63,0
26795,38022,63,0
26796,2691,63,0
26797,28394,63,0
26798,22121,63,0
26799,22395,63,0
26800,20145,63,0
26801,27404,63,0
26802,10588,63,0
26803,563,63,0
26804,6955,63,0
26805,1369,63,0
26806,45382,63,0
26807,28676,63,0
26808,8220,63,0
26809,10587,63,0
26810,29899,63,0
26811,45976,63,0
26812,44338,63,0
26813,30565,63,0
26814,44841,63,0
26815,42528,63,0
26816,40262,63,0
26817,5511,63,0
26818,46229,63,0
26819,30444,63,0
26820,9822,63,0
26821,38080,63,0
26822,20200,63,0
26823,22126,63,0
26824,16256,63,0
26825,45482,63,0
26826,50641,63,0
26827,15345,63,0
26828,32303,63,0
26829,24880,63,0
26830,30264,63,0
26831,44625,63,0
26832,29234,63,0
26833,19301,63,0
26834,3628,63,0
26835,45466,63,0
26836,36391,63,0
26837,6234,63,0
26838,43127,63,0
26839,48907,63,0
26840,18041,63,0
26841,19631,63,0
26842,1628,63,0
26843,31520,63,0
26844,26813,63,0
26845,2234,63,0
26846,36255,63,0
26847,3698,63,0
26848,17982,63,0
26849,15170,63,0
26850,2737,63,0
26851,34570,63,0
26852,50034,63,0
26853,24305,63,0
26854,46493,63,0
26855,19600,63,0
26856,19862,63,0
26857,19261,63,0
26858,21658,63,0
26859,4858,63,0
26860,6127,63,0
26861,11869,63,0
26862,40737,63,0
26863,6795,63,0
26864,1831,63,0
26865,43728,63,0
26866,358,63,0
26867,4564,63,0
26868,10710,63,0
26869,8130,63,0
26870,34461,63,0
26871,48603,63,0
26872,8062,63,0
26873,38600,63,0
26874,17914,63,0
26875,12624,63,0
26876,27989,63,0
26877,32393,63,0
26878,18153,63,0
26879,9561,63,0
26880,30566,63,0
26881,17636,63,0
26882,41502,63,0
26883,16913,63,0
26884,16825,63,0
26885,37244,63,0
26886,13776,63,0
26887,39960,63,0
26888,1557,63,0
26889,39720,63,0
26890,4779,63,0
26891,14213,63,0
26892,33240,63,0
26893,42352,63,0
26894,9216,63,0
26895,37448,63,0
26896,32953,63,0
26897,22671,63,0
26898,27089,63,0
26899,1668,63,0
26900,45298,63,0
26901,21057,63,0
26902,21459,63,0
26903,3846,63,0
26904,16237,63,0
26905,25407,63,0
26906,45343,63,0
26907,3681,63,0
26908,2214,63,0
26909,6845,63,0
26910,22493,63,0
26911,25215,63,0
26912,39670,63,0
26913,6463,63,0
26914,10627,63,0
26915,27746,63,0
26916,46333,63,0
26917,17883,63,0
26918,24607,63,0
26919,8804,63,0
26920,10434,63,0
26921,35062,63,0
26922,28354,63,0
26923,40651,63,0
26924,17398,63,0
26925,13978,63,0
26926,37926,63,0
26927,40317,63,0
26928,2134,63,0
26929,19269,63,0
26930,23390,63,0
26931,2231,63,0
26932,29125,63,0
26933,43299,63,0
26934,17364,63,0
26935,4822,63,0
26936,43166,63,0
26937,26586,63,0
26938,44282,63,0
26939,49921,63,0
26940,21602,63,0
26941,8445,63,0
26942,15359,63,0
26943,47706,63,0
26944,49781,63,0
26945,37904,63,0
26946,15208,63,0
26947,44232,63,0
26948,5024,63,0
26949,124,63,0
26950,19891,63,0
26951,38361,63,0
26952,9294,63,0
26953,8715,63,0
26954,20136,63,0
26955,41135,63,0
26956,28927,63,0
26957,22936,63,0
26958,28564,63,0
26959,3825,63,0
26960,15274,63,0
26961,17323,63,0
26962,28320,63,0
26963,45172,63,0
26964,40306,63,0
26965,25881,63,0
26966,39364,63,0
26967,44138,63,0
26968,42513,63,0
26969,34326,63,0
26970,216,63,0
26971,10832,63,0
26972,42757,63,0
26973,12664,63,0
26974,14617,63,0
26975,32896,63,0
26976,19929,63,0
26977,20411,63,0
26978,23043,63,0
26979,6573,63,0
26980,2665,63,0
26981,19865,63,0
26982,23059,63,0
26983,20724,63,0
26984,48846,63,0
26985,8643,63,0
26986,48232,63,0
26987,19530,63,0
26988,20922,63,0
26989,8333,63,0
26990,41105,63,0
26991,19485,63,0
26992,9101,63,0
26993,10153,63,0
26994,28257,63,0
26995,35242,63,0
26996,34185,63,0
26997,12865,63,0
26998,1412,63,0
26999,2111,63,0
27000,3775,63,0
27001,45586,63,0
27002,18636,63,0
27003,8074,63,0
27004,22885,63,0
27005,6259,63,0
27006,6625,63,0
27007,48237,63,0
27008,1254,63,0
27009,36407,63,0
27010,3208,63,0
27011,19200,63,0
27012,2452,63,0
27013,1608,63,0
27014,43025,63,0
27015,11933,63,0
27016,36500,63,0
27017,38839,63,0
27018,43021,63,0
27019,49571,63,0
27020,13721,63,0
27021,5905,63,0
27022,2938,63,0
27023,49069,63,0
27024,6257,63,0
27025,20295,63,0
27026,44743,63,0
27027,39080,63,0
27028,15917,63,0
27029,7229,63,0
27030,26103,63,0
27031,49234,63,0
27032,3707,63,0
27033,17948,63,0
27034,981,63,0
27035,45870,63,0
27036,36742,63,0
27037,33563,63,0
27038,3821,63,0
27039,12028,63,0
27040,15239,63,0
27041,13775,63,0
27042,6390,63,0
27043,33404,63,0
27044,34988,63,0
27045,4203,63,0
27046,42210,63,0
27047,36726,63,0
27048,8184,63,0
27049,30468,63,0
27050,3871,63,0
27051,35366,63,0
27052,22892,63,0
27053,5920,63,0
27054,23980,63,0
27055,19967,63,0
27056,26071,63,0
27057,37150,63,0
27058,46346,63,0
27059,48256,63,0
27060,7589,63,0
27061,45397,63,0
27062,19188,63,0
27063,24653,63,0
27064,53,63,0
27065,33785,63,0
27066,19150,63,0
27067,1852,63,0
27068,26190,63,0
27069,35209,63,0
27070,27010,63,0
27071,48680,63,0
27072,1045,63,0
27073,7671,63,0
27074,31585,63,0
27075,49642,63,0
27076,45095,63,0
27077,32574,63,0
27078,14726,63,0
27079,8309,63,0
27080,10869,63,0
27081,6803,63,0
27082,26513,63,0
27083,917,63,0
27084,41090,63,0
27085,30063,63,0
27086,26096,63,0
27087,32005,63,0
27088,10468,63,0
27089,46540,63,0
27090,50006,63,0
27091,46298,63,0
27092,21126,63,0
27093,35729,63,0
27094,20998,63,0
27095,33118,63,0
27096,25769,63,0
27097,39879,63,0
27098,11179,63,0
27099,10155,63,0
27100,44121,63,0
27101,30626,63,0
27102,16149,63,0
27103,3619,63,0
27104,4974,63,0
27105,5953,63,0
27106,16969,63,0
27107,5244,63,0
27108,46016,63,0
27109,18084,63,0
27110,1522,63,0
27111,41331,63,0
27112,19372,63,0
27113,23954,63,0
27114,29558,63,0
27115,13303,63,0
27116,3143,63,0
27117,26014,63,0
27118,49854,63,0
27119,7252,63,0
27120,47585,63,0
27121,19711,63,0
27122,38782,63,0
27123,7813,63,0
27124,4964,63,0
27125,38027,63,0
27126,21503,63,0
27127,23148,63,0
27128,38312,63,0
27129,23126,63,0
27130,33800,63,0
27131,49871,63,0
27132,30556,63,0
27133,43378,63,0
27134,47387,63,0
27135,36445,63,0
27136,23079,63,0
27137,4290,63,0
27138,21411,63,0
27139,13575,63,0
27140,46488,63,0
27141,13602,63,0
27142,436,63,0
27143,31513,63,0
27144,1341,63,0
27145,4382,63,0
27146,22938,63,0
27147,25722,63,0
27148,39395,63,0
27149,44241,63,0
27150,22985,63,0
27151,14,63,0
27152,48501,63,0
27153,22713,63,0
27154,9066,63,0
27155,6275,63,0
27156,45377,63,0
27157,32466,63,0
27158,9074,63,0
27159,32990,63,0
27160,32423,63,0
27161,45058,63,0
27162,31046,63,0
27163,21742,63,0
27164,12250,63,0
27165,22615,63,0
27166,23037,63,0
27167,706,63,0
27168,35904,63,0
27169,49036,63,0
27170,50331,63,0
27171,22426,63,0
27172,34856,63,0
27173,1330,63,0
27174,1999,63,0
27175,1230,63,0
27176,48799,63,0
27177,45146,63,0
27178,18888,63,0
27179,45403,63,0
27180,37776,63,0
27181,3479,63,0
27182,226,63,0
27183,9265,63,0
27184,48951,63,0
27185,18801,63,0
27186,46794,63,0
27187,32386,63,0
27188,8418,63,0
27189,39195,63,0
27190,2595,63,0
27191,37000,63,0
27192,4978,63,0
27193,19103,63,0
27194,39409,63,0
27195,6527,63,0
27196,3275,63,0
27197,15251,63,0
27198,17461,63,0
27199,14865,63,0
27200,2304,63,0
27201,24687,63,0
27202,39241,63,0
27203,6359,63,0
27204,1081,63,0
27205,846,63,0
27206,38891,63,0
27207,40911,63,0
27208,22546,63,0
27209,39742,63,0
27210,47270,63,0
27211,48668,63,0
27212,4476,63,0
27213,28584,63,0
27214,38161,63,0
27215,249,63,0
27216,7920,63,0
27217,14957,63,0
27218,46702,63,0
27219,22072,63,0
27220,48280,63,0
27221,19691,63,0
27222,1960,63,0
27223,10676,63,0
27224,16716,63,0
27225,22325,63,0
27226,29025,63,0
27227,35742,63,0
27228,15552,63,0
27229,28562,63,0
27230,38537,63,0
27231,11752,63,0
27232,19237,63,0
27233,36050,63,0
27234,44799,63,0
27235,21238,63,0
27236,19863,63,0
27237,28540,63,0
27238,1619,63,0
27239,43660,63,0
27240,42144,63,0
27241,12563,63,0
27242,10955,63,0
27243,25911,63,0
27244,8553,63,0
27245,31512,63,0
27246,1386,63,0
27247,32845,63,0
27248,45711,63,0
27249,16902,63,0
27250,36146,63,0
27251,17810,63,0
27252,27112,63,0
27253,47707,63,0
27254,3710,63,0
27255,29381,63,0
27256,50108,63,0
27257,22607,63,0
27258,41347,63,0
27259,9005,63,0
27260,4039,63,0
27261,46706,63,0
27262,41268,63,0
27263,43345,63,0
27264,8968,63,0
27265,2993,63,0
27266,28890,63,0
27267,14255,63,0
27268,39065,63,0
27269,38814,63,0
27270,10034,63,0
27271,44947,63,0
27272,43400,63,0
27273,34801,63,0
27274,34506,63,0
27275,46092,63,0
27276,34759,63,0
27277,50250,63,0
27278,31404,63,0
27279,20984,63,0
27280,2661,63,0
27281,11135,63,0
27282,20928,63,0
27283,239,63,0
27284,23157,63,0
27285,20524,63,0
27286,36215,63,0
27287,29325,63,0
27288,25495,63,0
27289,25785,63,0
27290,40261,63,0
27291,3415,63,0
27292,17647,63,0
27293,1118,63,0
27294,18532,63,0
27295,23136,63,0
27296,13820,63,0
27297,9468,63,0
27298,24187,63,0
27299,22240,63,0
27300,5912,63,0
27301,15782,63,0
27302,40967,63,0
27303,11971,63,0
27304,4113,63,0
27305,7929,63,0
27306,7776,63,0
27307,21708,63,0
27308,8999,63,0
27309,38403,63,0
27310,44291,63,0
27311,40553,63,0
27312,37365,63,0
27313,39847,63,0
27314,9337,63,0
27315,46149,63,0
27316,48383,63,0
27317,9510,63,0
27318,47592,63,0
27319,47473,63,0
27320,47918,63,0
27321,20210,63,0
27322,45983,63,0
27323,47049,63,0
27324,28399,63,0
27325,48584,63,0
27326,28017,63,0
27327,46993,63,0
27328,17699,63,0
27329,26008,63,0
27330,49203,63,0
27331,4066,63,0
27332,15487,63,0
27333,50576,63,0
27334,7732,63,0
27335,26961,63,0
27336,16070,63,0
27337,30314,63,0
27338,25594,63,0
27339,37867,63,0
27340,35887,63,0
27341,15056,63,0
27342,43572,63,0
27343,45822,63,0
27344,50134,63,0
27345,41169,63,0
27346,3215,63,0
27347,27540,63,0
27348,33050,63,0
27349,14824,63,0
27350,20955,63,0
27351,40052,63,0
27352,32400,63,0
27353,26791,63,0
27354,33572,63,0
27355,18828,63,0
27356,21004,63,0
27357,2431,63,0
27358,17524,63,0
27359,47013,63,0
27360,27060,63,0
27361,28652,63,0
27362,32377,63,0
27363,25605,63,0
27364,30546,63,0
27365,50294,63,0
27366,14699,63,0
27367,47981,63,0
27368,7582,63,0
27369,37974,63,0
27370,7256,63,0
27371,33606,63,0
27372,10575,63,0
27373,19173,63,0
27374,44253,63,0
27375,33500,63,0
27376,17457,63,0
27377,13699,63,0
27378,37854,63,0
27379,10741,63,0
27380,21141,63,0
27381,40767,63,0
27382,26616,63,0
27383,6914,63,0
27384,27842,63,0
27385,977,63,0
27386,43103,63,0
27387,47668,63,0
27388,18986,63,0
27389,37726,63,0
27390,8747,63,0
27391,7416,63,0
27392,44103,63,0
27393,30034,63,0
27394,29051,63,0
27395,41474,63,0
27396,8931,63,0
27397,5076,63,0
27398,47800,63,0
27399,39597,63,0
27400,30699,63,0
27401,20419,63,0
27402,3983,63,0
27403,17121,63,0
27404,38776,63,0
27405,3385,63,0
27406,12919,63,0
27407,25379,63,0
27408,12656,63,0
27409,33946,63,0
27410,10891,63,0
27411,40359,63,0
27412,14201,63,0
27413,22299,63,0
27414,10134,63,0
27415,42582,63,0
27416,3530,63,0
27417,1590,63,0
27418,16218,63,0
27419,19205,63,0
27420,13603,63,0
27421,149,63,0
27422,44949,63,0
27423,39912,63,0
27424,6898,63,0
27425,6497,63,0
27426,5867,63,0
27427,45593,63,0
27428,33190,63,0
27429,32748,63,0
27430,33966,63,0
27431,34082,63,0
27432,50143,63,0
27433,2876,63,0
27434,20534,63,0
27435,23163,63,0
27436,23548,63,0
27437,2855,63,0
27438,5442,63,0
27439,14471,63,0
27440,13092,63,0
27441,44223,63,0
27442,19322,63,0
27443,20083,63,0
27444,5980,63,0
27445,37340,63,0
27446,44681,63,0
27447,37992,63,0
27448,6703,63,0
27449,26566,63,0
27450,29956,63,0
27451,5501,63,0
27452,5671,63,0
27453,28018,63,0
27454,9496,63,0
27455,28413,63,0
27456,36157,63,0
27457,20466,63,0
27458,21233,63,0
27459,4953,63,0
27460,15536,63,0
27461,40390,63,0
27462,20460,63,0
27463,23675,63,0
27464,6927,63,0
27465,34448,63,0
27466,23696,63,0
27467,37319,63,0
27468,39895,63,0
27469,32451,63,0
27470,50137,63,0
27471,14301,63,0
27472,45511,63,0
27473,2381,63,0
27474,34603,63,0
27475,30740,63,0
27476,4470,63,0
27477,28080,63,0
27478,836,63,0
27479,38265,63,0
27480,49596,63,0
27481,31296,63,0
27482,23337,63,0
27483,50249,63,0
27484,27199,63,0
27485,31487,63,0
27486,24935,63,0
27487,16102,63,0
27488,26119,63,0
27489,21737,63,0
27490,14916,63,0
27491,8532,63,0
27492,44559,63,0
27493,13389,63,0
27494,20410,63,0
27495,43508,63,0
27496,38202,63,0
27497,28956,63,0
27498,30896,63,0
27499,19264,63,0
27500,1815,63,0
27501,30945,63,0
27502,15739,63,0
27503,6062,63,0
27504,1388,63,0
27505,3013,63,0
27506,245,63,0
27507,5772,63,0
27508,9258,63,0
27509,29101,63,0
27510,26109,63,0
27511,49140,63,0
27512,49503,63,0
27513,5537,63,0
27514,1535,63,0
27515,8301,63,0
27516,11082,63,0
27517,43,63,0
27518,18105,63,0
27519,27808,63,0
27520,43124,63,0
27521,17572,63,0
27522,10108,63,0
27523,9936,63,0
27524,18681,63,0
27525,47586,63,0
27526,12065,63,0
27527,41651,63,0
27528,44554,63,0
27529,39528,63,0
27530,46520,63,0
27531,21323,63,0
27532,36725,63,0
27533,1012,63,0
27534,30587,63,0
27535,45808,63,0
27536,37189,63,0
27537,38633,63,0
27538,28838,63,0
27539,10010,63,0
27540,1629,63,0
27541,37120,63,0
27542,45346,63,0
27543,1840,63,0
27544,5425,63,0
27545,36414,63,0
27546,10896,63,0
27547,28233,63,0
27548,37222,63,0
27549,42333,63,0
27550,1979,63,0
27551,32242,63,0
27552,1147,63,0
27553,28539,63,0
27554,1393,63,0
27555,22057,63,0
27556,25810,63,0
27557,16098,63,0
27558,24327,63,0
27559,36253,63,0
27560,25873,63,0
27561,33092,63,0
27562,50781,63,0
27563,46474,63,0
27564,14328,63,0
27565,19168,63,0
27566,8424,63,0
27567,11891,63,0
27568,30954,63,0
27569,16101,63,0
27570,39131,63,0
27571,28506,63,0
27572,27064,63,0
27573,21877,63,0
27574,12613,63,0
27575,25696,63,0
27576,5741,63,0
27577,30550,63,0
27578,6470,63,0
27579,14395,63,0
27580,16039,63,0
27581,13501,63,0
27582,36881,63,0
27583,49575,63,0
27584,15444,63,0
27585,22516,63,0
27586,27918,63,0
27587,11203,63,0
27588,17961,63,0
27589,34610,63,0
27590,32978,63,0
27591,15648,63,0
27592,38852,63,0
27593,1377,63,0
27594,38569,63,0
27595,30200,63,0
27596,11275,63,0
27597,29370,63,0
27598,47573,63,0
27599,3790,63,0
27600,27278,63,0
27601,19082,63,0
27602,25997,63,0
27603,37514,63,0
27604,3043,63,0
27605,12877,63,0
27606,5174,63,0
27607,20390,63,0
27608,31145,63,0
27609,10531,63,0
27610,2150,63,0
27611,7449,63,0
27612,32781,63,0
27613,49577,63,0
27614,50856,63,0
27615,32210,63,0
27616,15689,63,0
27617,1898,63,0
27618,49483,63,0
27619,44221,63,0
27620,19950,63,0
27621,18418,63,0
27622,11736,63,0
27623,1914,63,0
27624,37505,63,0
27625,31167,63,0
27626,38310,63,0
27627,40555,63,0
27628,3416,63,0
27629,14915,63,0
27630,50265,63,0
27631,16402,63,0
27632,36666,63,0
27633,9824,63,0
27634,28046,63,0
27635,30433,63,0
27636,45817,63,0
27637,38802,63,0
27638,31456,63,0
27639,8260,63,0
27640,36501,63,0
27641,2835,63,0
27642,36650,63,0
27643,16086,63,0
27644,1370,63,0
27645,46307,63,0
27646,18125,63,0
27647,2049,63,0
27648,11748,63,0
27649,8727,63,0
27650,35414,63,0
27651,18242,63,0
27652,2795,63,0
27653,32414,63,0
27654,19952,63,0
27655,41786,63,0
27656,4798,63,0
27657,49862,63,0
27658,14876,63,0
27659,40256,63,0
27660,42171,63,0
27661,37889,63,0
27662,35306,63,0
27663,48416,63,0
27664,15043,63,0
27665,14885,63,0
27666,18576,63,0
27667,27960,63,0
27668,15488,63,0
27669,3235,63,0
27670,13997,63,0
27671,19330,63,0
27672,49209,63,0
27673,1641,63,0
27674,4941,63,0
27675,34309,63,0
27676,16580,63,0
27677,6861,63,0
27678,28411,63,0
27679,31152,63,0
27680,28408,63,0
27681,22329,63,0
27682,25966,63,0
27683,474,63,0
27684,24216,63,0
27685,18127,63,0
27686,22641,63,0
27687,48142,63,0
27688,33813,63,0
27689,17621,63,0
27690,50467,63,0
27691,38276,63,0
27692,49218,63,0
27693,38730,63,0
27694,48050,63,0
27695,15817,63,0
27696,16104,63,0
27697,22599,63,0
27698,12424,63,0
27699,12572,63,0
27700,1209,63,0
27701,23032,63,0
27702,33110,63,0
27703,4583,63,0
27704,34781,63,0
27705,29688,63,0
27706,43303,63,0
27707,2271,63,0
27708,485,63,0
27709,18973,63,0
27710,31131,63,0
27711,3032,63,0
27712,10563,63,0
27713,49125,63,0
27714,40589,63,0
27715,2572,63,0
27716,28792,63,0
27717,10558,63,0
27718,26630,63,0
27719,5858,63,0
27720,49845,63,0
27721,11584,63,0
27722,46286,63,0
27723,5083,63,0
27724,29154,63,0
27725,45826,63,0
27726,37295,63,0
27727,7483,63,0
27728,7159,63,0
27729,48122,63,0
27730,49813,63,0
27731,11057,63,0
27732,19355,63,0
27733,6171,63,0
27734,30894,63,0
27735,10828,63,0
27736,46685,63,0
27737,16529,63,0
27738,4001,63,0
27739,8776,63,0
27740,43192,63,0
27741,1845,63,0
27742,6064,63,0
27743,29028,63,0
27744,5759,63,0
27745,2350,63,0
27746,6008,63,0
27747,28558,63,0
27748,17902,63,0
27749,15403,63,0
27750,10966,63,0
27751,46549,63,0
27752,26329,63,0
27753,36247,63,0
27754,15167,63,0
27755,26484,63,0
27756,39818,63,0
27757,47485,63,0
27758,11844,63,0
27759,44508,63,0
27760,22998,63,0
27761,45248,63,0
27762,5230,63,0
27763,6449,63,0
27764,2510,63,0
27765,28443,63,0
27766,45625,63,0
27767,38015,63,0
27768,26352,63,0
27769,21782,63,0
27770,46463,63,0
27771,30320,63,0
27772,15574,63,0
27773,7723,63,0
27774,645,63,0
27775,15047,63,0
27776,45553,63,0
27777,2174,63,0
27778,30979,63,0
27779,47048,63,0
27780,43857,63,0
27781,21021,63,0
27782,22084,63,0
27783,820,63,0
27784,3016,63,0
27785,30072,63,0
27786,32378,63,0
27787,44729,63,0
27788,23894,63,0
27789,17813,63,0
27790,18802,63,0
27791,48722,63,0
27792,30928,63,0
27793,17066,63,0
27794,48702,63,0
27795,10691,63,0
27796,47365,63,0
27797,44978,63,0
27798,36647,63,0
27799,42609,63,0
27800,22252,63,0
27801,16186,63,0
27802,15543,63,0
27803,31271,63,0
27804,11887,63,0
27805,41234,63,0
27806,21741,63,0
27807,17358,63,0
27808,40474,63,0
27809,16262,63,0
27810,7272,63,0
27811,12824,63,0
27812,2247,63,0
27813,47009,63,0
27814,36783,63,0
27815,9678,63,0
27816,47619,63,0
27817,33681,63,0
27818,44458,63,0
27819,17675,63,0
27820,854,63,0
27821,6629,63,0
27822,47554,63,0
27823,10525,63,0
27824,4014,63,0
27825,27449,63,0
27826,23596,63,0
27827,12734,63,0
27828,18736,63,0
27829,9702,63,0
27830,14188,63,0
27831,6562,63,0
27832,42466,63,0
27833,29491,63,0
27834,19731,63,0
27835,3723,63,0
27836,47587,63,0
27837,29253,63,0
27838,35442,63,0
27839,38838,63,0
27840,19197,63,0
27841,47185,63,0
27842,21367,63,0
27843,20250,63,0
27844,33935,63,0
27845,32243,63,0
27846,48525,63,0
27847,17734,63,0
27848,50802,63,0
27849,49137,63,0
27850,24912,63,0
27851,3164,63,0
27852,30232,63,0
27853,215,63,0
27854,5547,63,0
27855,5593,63,0
27856,12582,63,0
27857,44464,63,0
27858,48758,63,0
27859,8503,63,0
27860,36307,63,0
27861,41820,63,0
27862,41422,63,0
27863,6286,63,0
27864,48133,63,0
27865,267,63,0
27866,33611,63,0
27867,257,63,0
27868,35355,63,0
27869,29481,63,0
27870,41598,63,0
27871,39546,63,0
27872,20543,63,0
27873,8207,63,0
27874,35740,63,0
27875,25375,63,0
27876,47521,63,0
27877,10914,63,0
27878,50039,63,0
27879,7814,63,0
27880,4333,63,0
27881,39245,63,0
27882,11624,63,0
27883,43056,63,0
27884,36443,63,0
27885,30073,63,0
27886,47203,63,0
27887,43957,63,0
27888,42364,63,0
27889,28948,63,0
27890,7080,63,0
27891,31683,63,0
27892,2331,63,0
27893,21370,63,0
27894,608,63,0
27895,39581,63,0
27896,23101,63,0
27897,34504,63,0
27898,25886,63,0
27899,32488,63,0
27900,45180,63,0
27901,36729,63,0
27902,18297,63,0
27903,2266,63,0
27904,6204,63,0
27905,45185,63,0
27906,15044,63,0
27907,17403,63,0
27908,10862,63,0
27909,42659,63,0
27910,467,63,0
27911,18942,63,0
27912,22656,63,0
27913,37050,63,0
27914,48715,63,0
27915,45913,63,0
27916,4353,63,0
27917,40201,63,0
27918,35923,63,0
27919,40959,63,0
27920,19590,63,0
27921,8423,63,0
27922,41420,63,0
27923,34312,63,0
27924,28285,63,0
27925,10147,63,0
27926,42899,63,0
27927,42254,63,0
27928,24726,63,0
27929,41428,63,0
27930,6437,63,0
27931,11343,63,0
27932,32446,63,0
27933,4095,63,0
27934,37638,63,0
27935,30756,63,0
27936,43977,63,0
27937,20927,63,0
27938,37122,63,0
27939,46880,63,0
27940,39647,63,0
27941,43584,63,0
27942,39859,63,0
27943,49714,63,0
27944,45236,63,0
27945,2126,63,0
27946,18190,63,0
27947,39561,63,0
27948,10266,63,0
27949,3787,63,0
27950,23782,63,0
27951,31539,63,0
27952,21835,63,0
27953,37374,63,0
27954,15172,63,0
27955,15472,63,0
27956,43659,63,0
27957,28518,63,0
27958,12879,63,0
27959,50682,63,0
27960,18707,63,0
27961,28861,63,0
27962,385,63,0
27963,526,63,0
27964,20318,63,0
27965,49578,63,0
27966,34662,63,0
27967,3375,63,0
27968,7966,63,0
27969,12041,63,0
27970,2307,63,0
27971,41109,63,0
27972,47880,63,0
27973,19415,63,0
27974,21970,63,0
27975,30606,63,0
27976,43055,63,0
27977,50332,63,0
27978,46268,63,0
27979,32678,63,0
27980,5984,63,0
27981,5771,63,0
27982,10534,63,0
27983,15383,63,0
27984,5210,63,0
27985,28649,63,0
27986,32651,63,0
27987,31767,63,0
27988,38127,63,0
27989,17641,63,0
27990,26466,63,0
27991,28162,63,0
27992,2003,63,0
27993,38074,63,0
27994,46963,63,0
27995,23906,63,0
27996,29317,63,0
27997,24289,63,0
27998,15692,63,0
27999,10864,63,0
28000,4210,63,0
28001,40840,63,0
28002,25538,63,0
28003,7347,63,0
28004,49152,63,0
28005,49915,63,0
28006,2285,63,0
28007,48595,63,0
28008,46598,63,0
28009,10420,63,0
28010,7763,63,0
28011,33431,63,0
28012,453,63,0
28013,13618,63,0
28014,44740,63,0
28015,50368,63,0
28016,28753,63,0
28017,38851,63,0
28018,4231,63,0
28019,4504,63,0
28020,30439,63,0
28021,2160,63,0
28022,34369,63,0
28023,38539,63,0
28024,39205,63,0
28025,47494,63,0
28026,20676,63,0
28027,11373,63,0
28028,48038,63,0
28029,3952,63,0
28030,5681,63,0
28031,22430,63,0
28032,36393,63,0
28033,9438,63,0
28034,5176,63,0
28035,8644,63,0
28036,43496,63,0
28037,46777,63,0
28038,19900,63,0
28039,246,63,0
28040,3742,63,0
28041,47669,63,0
28042,5350,63,0
28043,18917,63,0
28044,11779,63,0
28045,17519,63,0
28046,40343,63,0
28047,10431,63,0
28048,2955,63,0
28049,3572,63,0
28050,29845,63,0
28051,43854,63,0
28052,3159,63,0
28053,49817,63,0
28054,42663,63,0
28055,36133,63,0
28056,46243,63,0
28057,16064,63,0
28058,3381,63,0
28059,46893,63,0
28060,39576,63,0
28061,4434,63,0
28062,15611,63,0
28063,235,63,0
28064,35110,63,0
28065,6999,63,0
28066,10844,63,0
28067,15320,63,0
28068,30782,63,0
28069,26693,63,0
28070,15725,63,0
28071,35530,63,0
28072,40845,63,0
28073,21451,63,0
28074,30872,63,0
28075,27810,63,0
28076,47177,63,0
28077,13233,63,0
28078,2059,63,0
28079,33949,63,0
28080,21834,63,0
28081,47088,63,0
28082,13031,63,0
28083,39899,63,0
28084,5247,63,0
28085,13600,63,0
28086,45584,63,0
28087,30381,63,0
28088,43603,63,0
28089,8636,63,0
28090,11118,63,0
28091,12243,63,0
28092,48301,63,0
28093,37932,63,0
28094,32729,63,0
28095,28798,63,0
28096,5105,63,0
28097,29788,63,0
28098,462,63,0
28099,30237,63,0
28100,38472,63,0
28101,12074,63,0
28102,8270,63,0
28103,42345,63,0
28104,41108,63,0
28105,476,63,0
28106,11256,63,0
28107,27351,63,0
28108,47460,63,0
28109,46736,63,0
28110,5117,63,0
28111,9700,63,0
28112,49304,63,0
28113,30811,63,0
28114,21813,63,0
28115,31903,63,0
28116,37494,63,0
28117,44478,63,0
28118,22602,63,0
28119,6698,63,0
28120,34561,63,0
28121,29564,63,0
28122,11466,63,0
28123,7856,63,0
28124,38264,63,0
28125,21739,63,0
28126,50071,63,0
28127,9567,63,0
28128,11400,63,0
28129,30133,63,0
28130,26828,63,0
28131,34372,63,0
28132,7977,63,0
28133,28096,63,0
28134,20824,63,0
28135,22696,63,0
28136,902,63,0
28137,18528,63,0
28138,39747,63,0
28139,22743,63,0
28140,34089,63,0
28141,49551,63,0
28142,13500,63,0
28143,46730,63,0
28144,9174,63,0
28145,13623,63,0
28146,41080,63,0
28147,21044,63,0
28148,24673,63,0
28149,17271,63,0
28150,50699,63,0
28151,44753,63,0
28152,22297,63,0
28153,10681,63,0
28154,1820,63,0
28155,31378,63,0
28156,47139,63,0
28157,30691,63,0
28158,13647,63,0
28159,6350,63,0
28160,32837,63,0
28161,45010,63,0
28162,16807,63,0
28163,3251,63,0
28164,13815,63,0
28165,18885,63,0
28166,35089,63,0
28167,6016,63,0
28168,32707,63,0
28169,21918,63,0
28170,42265,63,0
28171,33531,63,0
28172,16443,63,0
28173,1075,63,0
28174,6472,63,0
28175,14519,63,0
28176,25253,63,0
28177,31626,63,0
28178,44868,63,0
28179,29241,63,0
28180,2092,63,0
28181,19767,63,0
28182,49702,63,0
28183,10829,63,0
28184,46211,63,0
28185,29463,63,0
28186,49858,63,0
28187,11429,63,0
28188,5927,63,0
28189,8331,63,0
28190,45116,63,0
28191,36997,63,0
28192,36732,63,0
28193,4838,63,0
28194,44058,63,0
28195,3987,63,0
28196,15112,63,0
28197,13588,63,0
28198,42386,63,0
28199,40110,63,0
28200,24309,63,0
28201,15941,63,0
28202,49227,63,0
28203,3292,63,0
28204,27004,63,0
28205,42053,63,0
28206,48208,63,0
28207,16319,63,0
28208,19911,63,0
28209,1082,63,0
28210,27206,63,0
28211,19570,63,0
28212,41445,63,0
28213,3625,63,0
28214,33271,63,0
28215,38905,63,0
28216,26218,63,0
28217,10113,63,0
28218,24304,63,0
28219,9755,63,0
28220,27638,63,0
28221,19421,63,0
28222,32088,63,0
28223,24241,63,0
28224,7713,63,0
28225,2964,63,0
28226,15532,63,0
28227,35137,63,0
28228,45876,63,0
28229,30035,63,0
28230,44449,63,0
28231,22308,63,0
28232,17921,63,0
28233,16798,63,0
28234,20559,63,0
28235,13847,63,0
28236,10586,63,0
28237,42689,63,0
28238,50867,63,0
28239,33294,63,0
28240,46143,63,0
28241,3345,63,0
28242,38806,63,0
28243,15688,63,0
28244,37882,63,0
28245,14276,63,0
28246,14761,63,0
28247,10720,63,0
28248,18186,63,0
28249,40857,63,0
28250,45080,63,0
28251,2877,63,0
28252,46839,63,0
28253,9255,63,0
28254,39704,63,0
28255,9191,63,0
28256,41589,63,0
28257,18379,63,0
28258,40258,63,0
28259,49183,63,0
28260,13605,63,0
28261,49859,63,0
28262,24652,63,0
28263,30674,63,0
28264,4358,63,0
28265,96,63,0
28266,11318,63,0
28267,3642,63,0
28268,31418,63,0
28269,1021,63,0
28270,46040,63,0
28271,8550,63,0
28272,49255,63,0
28273,30734,63,0
28274,44359,63,0
28275,18429,63,0
28276,20398,63,0
28277,15074,63,0
28278,16564,63,0
28279,47953,63,0
28280,19779,63,0
28281,8259,63,0
28282,1128,63,0
28283,1545,63,0
28284,38011,63,0
28285,21760,63,0
28286,42814,63,0
28287,44198,63,0
28288,40665,63,0
28289,25062,63,0
28290,18592,63,0
28291,15377,63,0
28292,50287,63,0
28293,25342,63,0
28294,32321,63,0
28295,7927,63,0
28296,41453,63,0
28297,6822,63,0
28298,49007,63,0
28299,44570,63,0
28300,24632,63,0
28301,17268,63,0
28302,3093,63,0
28303,44846,63,0
28304,41959,63,0
28305,16191,63,0
28306,5228,63,0
28307,40210,63,0
28308,24239,63,0
28309,17769,63,0
28310,36908,63,0
28311,26411,63,0
28312,41260,63,0
28313,46802,63,0
28314,25799,63,0
28315,35765,63,0
28316,15650,63,0
28317,4209,63,0
28318,20345,63,0
28319,47879,63,0
28320,1182,63,0
28321,27331,63,0
28322,33579,63,0
28323,4944,63,0
28324,536,63,0
28325,36644,63,0
28326,8417,63,0
28327,32592,63,0
28328,38617,63,0
28329,45399,63,0
28330,11710,63,0
28331,28301,63,0
28332,28737,63,0
28333,18669,63,0
28334,39198,63,0
28335,46070,63,0
28336,22373,63,0
28337,25943,63,0
28338,27035,63,0
28339,11948,63,0
28340,49506,63,0
28341,40562,63,0
28342,13388,63,0
28343,35048,63,0
28344,8617,63,0
28345,50870,63,0
28346,38052,63,0
28347,21168,63,0
28348,7877,63,0
28349,46246,63,0
28350,24970,63,0
28351,31525,63,0
28352,1413,63,0
28353,21232,63,0
28354,25880,63,0
28355,43735,63,0
28356,49208,63,0
28357,383,63,0
28358,34197,63,0
28359,46299,63,0
28360,20310,63,0
28361,38787,63,0
28362,4520,63,0
28363,50356,63,0
28364,579,63,0
28365,30344,63,0
28366,33539,63,0
28367,37380,63,0
28368,35437,63,0
28369,37300,63,0
28370,47046,63,0
28371,40538,63,0
28372,46772,63,0
28373,44235,63,0
28374,33206,63,0
28375,31911,63,0
28376,36961,63,0
28377,37752,63,0
28378,9994,63,0
28379,40878,63,0
28380,35433,63,0
28381,6027,63,0
28382,2211,63,0
28383,19092,63,0
28384,49305,63,0
28385,23714,63,0
28386,650,63,0
28387,28938,63,0
28388,47080,63,0
28389,7467,63,0
28390,45134,63,0
28391,32719,63,0
28392,47100,63,0
28393,23574,63,0
28394,18464,63,0
28395,45585,63,0
28396,26920,63,0
28397,18077,63,0
28398,5142,63,0
28399,20179,63,0
28400,24899,63,0
28401,3317,63,0
28402,20946,63,0
28403,46497,63,0
28404,30258,63,0
28405,22078,63,0
28406,30059,63,0
28407,44350,63,0
28408,30743,63,0
28409,31323,63,0
28410,22143,63,0
28411,50597,63,0
28412,35100,63,0
28413,25527,63,0
28414,37500,63,0
28415,46335,63,0
28416,27355,63,0
28417,30340,63,0
28418,43266,63,0
28419,4585,63,0
28420,47299,63,0
28421,11225,63,0
28422,31754,63,0
28423,27029,63,0
28424,27475,63,0
28425,47351,63,0
28426,13494,63,0
28427,19458,63,0
28428,24749,63,0
28429,8214,63,0
28430,11921,63,0
28431,8562,63,0
28432,50472,63,0
28433,38381,63,0
28434,43249,63,0
28435,46517,63,0
28436,19603,63,0
28437,11039,63,0
28438,15295,63,0
28439,13793,63,0
28440,3990,63,0
28441,46219,63,0
28442,42770,63,0
28443,47099,63,0
28444,6037,63,0
28445,24211,63,0
28446,35631,63,0
28447,42271,63,0
28448,43650,63,0
28449,26476,63,0
28450,36995,63,0
28451,28699,63,0
28452,28764,63,0
28453,5386,63,0
28454,8106,63,0
28455,5895,63,0
28456,46665,63,0
28457,9715,63,0
28458,50539,63,0
28459,9798,63,0
28460,18331,63,0
28461,218,63,0
28462,18957,63,0
28463,22394,63,0
28464,29111,63,0
28465,20675,63,0
28466,30793,63,0
28467,28802,63,0
28468,11502,63,0
28469,13884,63,0
28470,38700,63,0
28471,8422,63,0
28472,42484,63,0
28473,8921,63,0
28474,32133,63,0
28475,44075,63,0
28476,40174,63,0
28477,21551,63,0
28478,46593,63,0
28479,8449,63,0
28480,40072,63,0
28481,6223,63,0
28482,4706,63,0
28483,31954,63,0
28484,33526,63,0
28485,15103,63,0
28486,3444,63,0
28487,50380,63,0
28488,2344,63,0
28489,37523,63,0
28490,34602,63,0
28491,41527,63,0
28492,12371,63,0
28493,44087,63,0
28494,34954,63,0
28495,20983,63,0
28496,35621,63,0
28497,14115,63,0
28498,21391,63,0
28499,19176,63,0
28500,22077,63,0
28501,4486,63,0
28502,18714,63,0
28503,16705,63,0
28504,36835,63,0
28505,27815,63,0
28506,39048,63,0
28507,46465,63,0
28508,285,63,0
28509,35807,63,0
28510,19505,63,0
28511,1663,63,0
28512,46991,63,0
28513,44711,63,0
28514,9666,63,0
28515,34577,63,0
28516,3049,63,0
28517,30300,63,0
28518,50803,63,0
28519,24735,63,0
28520,27280,63,0
28521,36110,63,0
28522,33342,63,0
28523,16175,63,0
28524,39449,63,0
28525,49365,63,0
28526,11449,63,0
28527,47194,63,0
28528,21310,63,0
28529,19479,63,0
28530,32982,63,0
28531,40392,63,0
28532,15966,63,0
28533,40892,63,0
28534,8203,63,0
28535,8463,63,0
28536,15193,63,0
28537,41926,63,0
28538,22225,63,0
28539,23768,63,0
28540,37249,63,0
28541,35488,63,0
28542,45300,63,0
28543,1162,63,0
28544,41558,63,0
28545,8387,63,0
28546,23457,63,0
28547,35650,63,0
28548,6424,63,0
28549,7,63,0
28550,3359,63,0
28551,20344,63,0
28552,45159,63,0
28553,26865,63,0
28554,42998,63,0
28555,46894,63,0
28556,43261,63,0
28557,17165,63,0
28558,8479,63,0
28559,33244,63,0
28560,6076,63,0
28561,27126,63,0
28562,19299,63,0
28563,23382,63,0
28564,33471,63,0
28565,2525,63,0
28566,32732,63,0
28567,27556,63,0
28568,24215,63,0
28569,27398,63,0
28570,21648,63,0
28571,20281,63,0
28572,32633,63,0
28573,16853,63,0
28574,22173,63,0
28575,27494,63,0
28576,14810,63,0
28577,49853,63,0
28578,17007,63,0
28579,41069,63,0
28580,5721,63,0
28581,25120,63,0
28582,44976,63,0
28583,50226,63,0
28584,7315,63,0
28585,7769,63,0
28586,27799,63,0
28587,5647,63,0
28588,35758,63,0
28589,42894,63,0
28590,49528,63,0
28591,46228,63,0
28592,4255,63,0
28593,2119,63,0
28594,31010,63,0
28595,3614,63,0
28596,4281,63,0
28597,28962,63,0
28598,19376,63,0
28599,15873,63,0
28600,38842,63,0
28601,11648,63,0
28602,1465,63,0
28603,21066,63,0
28604,36705,63,0
28605,18915,63,0
28606,43329,63,0
28607,13331,63,0
28608,41255,63,0
28609,12676,63,0
28610,10460,63,0
28611,19899,63,0
28612,3095,63,0
28613,28842,63,0
28614,2314,63,0
28615,20325,63,0
28616,8159,63,0
28617,8419,63,0
28618,45857,63,0
28619,45871,63,0
28620,12822,63,0
28621,20708,63,0
28622,49300,63,0
28623,26686,63,0
28624,32861,63,0
28625,2542,63,0
28626,19493,63,0
28627,12022,63,0
28628,33068,63,0
28629,4700,63,0
28630,38453,63,0
28631,13291,63,0
28632,43067,63,0
28633,43537,63,0
28634,36384,63,0
28635,44628,63,0
28636,27174,63,0
28637,48446,63,0
28638,50072,63,0
28639,970,63,0
28640,17663,63,0
28641,27162,63,0
28642,50915,63,0
28643,11902,63,0
28644,21353,63,0
28645,40533,63,0
28646,33631,63,0
28647,6867,63,0
28648,5485,63,0
28649,7724,63,0
28650,6009,63,0
28651,50020,63,0
28652,3353,63,0
28653,1962,63,0
28654,16011,63,0
28655,31095,63,0
28656,7008,63,0
28657,15729,63,0
28658,8974,63,0
28659,1766,63,0
28660,29941,63,0
28661,7914,63,0
28662,23757,63,0
28663,24508,63,0
28664,21683,63,0
28665,48759,63,0
28666,4571,63,0
28667,50556,63,0
28668,45790,63,0
28669,23443,63,0
28670,39554,63,0
28671,4300,63,0
28672,1817,63,0
28673,39678,63,0
28674,49681,63,0
28675,2656,63,0
28676,14111,63,0
28677,42787,63,0
28678,33281,63,0
28679,50715,63,0
28680,6136,63,0
28681,27244,63,0
28682,47701,63,0
28683,50912,63,0
28684,25892,63,0
28685,27263,63,0
28686,8613,63,0
28687,26212,63,0
28688,3992,63,0
28689,15800,63,0
28690,26788,63,0
28691,14991,63,0
28692,44556,63,0
28693,6931,63,0
28694,8599,63,0
28695,26530,63,0
28696,40220,63,0
28697,48964,63,0
28698,38585,63,0
28699,15622,63,0
28700,23951,63,0
28701,370,63,0
28702,38867,63,0
28703,10214,63,0
28704,33113,63,0
28705,24065,63,0
28706,38426,63,0
28707,933,63,0
28708,42316,63,0
28709,38392,63,0
28710,48960,63,0
28711,45494,63,0
28712,23275,63,0
28713,50270,63,0
28714,19828,63,0
28715,22979,63,0
28716,6905,63,0
28717,28942,63,0
28718,14715,63,0
28719,19102,63,0
28720,29625,63,0
28721,27397,63,0
28722,11758,63,0
28723,9431,63,0
28724,16703,63,0
28725,9861,63,0
28726,42154,63,0
28727,41530,63,0
28728,24267,63,0
28729,19654,63,0
28730,45453,63,0
28731,48302,63,0
28732,20536,63,0
28733,30649,63,0
28734,35518,63,0
28735,33486,63,0
28736,42490,63,0
28737,3439,63,0
28738,4735,63,0
28739,40956,63,0
28740,7092,63,0
28741,37724,63,0
28742,41431,63,0
28743,43810,63,0
28744,15845,63,0
28745,22041,63,0
28746,46822,63,0
28747,4308,63,0
28748,21221,63,0
28749,13899,63,0
28750,46043,63,0
28751,27643,63,0
28752,8824,63,0
28753,20217,63,0
28754,6000,63,0
28755,11527,63,0
28756,7016,63,0
28757,25428,63,0
28758,13041,63,0
28759,40574,63,0
28760,12651,63,0
28761,13661,63,0
28762,9515,63,0
28763,17110,63,0
28764,10377,63,0
28765,4286,63,0
28766,10921,63,0
28767,19780,63,0
28768,25040,63,0
28769,17409,63,0
28770,50719,63,0
28771,7402,63,0
28772,38458,63,0
28773,21096,63,0
28774,14480,63,0
28775,1930,63,0
28776,13024,63,0
28777,27203,63,0
28778,19202,63,0
28779,24485,63,0
28780,47079,63,0
28781,130,63,0
28782,21307,63,0
28783,15658,63,0
28784,15896,63,0
28785,38422,63,0
28786,8854,63,0
28787,47648,63,0
28788,9974,63,0
28789,14642,63,0
28790,32310,63,0
28791,21322,63,0
28792,3053,63,0
28793,37890,63,0
28794,20965,63,0
28795,2991,63,0
28796,33179,63,0
28797,9536,63,0
28798,14652,63,0
28799,26778,63,0
28800,23896,63,0
28801,39682,63,0
28802,10231,63,0
28803,40188,63,0
28804,29066,63,0
28805,23669,63,0
28806,38755,63,0
28807,47660,63,0
28808,45221,63,0
28809,318,63,0
28810,6251,63,0
28811,42515,63,0
28812,18455,63,0
28813,2689,63,0
28814,24308,63,0
28815,46108,63,0
28816,32824,63,0
28817,537,63,0
28818,13979,63,0
28819,29791,63,0
28820,18152,63,0
28821,11716,63,0
28822,36324,63,0
28823,17913,63,0
28824,3954,63,0
28825,5369,63,0
28826,947,63,0
28827,13114,63,0
28828,45907,63,0
28829,6102,63,0
28830,19177,63,0
28831,26866,63,0
28832,40025,63,0
28833,33402,63,0
28834,12413,63,0
28835,34452,63,0
28836,42101,63,0
28837,13613,63,0
28838,17671,63,0
28839,33552,63,0
28840,3517,63,0
28841,38504,63,0
28842,1150,63,0
28843,47572,63,0
28844,49132,63,0
28845,20261,63,0
28846,18941,63,0
28847,21333,63,0
28848,37066,63,0
28849,30683,63,0
28850,19577,63,0
28851,30025,63,0
28852,7514,63,0
28853,47328,63,0
28854,18998,63,0
28855,37636,63,0
28856,23928,63,0
28857,31141,63,0
28858,38140,63,0
28859,42509,63,0
28860,50399,63,0
28861,4442,63,0
28862,45469,63,0
28863,43917,63,0
28864,15343,63,0
28865,32154,63,0
28866,14273,63,0
28867,27527,63,0
28868,30451,63,0
28869,16662,63,0
28870,16515,63,0
28871,26245,63,0
28872,47337,63,0
28873,31702,63,0
28874,48875,63,0
28875,36309,63,0
28876,28507,63,0
28877,1211,63,0
28878,41357,63,0
28879,34878,63,0
28880,32249,63,0
28881,4077,63,0
28882,27192,63,0
28883,5140,63,0
28884,34514,63,0
28885,46023,63,0
28886,31428,63,0
28887,39486,63,0
28888,20107,63,0
28889,7226,63,0
28890,42686,63,0
28891,47957,63,0
28892,44509,63,0
28893,5219,63,0
28894,49041,63,0
28895,24323,63,0
28896,18001,63,0
28897,48927,63,0
28898,24134,63,0
28899,3882,63,0
28900,24263,63,0
28901,21570,63,0
28902,33774,63,0
28903,2346,63,0
28904,22551,63,0
28905,5383,63,0
28906,17950,63,0
28907,28378,63,0
28908,4776,63,0
28909,5295,63,0
28910,6192,63,0
28911,7625,63,0
28912,14143,63,0
28913,48114,63,0
28914,36422,63,0
28915,722,63,0
28916,48963,63,0
28917,28316,63,0
28918,38338,63,0
28919,40056,63,0
28920,45434,63,0
28921,11892,63,0
28922,27914,63,0
28923,43774,63,0
28924,39775,63,0
28925,43557,63,0
28926,25327,63,0
28927,41627,63,0
28928,23878,63,0
28929,36002,63,0
28930,16014,63,0
28931,2164,63,0
28932,17576,63,0
28933,50378,63,0
28934,39779,63,0
28935,17192,63,0
28936,44364,63,0
28937,20120,63,0
28938,32225,63,0
28939,22821,63,0
28940,25871,63,0
28941,11277,63,0
28942,36857,63,0
28943,5465,63,0
28944,37274,63,0
28945,27095,63,0
28946,42369,63,0
28947,32428,63,0
28948,46704,63,0
28949,25653,63,0
28950,40591,63,0
28951,24049,63,0
28952,31479,63,0
28953,18765,63,0
28954,31043,63,0
28955,6949,63,0
28956,15843,63,0
28957,40206,63,0
28958,39371,63,0
28959,35357,63,0
28960,39886,63,0
28961,22798,63,0
28962,10782,63,0
28963,21437,63,0
28964,46169,63,0
28965,980,63,0
28966,36147,63,0
28967,27854,63,0
28968,28646,63,0
28969,373,63,0
28970,7105,63,0
28971,14077,63,0
28972,10188,63,0
28973,35092,63,0
28974,11797,63,0
28975,23130,63,0
28976,6546,63,0
28977,48007,63,0
28978,14498,63,0
28979,42461,63,0
28980,38050,63,0
28981,4088,63,0
28982,15148,63,0
28983,39207,63,0
28984,15877,63,0
28985,36406,63,0
28986,48916,63,0
28987,20450,63,0
28988,31780,63,0
28989,26237,63,0
28990,27304,63,0
28991,2979,63,0
28992,31814,63,0
28993,28786,63,0
28994,20697,63,0
28995,19653,63,0
28996,49075,63,0
28997,28310,63,0
28998,47612,63,0
28999,49563,63,0
29000,41557,63,0
29001,6047,63,0
29002,7217,63,0
29003,6574,63,0
29004,11222,63,0
29005,35670,63,0
29006,36656,63,0
29007,37021,63,0
29008,50401,63,0
29009,8356,63,0
29010,20640,63,0
29011,50653,63,0
29012,21755,63,0
29013,9540,63,0
29014,32659,63,0
29015,18215,63,0
29016,42664,63,0
29017,26810,63,0
29018,42619,63,0
29019,46510,63,0
29020,32787,63,0
29021,17302,63,0
29022,24532,63,0
29023,15221,63,0
29024,7662,63,0
29025,27191,63,0
29026,12934,63,0
29027,49401,63,0
29028,46847,63,0
29029,42309,63,0
29030,39952,63,0
29031,29079,63,0
29032,28944,63,0
29033,26376,63,0
29034,10924,63,0
29035,37728,63,0
29036,45202,63,0
29037,15697,63,0
29038,18705,63,0
29039,39514,63,0
29040,6972,63,0
29041,31338,63,0
29042,1419,63,0
29043,2575,63,0
29044,15026,63,0
29045,5845,63,0
29046,12089,63,0
29047,34784,63,0
29048,123,63,0
29049,21276,63,0
29050,9088,63,0
29051,4263,63,0
29052,50828,63,0
29053,36497,63,0
29054,19009,63,0
29055,22287,63,0
29056,6941,63,0
29057,354,63,0
29058,39637,63,0
29059,775,63,0
29060,3859,63,0
29061,3948,63,0
29062,8035,63,0
29063,17367,63,0
29064,38837,63,0
29065,20512,63,0
29066,28263,63,0
29067,50547,63,0
29068,18231,63,0
29069,33177,63,0
29070,46516,63,0
29071,12131,63,0
29072,40228,63,0
29073,265,63,0
29074,18602,63,0
29075,23664,63,0
29076,2741,63,0
29077,44565,63,0
29078,48155,63,0
29079,26662,63,0
29080,39498,63,0
29081,34305,63,0
29082,23761,63,0
29083,16391,63,0
29084,43751,63,0
29085,42898,63,0
29086,35999,63,0
29087,253,63,0
29088,33042,63,0
29089,7254,63,0
29090,29078,63,0
29091,41491,63,0
29092,46377,63,0
29093,23925,63,0
29094,24475,63,0
29095,4348,63,0
29096,5047,63,0
29097,37252,63,0
29098,16393,63,0
29099,13659,63,0
29100,36473,63,0
29101,4895,63,0
29102,35668,63,0
29103,16629,63,0
29104,24481,63,0
29105,7540,63,0
29106,3498,63,0
29107,38811,63,0
29108,34432,63,0
29109,4428,63,0
29110,34794,63,0
29111,18709,63,0
29112,2366,63,0
29113,37266,63,0
29114,26726,63,0
29115,45132,63,0
29116,9985,63,0
29117,22309,63,0
29118,46207,63,0
29119,48157,63,0
29120,15226,63,0
29121,14460,63,0
29122,15860,63,0
29123,44409,63,0
29124,36344,63,0
29125,13038,63,0
29126,28407,63,0
29127,4492,63,0
29128,20639,63,0
29129,37091,63,0
29130,34171,63,0
29131,26279,63,0
29132,49820,63,0
29133,15489,63,0
29134,29876,63,0
29135,33058,63,0
29136,8833,63,0
29137,38379,63,0
29138,44678,63,0
29139,34665,63,0
29140,13554,63,0
29141,15351,63,0
29142,7371,63,0
29143,1544,63,0
29144,12014,63,0
29145,7945,63,0
29146,7850,63,0
29147,46236,63,0
29148,12162,63,0
29149,21587,63,0
29150,3555,63,0
29151,27240,63,0
29152,2580,63,0
29153,36286,63,0
29154,49880,63,0
29155,22486,63,0
29156,50121,63,0
29157,23396,63,0
29158,39798,63,0
29159,4004,63,0
29160,40389,63,0
29161,19588,63,0
29162,21680,63,0
29163,48535,63,0
29164,1514,63,0
29165,31531,63,0
29166,32730,63,0
29167,24372,63,0
29168,17154,63,0
29169,32263,63,0
29170,10580,63,0
29171,10161,63,0
29172,4862,63,0
29173,35359,63,0
29174,35780,63,0
29175,49818,63,0
29176,24615,63,0
29177,25403,63,0
29178,4195,63,0
29179,22388,63,0
29180,8002,63,0
29181,41537,63,0
29182,45841,63,0
29183,28951,63,0
29184,13995,63,0
29185,7304,63,0
29186,20763,63,0
29187,28623,63,0
29188,34644,63,0
29189,38377,63,0
29190,11374,63,0
29191,2312,63,0
29192,9502,63,0
29193,13244,63,0
29194,49220,63,0
29195,23313,63,0
29196,7442,63,0
29197,34022,63,0
29198,12923,63,0
29199,23851,63,0
29200,22662,63,0
29201,15027,63,0
29202,25059,63,0
29203,17678,63,0
29204,23050,63,0
29205,31994,63,0
29206,42422,63,0
29207,7300,63,0
29208,48733,63,0
29209,19003,63,0
29210,7970,63,0
29211,4485,63,0
29212,48413,63,0
29213,15728,63,0
29214,45761,63,0
29215,33757,63,0
29216,36879,63,0
29217,799,63,0
29218,24772,63,0
29219,45194,63,0
29220,15210,63,0
29221,5559,63,0
29222,33293,63,0
29223,14175,63,0
29224,3002,63,0
29225,24222,63,0
29226,10208,63,0
29227,37053,63,0
29228,45633,63,0
29229,42848,63,0
29230,17509,63,0
29231,3079,63,0
29232,14982,63,0
29233,6075,63,0
29234,35036,63,0
29235,29366,63,0
29236,1985,63,0
29237,25706,63,0
29238,15461,63,0
29239,7908,63,0
29240,42255,63,0
29241,45411,63,0
29242,45249,63,0
29243,14370,63,0
29244,48401,63,0
29245,44190,63,0
29246,6103,63,0
29247,30545,63,0
29248,15282,63,0
29249,21145,63,0
29250,21023,63,0
29251,36078,63,0
29252,26651,63,0
29253,34106,63,0
29254,27310,63,0
29255,40445,63,0
29256,19718,63,0
29257,36714,63,0
29258,31332,63,0
29259,41343,63,0
29260,34962,63,0
29261,10650,63,0
29262,40797,63,0
29263,18192,63,0
29264,36412,63,0
29265,7335,63,0
29266,4398,63,0
29267,25985,63,0
29268,21312,63,0
29269,50754,63,0
29270,11667,63,0
29271,46276,63,0
29272,8504,63,0
29273,14628,63,0
29274,32746,63,0
29275,3495,63,0
29276,25690,63,0
29277,6717,63,0
29278,26760,63,0
29279,798,63,0
29280,46188,63,0
29281,27015,63,0
29282,10666,63,0
29283,47137,63,0
29284,47956,63,0
29285,24966,63,0
29286,19545,63,0
29287,38497,63,0
29288,21502,63,0
29289,44486,63,0
29290,3325,63,0
29291,39246,63,0
29292,9403,63,0
29293,44322,63,0
29294,12773,63,0
29295,2788,63,0
29296,24552,63,0
29297,8142,63,0
29298,25984,63,0
29299,23085,63,0
29300,8523,63,0
29301,14340,63,0
29302,24259,63,0
29303,34113,63,0
29304,49314,63,0
29305,20218,63,0
29306,49715,63,0
29307,24971,63,0
29308,122,63,0
29309,33466,63,0
29310,16594,63,0
29311,11036,63,0
29312,44701,63,0
29313,29238,63,0
29314,39299,63,0
29315,28040,63,0
29316,13327,63,0
29317,28171,63,0
29318,40701,63,0
29319,7202,63,0
29320,3234,63,0
29321,41442,63,0
29322,43576,63,0
29323,1899,63,0
29324,14676,63,0
29325,32930,63,0
29326,2293,63,0
29327,47399,63,0
29328,13290,63,0
29329,32590,63,0
29330,48474,63,0
29331,7242,63,0
29332,4010,63,0
29333,49096,63,0
29334,2140,63,0
29335,39290,63,0
29336,27353,63,0
29337,38696,63,0
29338,24314,63,0
29339,9704,63,0
29340,864,63,0
29341,48202,63,0
29342,10189,63,0
29343,34851,63,0
29344,13166,63,0
29345,48352,63,0
29346,20684,63,0
29347,42141,63,0
29348,18130,63,0
29349,41424,63,0
29350,11608,63,0
29351,2654,63,0
29352,18004,63,0
29353,46483,63,0
29354,38031,63,0
29355,45847,63,0
29356,35057,63,0
29357,35263,63,0
29358,4132,63,0
29359,7296,63,0
29360,3201,63,0
29361,50585,63,0
29362,6325,63,0
29363,49340,63,0
29364,22734,63,0
29365,37246,63,0
29366,39373,63,0
29367,10607,63,0
29368,11943,63,0
29369,16413,63,0
29370,15135,63,0
29371,21315,63,0
29372,31163,63,0
29373,41628,63,0
29374,50561,63,0
29375,1408,63,0
29376,24847,63,0
29377,45468,63,0
29378,47506,63,0
29379,34814,63,0
29380,19688,63,0
29381,8009,63,0
29382,35027,63,0
29383,19182,63,0
29384,25772,63,0
29385,27250,63,0
29386,37322,63,0
29387,39839,63,0
29388,10435,63,0
29389,43131,63,0
29390,40040,63,0
29391,2490,63,0
29392,43673,63,0
29393,26899,63,0
29394,39333,63,0
29395,48156,63,0
29396,205,63,0
29397,27843,63,0
29398,10772,63,0
29399,43831,63,0
29400,37441,63,0
29401,46104,63,0
29402,37978,63,0
29403,42280,63,0
29404,30531,63,0
29405,26572,63,0
29406,25733,63,0
29407,23131,63,0
29408,16932,63,0
29409,22635,63,0
29410,6118,63,0
29411,28917,63,0
29412,47887,63,0
29413,23871,63,0
29414,31346,63,0
29415,33004,63,0
29416,25131,63,0
29417,9293,63,0
29418,8898,63,0
29419,35158,63,0
29420,5968,63,0
29421,36752,63,0
29422,1394,63,0
29423,28027,63,0
29424,22499,63,0
29425,12898,63,0
29426,29390,63,0
29427,20123,63,0
29428,16573,63,0
29429,37033,63,0
29430,16776,63,0
29431,32484,63,0
29432,5315,63,0
29433,7018,63,0
29434,17047,63,0
29435,13626,63,0
29436,3959,63,0
29437,10270,63,0
29438,2587,63,0
29439,9035,63,0
29440,21157,63,0
29441,36571,63,0
29442,28458,63,0
29443,31073,63,0
29444,5538,63,0
29445,41322,63,0
29446,6863,63,0
29447,25540,63,0
29448,28860,63,0
29449,46270,63,0
29450,13614,63,0
29451,4570,63,0
29452,14943,63,0
29453,31980,63,0
29454,10354,63,0
29455,9089,63,0
29456,5870,63,0
29457,40785,63,0
29458,9976,63,0
29459,37482,63,0
29460,28103,63,0
29461,41707,63,0
29462,266,63,0
29463,25425,63,0
29464,28020,63,0
29465,1794,63,0
29466,38833,63,0
29467,449,63,0
29468,14354,63,0
29469,30291,63,0
29470,3017,63,0
29471,6191,63,0
29472,4584,63,0
29473,40582,63,0
29474,14339,63,0
29475,14321,63,0
29476,28006,63,0
29477,21300,63,0
29478,26417,63,0
29479,33592,63,0
29480,14604,63,0
29481,21072,63,0
29482,5963,63,0
29483,955,63,0
29484,27160,63,0
29485,34028,63,0
29486,16297,63,0
29487,15965,63,0
29488,5815,63,0
29489,46192,63,0
29490,30933,63,0
29491,20110,63,0
29492,19953,63,0
29493,33574,63,0
29494,32885,63,0
29495,14280,63,0
29496,14477,63,0
29497,13954,63,0
29498,32186,63,0
29499,18659,63,0
29500,1471,63,0
29501,42238,63,0
29502,36027,63,0
29503,9663,63,0
29504,8545,63,0
29505,44119,63,0
29506,48550,63,0
29507,50372,63,0
29508,32358,63,0
29509,40919,63,0
29510,42764,63,0
29511,34067,63,0
29512,14593,63,0
29513,12750,63,0
29514,3643,63,0
29515,6265,63,0
29516,22420,63,0
29517,44542,63,0
29518,9189,63,0
29519,1111,63,0
29520,3369,63,0
29521,15732,63,0
29522,47231,63,0
29523,4911,63,0
29524,9319,63,0
29525,44605,63,0
29526,892,63,0
29527,25210,63,0
29528,35743,63,0
29529,3091,63,0
29530,26226,63,0
29531,33399,63,0
29532,30282,63,0
29533,26936,63,0
29534,34442,63,0
29535,18586,63,0
29536,25467,63,0
29537,760,63,0
29538,24550,63,0
29539,7153,63,0
29540,5993,63,0
29541,44688,63,0
29542,38155,63,0
29543,2936,63,0
29544,32343,63,0
29545,3059,63,0
29546,24184,63,0
29547,32554,63,0
29548,49108,63,0
29549,50667,63,0
29550,36378,63,0
29551,28882,63,0
29552,44171,63,0
29553,7835,63,0
29554,35044,63,0
29555,12205,63,0
29556,21467,63,0
29557,15357,63,0
29558,39866,63,0
29559,8536,63,0
29560,11785,63,0
29561,18686,63,0
29562,17063,63,0
29563,48811,63,0
29564,27862,63,0
29565,10909,63,0
29566,2764,63,0
29567,23380,63,0
29568,44020,63,0
29569,30136,63,0
29570,36825,63,0
29571,23852,63,0
29572,15749,63,0
29573,28384,63,0
29574,17042,63,0
29575,26189,63,0
29576,16281,63,0
29577,22434,63,0
29578,31315,63,0
29579,32717,63,0
29580,10496,63,0
29581,29469,63,0
29582,5050,63,0
29583,42777,63,0
29584,49253,63,0
29585,15999,63,0
29586,44682,63,0
29587,20079,63,0
29588,45139,63,0
29589,8394,63,0
29590,29924,63,0
29591,20931,63,0
29592,3940,63,0
29593,34219,63,0
29594,2731,63,0
29595,15250,63,0
29596,50780,63,0
29597,33173,63,0
29598,38792,63,0
29599,42882,63,0
29600,19420,63,0
29601,23400,63,0
29602,18569,63,0
29603,44632,63,0
29604,8472,63,0
29605,12709,63,0
29606,4887,63,0
29607,38172,63,0
29608,4282,63,0
29609,26092,63,0
29610,38538,63,0
29611,44633,63,0
29612,42314,63,0
29613,4192,63,0
29614,26304,63,0
29615,43894,63,0
29616,19733,63,0
29617,50773,63,0
29618,45234,63,0
29619,26390,63,0
29620,27882,63,0
29621,26230,63,0
29622,33619,63,0
29623,42887,63,0
29624,43914,63,0
29625,37668,63,0
29626,28082,63,0
29627,29488,63,0
29628,9698,63,0
29629,3266,63,0
29630,37490,63,0
29631,22803,63,0
29632,42665,63,0
29633,21514,63,0
29634,10989,63,0
29635,39615,63,0
29636,34007,63,0
29637,29992,63,0
29638,5175,63,0
29639,43585,63,0
29640,3041,63,0
29641,32312,63,0
29642,8153,63,0
29643,39896,63,0
29644,30997,63,0
29645,48935,63,0
29646,25289,63,0
29647,4268,63,0
29648,36860,63,0
29649,13050,63,0
29650,17925,63,0
29651,44357,63,0
29652,7258,63,0
29653,41292,63,0
29654,20601,63,0
29655,41515,63,0
29656,28607,63,0
29657,15387,63,0
29658,16376,63,0
29659,44515,63,0
29660,50274,63,0
29661,29756,63,0
29662,18350,63,0
29663,23055,63,0
29664,22720,63,0
29665,6673,63,0
29666,24225,63,0
29667,25891,63,0
29668,11862,63,0
29669,23399,63,0
29670,4216,63,0
29671,24981,63,0
29672,47737,63,0
29673,21488,63,0
29674,42074,63,0
29675,26206,63,0
29676,49711,63,0
29677,45953,63,0
29678,44132,63,0
29679,1978,63,0
29680,49982,63,0
29681,45490,63,0
29682,45686,63,0
29683,42230,63,0
29684,3718,63,0
29685,23647,63,0
29686,22060,63,0
29687,37121,63,0
29688,1618,63,0
29689,22548,63,0
29690,25258,63,0
29691,7462,63,0
29692,14065,63,0
29693,20381,63,0
29694,47533,63,0
29695,6360,63,0
29696,29106,63,0
29697,23017,63,0
29698,41033,63,0
29699,14064,63,0
29700,42629,63,0
29701,23732,63,0
29702,43881,63,0
29703,32302,63,0
29704,16462,63,0
29705,12775,63,0
29706,4863,63,0
29707,28874,63,0
29708,23218,63,0
29709,14009,63,0
29710,50375,63,0
29711,16418,63,0
29712,10060,63,0
29713,19928,63,0
29714,42164,63,0
29715,26338,63,0
29716,46311,63,0
29717,22712,63,0
29718,29090,63,0
29719,35003,63,0
29720,32822,63,0
29721,39340,63,0
29722,17141,63,0
29723,18640,63,0
29724,4505,63,0
29725,50273,63,0
29726,33838,63,0
29727,32721,63,0
29728,23198,63,0
29729,13338,63,0
29730,10694,63,0
29731,2564,63,0
29732,14567,63,0
29733,34079,63,0
29734,36543,63,0
29735,17418,63,0
29736,29405,63,0
29737,6961,63,0
29738,20897,63,0
29739,33597,63,0
29740,34666,63,0
29741,22291,63,0
29742,2776,63,0
29743,48440,63,0
29744,30687,63,0
29745,46271,63,0
29746,16675,63,0
29747,36509,63,0
29748,5579,63,0
29749,15265,63,0
29750,2110,63,0
29751,32128,63,0
29752,10490,63,0
29753,17414,63,0
29754,41791,63,0
29755,40735,63,0
29756,12789,63,0
29757,31979,63,0
29758,40385,63,0
29759,30029,63,0
29760,12764,63,0
29761,47226,63,0
29762,34557,63,0
29763,44822,63,0
29764,22293,63,0
29765,20592,63,0
29766,12841,63,0
29767,25473,63,0
29768,24439,63,0
29769,30577,63,0
29770,36402,63,0
29771,16057,63,0
29772,24339,63,0
29773,22153,63,0
29774,1107,63,0
29775,11320,63,0
29776,21681,63,0
29777,27782,63,0
29778,49885,63,0
29779,47264,63,0
29780,27106,63,0
29781,12006,63,0
29782,40461,63,0
29783,34094,63,0
29784,11680,63,0
29785,43290,63,0
29786,7176,63,0
29787,18484,63,0
29788,610,63,0
29789,23176,63,0
29790,40505,63,0
29791,6221,63,0
29792,13662,63,0
29793,403,63,0
29794,26919,63,0
29795,24351,63,0
29796,28166,63,0
29797,903,63,0
29798,30154,63,0
29799,20571,63,0
29800,37052,63,0
29801,42063,63,0
29802,16161,63,0
29803,40679,63,0
29804,16467,63,0
29805,15786,63,0
29806,40834,63,0
29807,9473,63,0
29808,16685,63,0
29809,17962,63,0
29810,4292,63,0
29811,2848,63,0
29812,32962,63,0
29813,46535,63,0
29814,27371,63,0
29815,8279,63,0
29816,13805,63,0
29817,242,63,0
29818,31545,63,0
29819,36419,63,0
29820,43053,63,0
29821,33970,63,0
29822,41485,63,0
29823,47378,63,0
29824,14436,63,0
29825,31253,63,0
29826,503,63,0
29827,35320,63,0
29828,22824,63,0
29829,9325,63,0
29830,5424,63,0
29831,4178,63,0
29832,35272,63,0
29833,34931,63,0
29834,21389,63,0
29835,49937,63,0
29836,14463,63,0
29837,5739,63,0
29838,3136,63,0
29839,30679,63,0
29840,48402,63,0
29841,27564,63,0
29842,28381,63,0
29843,47791,63,0
29844,34617,63,0
29845,21252,63,0
29846,23559,63,0
29847,41843,63,0
29848,21799,63,0
29849,2045,63,0
29850,38120,63,0
29851,13283,63,0
29852,16170,63,0
29853,19599,63,0
29854,7321,63,0
29855,941,63,0
29856,24288,63,0
29857,41538,63,0
29858,9789,63,0
29859,23924,63,0
29860,23490,63,0
29861,24168,63,0
29862,50109,63,0
29863,23935,63,0
29864,6489,63,0
29865,47486,63,0
29866,34304,63,0
29867,44990,63,0
29868,39121,63,0
29869,4482,63,0
29870,20762,63,0
29871,43675,63,0
29872,46643,63,0
29873,18391,63,0
29874,30218,63,0
29875,10097,63,0
29876,1005,63,0
29877,34455,63,0
29878,38877,63,0
29879,23360,63,0
29880,24374,63,0
29881,27526,63,0
29882,49807,63,0
29883,45966,63,0
29884,20207,63,0
29885,47317,63,0
29886,16964,63,0
29887,47043,63,0
29888,42079,63,0
29889,23974,63,0
29890,10601,63,0
29891,21575,63,0
29892,11849,63,0
29893,23086,63,0
29894,15678,63,0
29895,5802,63,0
29896,43367,63,0
29897,240,63,0
29898,32893,63,0
29899,1303,63,0
29900,36748,63,0
29901,16214,63,0
29902,13840,63,0
29903,30169,63,0
29904,827,63,0
29905,6362,63,0
29906,41974,63,0
29907,25170,63,0
29908,43396,63,0
29909,17489,63,0
29910,36196,63,0
29911,8187,63,0
29912,7158,63,0
29913,1225,63,0
29914,42469,63,0
29915,4840,63,0
29916,36222,63,0
29917,22295,63,0
29918,22518,63,0
29919,10185,63,0
29920,28665,63,0
29921,45380,63,0
29922,32215,63,0
29923,33202,63,0
29924,43413,63,0
29925,39295,63,0
29926,23354,63,0
29927,27388,63,0
29928,24775,63,0
29929,30651,63,0
29930,2358,63,0
29931,29542,63,0
29932,35094,63,0
29933,16620,63,0
29934,7210,63,0
29935,1315,63,0
29936,20122,63,0
29937,42502,63,0
29938,24509,63,0
29939,33232,63,0
29940,37881,63,0
29941,50807,63,0
29942,14181,63,0
29943,16150,63,0
29944,45845,63,0
29945,45477,63,0
29946,6129,63,0
29947,36183,63,0
29948,32949,63,0
29949,10927,63,0
29950,3396,63,0
29951,4247,63,0
29952,44101,63,0
29953,39624,63,0
29954,9893,63,0
29955,14377,63,0
29956,414,63,0
29957,43868,63,0
29958,5750,63,0
29959,4962,63,0
29960,47149,63,0
29961,20502,63,0
29962,50698,63,0
29963,6369,63,0
29964,46089,63,0
29965,10628,63,0
29966,18347,63,0
29967,30,63,0
29968,22288,63,0
29969,50487,63,0
29970,9780,63,0
29971,37927,63,0
29972,40442,63,0
29973,7899,63,0
29974,10656,63,0
29975,38799,63,0
29976,30111,63,0
29977,2354,63,0
29978,11078,63,0
29979,14729,63,0
29980,37792,63,0
29981,24701,63,0
29982,7887,63,0
29983,42322,63,0
29984,34595,63,0
29985,35225,63,0
29986,5211,63,0
29987,38411,63,0
29988,41263,63,0
29989,10491,63,0
29990,33214,63,0
29991,49396,63,0
29992,25614,63,0
29993,20900,63,0
29994,16439,63,0
29995,2555,63,0
29996,30745,63,0
29997,9919,63,0
29998,31268,63,0
29999,19095,63,0
30000,18757,63,0
30001,22574,63,0
30002,21493,63,0
30003,2227,63,0
30004,393,63,0
30005,11105,63,0
30006,8070,63,0
30007,7847,63,0
30008,2036,63,0
30009,25326,63,0
30010,4861,63,0
30011,33746,63,0
30012,12013,63,0
30013,49382,63,0
30014,28675,63,0
30015,45730,63,0
30016,17973,63,0
30017,26549,63,0
30018,40243,63,0
30019,26793,63,0
30020,9412,63,0
30021,33414,63,0
30022,71,63,0
30023,26110,63,0
30024,50237,63,0
30025,17433,63,0
30026,49664,63,0
30027,33157,63,0
30028,29302,63,0
30029,11794,63,0
30030,36372,63,0
30031,17240,63,0
30032,30516,63,0
30033,20833,63,0
30034,28298,63,0
30035,33316,63,0
30036,29499,63,0
30037,31151,63,0
30038,37961,63,0
30039,39127,63,0
30040,914,63,0
30041,7464,63,0
30042,20643,63,0
30043,6882,63,0
30044,11507,63,0
30045,2183,63,0
30046,9196,63,0
30047,35988,63,0
30048,14222,63,0
30049,42470,63,0
30050,18338,63,0
30051,25218,63,0
30052,7591,63,0
30053,38301,63,0
30054,11647,63,0
30055,17643,63,0
30056,4354,63,0
30057,17600,63,0
30058,350,63,0
30059,43234,63,0
30060,42319,63,0
30061,9605,63,0
30062,9812,63,0
30063,40230,63,0
30064,38383,63,0
30065,44831,63,0
30066,50444,63,0
30067,17020,63,0
30068,39437,63,0
30069,23638,63,0
30070,48757,63,0
30071,7470,63,0
30072,8575,63,0
30073,40823,63,0
30074,46551,63,0
30075,19065,63,0
30076,20456,63,0
30077,10863,63,0
30078,29618,63,0
30079,28025,63,0
30080,17701,63,0
30081,30773,63,0
30082,24682,63,0
30083,28267,63,0
30084,13710,63,0
30085,38340,63,0
30086,501,63,0
30087,29038,63,0
30088,17480,63,0
30089,9836,63,0
30090,43988,63,0
30091,16916,63,0
30092,23440,63,0
30093,36661,63,0
30094,34003,63,0
30095,3211,63,0
30096,15655,63,0
30097,44117,63,0
30098,43256,63,0
30099,26239,63,0
30100,9284,63,0
30101,1138,63,0
30102,40428,63,0
30103,41521,63,0
30104,22966,63,0
30105,3621,63,0
30106,34663,63,0
30107,45238,63,0
30108,46426,63,0
30109,45363,63,0
30110,30855,63,0
30111,47346,63,0
30112,36481,63,0
30113,1353,63,0
30114,47202,63,0
30115,9279,63,0
30116,26500,63,0
30117,3567,63,0
30118,48671,63,0
30119,21447,63,0
30120,803,63,0
30121,19961,63,0
30122,17603,63,0
30123,43168,63,0
30124,8199,63,0
30125,3056,63,0
30126,42010,63,0
30127,18740,63,0
30128,5650,63,0
30129,2,63,0
30130,45600,63,0
30131,23383,63,0
30132,49898,63,0
30133,42185,63,0
30134,22280,63,0
30135,44392,63,0
30136,9844,63,0
30137,31122,63,0
30138,48944,63,0
30139,44292,63,0
30140,2696,63,0
30141,10621,63,0
30142,26222,63,0
30143,17801,63,0
30144,12095,63,0
30145,42943,63,0
30146,8963,63,0
30147,35620,63,0
30148,15218,63,0
30149,39835,63,0
30150,29033,63,0
30151,41744,63,0
30152,31717,63,0
30153,49539,63,0
30154,49155,63,0
30155,21562,63,0
30156,3429,63,0
30157,37158,63,0
30158,824,63,0
30159,24544,63,0
30160,25827,63,0
30161,42682,63,0
30162,39261,63,0
30163,44934,63,0
30164,39193,63,0
30165,50509,63,0
30166,8161,63,0
30167,26518,63,0
30168,25408,63,0
30169,7260,63,0
30170,7678,63,0
30171,40656,63,0
30172,45301,63,0
30173,2085,63,0
30174,50697,63,0
30175,41395,63,0
30176,32879,63,0
30177,15180,63,0
30178,37946,63,0
30179,1718,63,0
30180,23518,63,0
30181,48429,63,0
30182,17093,63,0
30183,27501,63,0
30184,34371,63,0
30185,30849,63,0
30186,2512,63,0
30187,30944,63,0
30188,34960,63,0
30189,11633,63,0
30190,47377,63,0
30191,4645,63,0
30192,41787,63,0
30193,26615,63,0
30194,41119,63,0
30195,40640,63,0
30196,34317,63,0
30197,17308,63,0
30198,23430,63,0
30199,26075,63,0
30200,15126,63,0
30201,6798,63,0
30202,9791,63,0
30203,45386,63,0
30204,14639,63,0
30205,50437,63,0
30206,898,63,0
30207,28341,63,0
30208,7444,63,0
30209,10012,63,0
30210,11245,63,0
30211,32050,63,0
30212,29099,63,0
30213,24384,63,0
30214,19447,63,0
30215,24518,63,0
30216,29256,63,0
30217,7253,63,0
30218,39511,63,0
30219,1649,63,0
30220,42604,63,0
30221,47313,63,0
30222,17031,63,0
30223,27699,63,0
30224,9766,63,0
30225,7012,63,0
30226,16857,63,0
30227,27235,63,0
30228,32901,63,0
30229,45264,63,0
30230,29359,63,0
30231,3491,63,0
30232,47792,63,0
30233,5401,63,0
30234,16140,63,0
30235,2879,63,0
30236,974,63,0
30237,45028,63,0
30238,2576,63,0
30239,22224,63,0
30240,26459,63,0
30241,41130,63,0
30242,20011,63,0
30243,6307,63,0
30244,9261,63,0
30245,7833,63,0
30246,10509,63,0
30247,21971,63,0
30248,40632,63,0
30249,9271,63,0
30250,6467,63,0
30251,30682,63,0
30252,19616,63,0
30253,31390,63,0
30254,10062,63,0
30255,42203,63,0
30256,109,63,0
30257,42098,63,0
30258,18445,63,0
30259,7081,63,0
30260,5294,63,0
30261,25154,63,0
30262,739,63,0
30263,11030,63,0
30264,41612,63,0
30265,10968,63,0
30266,18428,63,0
30267,41689,63,0
30268,34599,63,0
30269,49778,63,0
30270,8341,63,0
30271,41793,63,0
30272,7593,63,0
30273,7426,63,0
30274,29104,63,0
30275,34942,63,0
30276,49856,63,0
30277,14214,63,0
30278,9992,63,0
30279,27313,63,0
30280,14166,63,0
30281,3342,63,0
30282,14818,63,0
30283,22212,63,0
30284,11053,63,0
30285,46416,63,0
30286,7562,63,0
30287,47805,63,0
30288,48566,63,0
30289,27523,63,0
30290,29077,63,0
30291,8985,63,0
30292,44430,63,0
30293,19460,63,0
30294,24825,63,0
30295,27645,63,0
30296,39598,63,0
30297,19519,63,0
30298,37710,63,0
30299,8229,63,0
30300,41220,63,0
30301,2903,63,0
30302,39433,63,0
30303,40042,63,0
30304,15745,63,0
30305,20033,63,0
30306,33625,63,0
30307,21073,63,0
30308,17695,63,0
30309,23797,63,0
30310,9860,63,0
30311,24296,63,0
30312,26086,63,0
30313,3604,63,0
30314,50901,63,0
30315,48567,63,0
30316,24706,63,0
30317,9577,63,0
30318,38620,63,0
30319,7357,63,0
30320,15943,63,0
30321,20146,63,0
30322,40937,63,0
30323,5810,63,0
30324,16229,63,0
30325,29594,63,0
30326,25381,63,0
30327,38311,63,0
30328,152,63,0
30329,24934,63,0
30330,22690,63,0
30331,24212,63,0
30332,8857,63,0
30333,20995,63,0
30334,10133,63,0
30335,1621,63,0
30336,19455,63,0
30337,19856,63,0
30338,3238,63,0
30339,9587,63,0
30340,18546,63,0
30341,14797,63,0
30342,4760,63,0
30343,45512,63,0
30344,40924,63,0
30345,6774,63,0
30346,42344,63,0
30347,40618,63,0
30348,43142,63,0
30349,2590,63,0
30350,17288,63,0
30351,20538,63,0
30352,34777,63,0
30353,24117,63,0
30354,8988,63,0
30355,33907,63,0
30356,50812,63,0
30357,23620,63,0
30358,23948,63,0
30359,46610,63,0
30360,32704,63,0
30361,7869,63,0
30362,49346,63,0
30363,9239,63,0
30364,39016,63,0
30365,30702,63,0
30366,115,63,0
30367,47734,63,0
30368,27679,63,0
30369,3273,63,0
30370,43039,63,0
30371,4316,63,0
30372,25825,63,0
30373,8743,63,0
30374,18393,63,0
30375,27858,63,0
30376,812,63,0
30377,43052,63,0
30378,29892,63,0
30379,25510,63,0
30380,12492,63,0
30381,40311,63,0
30382,46728,63,0
30383,20417,63,0
30384,31329,63,0
30385,5754,63,0
30386,43548,63,0
30387,9911,63,0
30388,45554,63,0
30389,29150,63,0
30390,18040,63,0
30391,34869,63,0
30392,16879,63,0
30393,20299,63,0
30394,27385,63,0
30395,1289,63,0
30396,7171,63,0
30397,2463,63,0
30398,22606,63,0
30399,25643,63,0
30400,49639,63,0
30401,2198,63,0
30402,27930,63,0
30403,18183,63,0
30404,2610,63,0
30405,39976,63,0
30406,30968,63,0
30407,24440,63,0
30408,43631,63,0
30409,3433,63,0
30410,19990,63,0
30411,1202,63,0
30412,26242,63,0
30413,8171,63,0
30414,39424,63,0
30415,33690,63,0
30416,26659,63,0
30417,43505,63,0
30418,25271,63,0
30419,45988,63,0
30420,28720,63,0
30421,46427,63,0
30422,15742,63,0
30423,28998,63,0
30424,37220,63,0
30425,5595,63,0
30426,39414,63,0
30427,30677,63,0
30428,21707,63,0
30429,2761,63,0
30430,29277,63,0
30431,29562,63,0
30432,10168,63,0
30433,17912,63,0
30434,15491,63,0
30435,49448,63,0
30436,45849,63,0
30437,50892,63,0
30438,47410,63,0
30439,30913,63,0
30440,42719,63,0
30441,3880,63,0
30442,48893,63,0
30443,18958,63,0
30444,35235,63,0
30445,26722,63,0
30446,46348,63,0
30447,48258,63,0
30448,30856,63,0
30449,12070,63,0
30450,2098,63,0
30451,33326,63,0
30452,39011,63,0
30453,33031,63,0
30454,110,63,0
30455,13504,63,0
30456,40117,63,0
30457,193,63,0
30458,15494,63,0
30459,33045,63,0
30460,5111,63,0
30461,48897,63,0
30462,11708,63,0
30463,23480,63,0
30464,5971,63,0
30465,25359,63,0
30466,25654,63,0
30467,35116,63,0
30468,23567,63,0
30469,44302,63,0
30470,11790,63,0
30471,17833,63,0
30472,29605,63,0
30473,26256,63,0
30474,26194,63,0
30475,21048,63,0
30476,713,63,0
30477,30230,63,0
30478,41562,63,0
30479,38328,63,0
30480,11954,63,0
30481,5932,63,0
30482,6082,63,0
30483,4966,63,0
30484,41528,63,0
30485,20659,63,0
30486,1534,63,0
30487,15388,63,0
30488,40506,63,0
30489,50511,63,0
30490,38404,63,0
30491,24122,63,0
30492,26587,63,0
30493,14235,63,0
30494,49612,63,0
30495,25928,63,0
30496,31075,63,0
30497,49425,63,0
30498,29801,63,0
30499,26486,63,0
30500,44443,63,0
30501,40011,63,0
30502,6413,63,0
30503,27728,63,0
30504,41153,63,0
30505,45121,63,0
30506,2518,63,0
30507,1940,63,0
30508,35921,63,0
30509,5793,63,0
30510,12458,63,0
30511,50677,63,0
30512,24992,63,0
30513,40406,63,0
30514,15314,63,0
30515,41705,63,0
30516,26081,63,0
30517,23509,63,0
30518,41245,63,0
30519,45141,63,0
30520,50361,63,0
30521,22498,63,0
30522,40416,63,0
30523,31127,63,0
30524,12123,63,0
30525,23359,63,0
30526,32937,63,0
30527,28982,63,0
30528,22617,63,0
30529,48913,63,0
30530,11768,63,0
30531,23536,63,0
30532,5233,63,0
30533,39841,63,0
30534,31325,63,0
30535,35008,63,0
30536,42076,63,0
30537,16338,63,0
30538,36797,63,0
30539,35429,63,0
30540,6828,63,0
30541,47284,63,0
30542,4171,63,0
30543,49035,63,0
30544,15709,63,0
30545,22609,63,0
30546,6935,63,0
30547,13559,63,0
30548,8006,63,0
30549,29597,63,0
30550,38547,63,0
30551,1682,63,0
30552,10440,63,0
30553,42965,63,0
30554,50877,63,0
30555,9592,63,0
30556,13023,63,0
30557,42662,63,0
30558,8941,63,0
30559,13312,63,0
30560,46209,63,0
30561,21531,63,0
30562,20857,63,0
30563,3632,63,0
30564,14393,63,0
30565,49873,63,0
30566,31096,63,0
30567,26349,63,0
30568,9343,63,0
30569,5095,63,0
30570,9570,63,0
30571,16805,63,0
30572,38241,63,0
30573,31082,63,0
30574,945,63,0
30575,16923,63,0
30576,42642,63,0
30577,36428,63,0
30578,10885,63,0
30579,16424,63,0
30580,17745,63,0
30581,26887,63,0
30582,3980,63,0
30583,6238,63,0
30584,27258,63,0
30585,39497,63,0
30586,41633,63,0
30587,40759,63,0
30588,31180,63,0
30589,32561,63,0
30590,38664,63,0
30591,11546,63,0
30592,49794,63,0
30593,9376,63,0
30594,44185,63,0
30595,5533,63,0
30596,10393,63,0
30597,23482,63,0
30598,21290,63,0
30599,38791,63,0
30600,49874,63,0
30601,28489,63,0
30602,9504,63,0
30603,12998,63,0
30604,3025,63,0
30605,32584,63,0
30606,5236,63,0
30607,28503,63,0
30608,47468,63,0
30609,22608,63,0
30610,46756,63,0
30611,7287,63,0
30612,16918,63,0
30613,46878,63,0
30614,1399,63,0
30615,6235,63,0
30616,50876,63,0
30617,40159,63,0
30618,2659,63,0
30619,14518,63,0
30620,38958,63,0
30621,14831,63,0
30622,6736,63,0
30623,38134,63,0
30624,20121,63,0
30625,6156,63,0
30626,7742,63,0
30627,14584,63,0
30628,37901,63,0
30629,48100,63,0
30630,35218,63,0
30631,11199,63,0
30632,24000,63,0
30633,32782,63,0
30634,45787,63,0
30635,20564,63,0
30636,44348,63,0
30637,46872,63,0
30638,14454,63,0
30639,42361,63,0
30640,17827,63,0
30641,7635,63,0
30642,43594,63,0
30643,20260,63,0
30644,1789,63,0
30645,23304,63,0
30646,19712,63,0
30647,40711,63,0
30648,26301,63,0
30649,18754,63,0
30650,36665,63,0
30651,41215,63,0
30652,25260,63,0
30653,37695,63,0
30654,19628,63,0
30655,22780,63,0
30656,42852,63,0
30657,7204,63,0
30658,33741,63,0
30659,1142,63,0
30660,22352,63,0
30661,784,63,0
30662,6699,63,0
30663,39243,63,0
30664,43664,63,0
30665,1518,63,0
30666,11985,63,0
30667,37223,63,0
30668,46548,63,0
30669,5312,63,0
30670,6313,63,0
30671,45705,63,0
30672,42540,63,0
30673,34119,63,0
30674,27946,63,0
30675,7208,63,0
30676,16743,63,0
30677,35457,63,0
30678,28545,63,0
30679,3617,63,0
30680,40681,63,0
30681,341,63,0
30682,23204,63,0
30683,48976,63,0
30684,3638,63,0
30685,2939,63,0
30686,23822,63,0
30687,24409,63,0
30688,37562,63,0
30689,22814,63,0
30690,19249,63,0
30691,1762,63,0
30692,1569,63,0
30693,714,63,0
30694,22778,63,0
30695,31116,63,0
30696,6771,63,0
30697,14239,63,0
30698,42817,63,0
30699,35544,63,0
30700,30853,63,0
30701,6826,63,0
30702,17273,63,0
30703,42149,63,0
30704,32250,63,0
30705,17448,63,0
30706,43161,63,0
30707,25736,63,0
30708,36164,63,0
30709,34235,63,0
30710,43058,63,0
30711,5250,63,0
30712,3260,63,0
30713,20378,63,0
30714,49116,63,0
30715,22107,63,0
30716,12007,63,0
30717,12943,63,0
30718,20188,63,0
30719,37108,63,0
30720,50358,63,0
30721,6954,63,0
30722,11874,63,0
30723,47704,63,0
30724,24558,63,0
30725,43361,63,0
30726,46834,63,0
30727,39510,63,0
30728,25282,63,0
30729,26952,63,0
30730,250,63,0
30731,39403,63,0
30732,15833,63,0
30733,2383,63,0
30734,28896,63,0
30735,29203,63,0
30736,27626,63,0
30737,1009,63,0
30738,42615,63,0
30739,24672,63,0
30740,771,63,0
30741,9607,63,0
30742,490,63,0
30743,37784,63,0
30744,40395,63,0
30745,47602,63,0
30746,50917,63,0
30747,42366,63,0
30748,1894,63,0
30749,8714,63,0
30750,4917,63,0
30751,13716,63,0
30752,2169,63,0
30753,26098,63,0
30754,46432,63,0
30755,47502,63,0
30756,18114,63,0
30757,36947,63,0
30758,23923,63,0
30759,23095,63,0
30760,29849,63,0
30761,5271,63,0
30762,13470,63,0
30763,25320,63,0
30764,38348,63,0
30765,2852,63,0
30766,17499,63,0
30767,816,63,0
30768,1585,63,0
30769,42029,63,0
30770,30748,63,0
30771,801,63,0
30772,13094,63,0
30773,8940,63,0
30774,20433,63,0
30775,26146,63,0
30776,39634,63,0
30777,43738,63,0
30778,2597,63,0
30779,11402,63,0
30780,12215,63,0
30781,19652,63,0
30782,9904,63,0
30783,37060,63,0
30784,39480,63,0
30785,512,63,0
30786,11995,63,0
30787,40806,63,0
30788,2794,63,0
30789,38869,63,0
30790,45756,63,0
30791,11051,63,0
30792,2147,63,0
30793,12451,63,0
30794,1524,63,0
30795,4020,63,0
30796,42062,63,0
30797,7511,63,0
30798,4597,63,0
30799,44708,63,0
30800,33234,63,0
30801,629,63,0
30802,1591,63,0
30803,38652,63,0
30804,41052,63,0
30805,8883,63,0
30806,43817,63,0
30807,11650,63,0
30808,39586,63,0
30809,14302,63,0
30810,34199,63,0
30811,43319,63,0
30812,17856,63,0
30813,45778,63,0
30814,8253,63,0
30815,2494,63,0
30816,4729,63,0
30817,28050,63,0
30818,15054,63,0
30819,41853,63,0
30820,42346,63,0
30821,44129,63,0
30822,21229,63,0
30823,642,63,0
30824,34758,63,0
30825,13239,63,0
30826,40719,63,0
30827,33823,63,0
30828,9640,63,0
30829,37712,63,0
30830,29522,63,0
30831,3934,63,0
30832,50350,63,0
30833,1562,63,0
30834,1748,63,0
30835,4083,63,0
30836,6150,63,0
30837,31366,63,0
30838,3443,63,0
30839,16231,63,0
30840,50256,63,0
30841,16577,63,0
30842,1786,63,0
30843,39948,63,0
30844,45404,63,0
30845,31333,63,0
30846,38950,63,0
30847,40061,63,0
30848,29013,63,0
30849,27609,63,0
30850,10445,63,0
30851,41345,63,0
30852,8351,63,0
30853,15424,63,0
30854,25869,63,0
30855,31998,63,0
30856,1156,63,0
30857,34101,63,0
30858,17730,63,0
30859,37924,63,0
30860,40460,63,0
30861,50355,63,0
30862,16408,63,0
30863,43518,63,0
30864,1499,63,0
30865,27821,63,0
30866,6718,63,0
30867,46870,63,0
30868,36151,63,0
30869,1509,63,0
30870,36904,63,0
30871,7367,63,0
30872,41341,63,0
30873,30779,63,0
30874,32099,63,0
30875,10600,63,0
30876,31750,63,0
30877,43211,63,0
30878,32246,63,0
30879,40611,63,0
30880,3665,63,0
30881,35970,63,0
30882,19748,63,0
30883,46003,63,0
30884,49512,63,0
30885,13907,63,0
30886,48291,63,0
30887,34556,63,0
30888,19515,63,0
30889,36888,63,0
30890,43929,63,0
30891,19569,63,0
30892,26997,63,0
30893,12408,63,0
30894,40712,63,0
30895,1810,63,0
30896,9546,63,0
30897,39493,63,0
30898,5113,63,0
30899,38445,63,0
30900,47344,63,0
30901,43899,63,0
30902,35088,63,0
30903,25698,63,0
30904,9603,63,0
30905,45429,63,0
30906,27185,63,0
30907,46751,63,0
30908,42017,63,0
30909,29436,63,0
30910,49462,63,0
30911,29218,63,0
30912,8353,63,0
30913,20154,63,0
30914,20028,63,0
30915,47886,63,0
30916,10334,63,0
30917,19581,63,0
30918,39066,63,0
30919,44693,63,0
30920,6228,63,0
30921,47249,63,0
30922,39950,63,0
30923,38436,63,0
30924,32550,63,0
30925,37773,63,0
30926,17779,63,0
30927,47691,63,0
30928,9516,63,0
30929,39618,63,0
30930,33353,63,0
30931,29604,63,0
30932,3289,63,0
30933,19843,63,0
30934,17767,63,0
30935,532,63,0
30936,47191,63,0
30937,30386,63,0
30938,44447,63,0
30939,46584,63,0
30940,7609,63,0
30941,48669,63,0
30942,48473,63,0
30943,18882,63,0
30944,27048,63,0
30945,26555,63,0
30946,47269,63,0
30947,47255,63,0
30948,32106,63,0
30949,2680,63,0
30950,2559,63,0
30951,27612,63,0
30952,8638,63,0
30953,22618,63,0
30954,10979,63,0
30955,21676,63,0
30956,26765,63,0
30957,49471,63,0
30958,39237,63,0
30959,34558,63,0
30960,50701,63,0
30961,33583,63,0
30962,13785,63,0
30963,2303,63,0
30964,17284,63,0
30965,41676,63,0
30966,12950,63,0
30967,26084,63,0
30968,3431,63,0
30969,49969,63,0
30970,32934,63,0
30971,4275,63,0
30972,27559,63,0
30973,44779,63,0
30974,30717,63,0
30975,10295,63,0
30976,37027,63,0
30977,22761,63,0
30978,46724,63,0
30979,601,63,0
30980,36765,63,0
30981,34158,63,0
30982,16888,63,0
30983,48863,63,0
30984,26151,63,0
30985,4933,63,0
30986,8047,63,0
30987,42871,63,0
30988,27424,63,0
30989,15258,63,0
30990,16920,63,0
30991,22640,63,0
30992,24133,63,0
30993,49597,63,0
30994,15168,63,0
30995,44377,63,0
30996,4285,63,0
30997,47359,63,0
30998,48008,63,0
30999,1125,63,0
31000,21404,63,0
31001,27136,63,0
31002,22695,63,0
31003,30857,63,0
31004,782,63,0
31005,48408,63,0
31006,33120,63,0
31007,7007,63,0
31008,19936,63,0
31009,48732,63,0
31010,3634,63,0
31011,24891,63,0
31012,9709,63,0
31013,43904,63,0
31014,45958,63,0
31015,29252,63,0
31016,37459,63,0
31017,12970,63,0
31018,4675,63,0
31019,32431,63,0
31020,47247,63,0
31021,9183,63,0
31022,40586,63,0
31023,17037,63,0
31024,28726,63,0
31025,44776,63,0
31026,38726,63,0
31027,39054,63,0
31028,49767,63,0
31029,34222,63,0
31030,16867,63,0
31031,528,63,0
31032,31868,63,0
31033,3475,63,0
31034,41603,63,0
31035,15277,63,0
31036,36533,63,0
31037,45191,63,0
31038,32429,63,0
31039,50825,63,0
31040,37870,63,0
31041,47341,63,0
31042,42726,63,0
31043,32804,63,0
31044,28136,63,0
31045,35297,63,0
31046,49198,63,0
31047,50718,63,0
31048,12153,63,0
31049,12185,63,0
31050,2923,63,0
31051,43734,63,0
31052,21577,63,0
31053,22140,63,0
31054,33472,63,0
31055,5060,63,0
31056,32690,63,0
31057,2048,63,0
31058,3358,63,0
31059,7979,63,0
31060,4557,63,0
31061,43135,63,0
31062,30165,63,0
31063,41495,63,0
31064,26567,63,0
31065,12289,63,0
31066,6073,63,0
31067,29666,63,0
31068,20291,63,0
31069,34721,63,0
31070,18868,63,0
31071,12512,63,0
31072,48246,63,0
31073,32627,63,0
31074,12202,63,0
31075,4547,63,0
31076,29673,63,0
31077,41408,63,0
31078,3867,63,0
31079,2906,63,0
31080,31117,63,0
31081,18832,63,0
31082,10401,63,0
31083,35645,63,0
31084,19312,63,0
31085,20909,63,0
31086,31291,63,0
31087,28471,63,0
31088,25830,63,0
31089,16873,63,0
31090,32812,63,0
31091,36230,63,0
31092,35047,63,0
31093,29430,63,0
31094,38786,63,0
31095,39787,63,0
31096,40511,63,0
31097,30452,63,0
31098,6471,63,0
31099,28438,63,0
31100,47975,63,0
31101,14116,63,0
31102,19960,63,0
31103,7809,63,0
31104,21424,63,0
31105,32191,63,0
31106,19175,63,0
31107,1576,63,0
31108,42679,63,0
31109,8036,63,0
31110,49663,63,0
31111,21513,63,0
31112,45811,63,0
31113,17057,63,0
31114,47616,63,0
31115,41784,63,0
31116,27986,63,0
31117,2206,63,0
31118,19311,63,0
31119,8350,63,0
31120,42533,63,0
31121,7387,63,0
31122,24202,63,0
31123,31660,63,0
31124,35005,63,0
31125,14034,63,0
31126,31846,63,0
31127,35127,63,0
31128,40386,63,0
31129,47383,63,0
31130,46167,63,0
31131,44336,63,0
31132,25800,63,0
31133,7972,63,0
31134,25596,63,0
31135,12017,63,0
31136,8886,63,0
31137,4339,63,0
31138,8621,63,0
31139,18129,63,0
31140,41171,63,0
31141,17857,63,0
31142,37107,63,0
31143,46867,63,0
31144,6618,63,0
31145,34318,63,0
31146,21274,63,0
31147,329,63,0
31148,4763,63,0
31149,22710,63,0
31150,6742,63,0
31151,25747,63,0
31152,25990,63,0
31153,4792,63,0
31154,14194,63,0
31155,43612,63,0
31156,29247,63,0
31157,4951,63,0
31158,28889,63,0
31159,17850,63,0
31160,22863,63,0
31161,15994,63,0
31162,8024,63,0
31163,1860,63,0
31164,46273,63,0
31165,31123,63,0
31166,4388,63,0
31167,3109,63,0
31168,35593,63,0
31169,18492,63,0
31170,20486,63,0
31171,10195,63,0
31172,1235,63,0
31173,24064,63,0
31174,43399,63,0
31175,4517,63,0
31176,39596,63,0
31177,4826,63,0
31178,4650,63,0
31179,9024,63,0
31180,49016,63,0
31181,26753,63,0
31182,43452,63,0
31183,34692,63,0
31184,21836,63,0
31185,5362,63,0
31186,34215,63,0
31187,1828,63,0
31188,41403,63,0
31189,20391,63,0
31190,12726,63,0
31191,22683,63,0
31192,23346,63,0
31193,23099,63,0
31194,36348,63,0
31195,43825,63,0
31196,7155,63,0
31197,17826,63,0
31198,29623,63,0
31199,23199,63,0
31200,28576,63,0
31201,21409,63,0
31202,10791,63,0
31203,5188,63,0
31204,553,63,0
31205,2552,63,0
31206,43506,63,0
31207,24016,63,0
31208,47459,63,0
31209,47978,63,0
31210,20306,63,0
31211,11183,63,0
31212,25872,63,0
31213,45927,63,0
31214,12312,63,0
31215,48861,63,0
31216,2195,63,0
31217,48513,63,0
31218,26823,63,0
31219,14057,63,0
31220,33914,63,0
31221,16498,63,0
31222,3892,63,0
31223,1127,63,0
31224,27553,63,0
31225,27022,63,0
31226,3727,63,0
31227,50853,63,0
31228,41808,63,0
31229,29275,63,0
31230,14158,63,0
31231,19935,63,0
31232,37546,63,0
31233,45195,63,0
31234,5450,63,0
31235,20459,63,0
31236,3789,63,0
31237,41587,63,0
31238,19506,63,0
31239,44008,63,0
31240,40950,63,0
31241,12430,63,0
31242,45928,63,0
31243,14069,63,0
31244,11250,63,0
31245,41983,63,0
31246,1414,63,0
31247,13511,63,0
31248,20007,63,0
31249,20804,63,0
31250,16786,63,0
31251,24545,63,0
31252,48654,63,0
31253,41913,63,0
31254,4202,63,0
31255,9571,63,0
31256,29998,63,0
31257,30763,63,0
31258,2686,63,0
31259,46370,63,0
31260,37071,63,0
31261,44396,63,0
31262,45015,63,0
31263,4138,63,0
31264,40900,63,0
31265,5381,63,0
31266,3054,63,0
31267,8221,63,0
31268,21002,63,0
31269,2050,63,0
31270,36159,63,0
31271,1952,63,0
31272,11434,63,0
31273,10746,63,0
31274,26456,63,0
31275,43443,63,0
31276,3073,63,0
31277,35134,63,0
31278,2130,63,0
31279,8635,63,0
31280,919,63,0
31281,46358,63,0
31282,45149,63,0
31283,1811,63,0
31284,942,63,0
31285,43786,63,0
31286,42585,63,0
31287,31749,63,0
31288,24022,63,0
31289,4461,63,0
31290,37685,63,0
31291,23705,63,0
31292,16940,63,0
31293,4669,63,0
31294,38320,63,0
31295,9610,63,0
31296,49559,63,0
31297,24498,63,0
31298,1565,63,0
31299,2711,63,0
31300,46821,63,0
31301,33995,63,0
31302,1300,63,0
31303,20172,63,0
31304,21593,63,0
31305,23591,63,0
31306,41464,63,0
31307,32115,63,0
31308,4194,63,0
31309,8265,63,0
31310,33921,63,0
31311,9535,63,0
31312,22069,63,0
31313,46351,63,0
31314,22918,63,0
31315,42794,63,0
31316,39382,63,0
31317,3460,63,0
31318,37165,63,0
31319,28356,63,0
31320,26592,63,0
31321,47006,63,0
31322,19165,63,0
31323,44668,63,0
31324,23507,63,0
31325,39985,63,0
31326,12590,63,0
31327,1521,63,0
31328,12059,63,0
31329,19989,63,0
31330,7112,63,0
31331,21063,63,0
31332,32241,63,0
31333,6510,63,0
31334,25,63,0
31335,34778,63,0
31336,45846,63,0
31337,1066,63,0
31338,3425,63,0
31339,42279,63,0
31340,39174,63,0
31341,17431,63,0
31342,26159,63,0
31343,8043,63,0
31344,30852,63,0
31345,16868,63,0
31346,13804,63,0
31347,17014,63,0
31348,37016,63,0
31349,20889,63,0
31350,22475,63,0
31351,38750,63,0
31352,40177,63,0
31353,40962,63,0
31354,3058,63,0
31355,4437,63,0
31356,42125,63,0
31357,15853,63,0
31358,26758,63,0
31359,4566,63,0
31360,15374,63,0
31361,38975,63,0
31362,19148,63,0
31363,5680,63,0
31364,13682,63,0
31365,32212,63,0
31366,39856,63,0
31367,22246,63,0
31368,29039,63,0
31369,31495,63,0
31370,38736,63,0
31371,48919,63,0
31372,22330,63,0
31373,46891,63,0
31374,22034,63,0
31375,44326,63,0
31376,29319,63,0
31377,8583,63,0
31378,41222,63,0
31379,16380,63,0
31380,29046,63,0
31381,32234,63,0
31382,2360,63,0
31383,25629,63,0
31384,32884,63,0
31385,26461,63,0
31386,32540,63,0
31387,25549,63,0
31388,31250,63,0
31389,7534,63,0
31390,7895,63,0
31391,28930,63,0
31392,27691,63,0
31393,32389,63,0
31394,13975,63,0
31395,17339,63,0
31396,45017,63,0
31397,1536,63,0
31398,19625,63,0
31399,28490,63,0
31400,45004,63,0
31401,4028,63,0
31402,38240,63,0
31403,13923,63,0
31404,5417,63,0
31405,29860,63,0
31406,47258,63,0
31407,510,63,0
31408,4312,63,0
31409,26143,63,0
31410,31969,63,0
31411,27272,63,0
31412,26264,63,0
31413,3057,63,0
31414,17616,63,0
31415,29485,63,0
31416,15261,63,0
31417,35083,63,0
31418,28901,63,0
31419,25129,63,0
31420,34728,63,0
31421,27725,63,0
31422,14571,63,0
31423,4818,63,0
31424,1167,63,0
31425,32408,63,0
31426,7117,63,0
31427,44522,63,0
31428,20332,63,0
31429,8148,63,0
31430,21052,63,0
31431,7476,63,0
31432,13694,63,0
31433,36873,63,0
31434,5251,63,0
31435,40687,63,0
31436,25877,63,0
31437,18910,63,0
31438,27956,63,0
31439,36927,63,0
31440,27046,63,0
31441,3785,63,0
31442,4653,63,0
31443,42020,63,0
31444,33897,63,0
31445,8354,63,0
31446,47983,63,0
31447,48468,63,0
31448,44340,63,0
31449,37936,63,0
31450,6686,63,0
31451,25832,63,0
31452,31866,63,0
31453,10846,63,0
31454,50740,63,0
31455,39026,63,0
31456,10668,63,0
31457,2952,63,0
31458,24727,63,0
31459,16435,63,0
31460,12930,63,0
31461,30599,63,0
31462,48472,63,0
31463,20851,63,0
31464,10795,63,0
31465,16324,63,0
31466,50705,63,0
31467,29850,63,0
31468,45,63,0
31469,877,63,0
31470,22261,63,0
31471,5908,63,0
31472,46133,63,0
31473,35778,63,0
31474,42266,63,0
31475,26533,63,0
31476,13106,63,0
31477,8777,63,0
31478,49708,63,0
31479,12234,63,0
31480,38665,63,0
31481,40070,63,0
31482,18857,63,0
31483,25924,63,0
31484,38489,63,0
31485,885,63,0
31486,5972,63,0
31487,5003,63,0
31488,24998,63,0
31489,45378,63,0
31490,17212,63,0
31491,15133,63,0
31492,30672,63,0
31493,22030,63,0
31494,28032,63,0
31495,22978,63,0
31496,37723,63,0
31497,42220,63,0
31498,3490,63,0
31499,8273,63,0
31500,38519,63,0
31501,42264,63,0
31502,22899,63,0
31503,42815,63,0
31504,43759,63,0
31505,15023,63,0
31506,26178,63,0
31507,40697,63,0
31508,18961,63,0
31509,2057,63,0
31510,7539,63,0
31511,4245,63,0
31512,34050,63,0
31513,17348,63,0
31514,47412,63,0
31515,50235,63,0
31516,36270,63,0
31517,20661,63,0
31518,47057,63,0
31519,15910,63,0
31520,3571,63,0
31521,39456,63,0
31522,6565,63,0
31523,19841,63,0
31524,16584,63,0
31525,21919,63,0
31526,8453,63,0
31527,50673,63,0
31528,43093,63,0
31529,1347,63,0
31530,24412,63,0
31531,7164,63,0
31532,40492,63,0
31533,18959,63,0
31534,20183,63,0
31535,1859,63,0
31536,45575,63,0
31537,11180,63,0
31538,16800,63,0
31539,40167,63,0
31540,19637,63,0
31541,1433,63,0
31542,4431,63,0
31543,47898,63,0
31544,48186,63,0
31545,45971,63,0
31546,11693,63,0
31547,36641,63,0
31548,27748,63,0
31549,45555,63,0
31550,13323,63,0
31551,15466,63,0
31552,2850,63,0
31553,35918,63,0
31554,4744,63,0
31555,32167,63,0
31556,10732,63,0
31557,68,63,0
31558,10824,63,0
31559,4874,63,0
31560,23084,63,0
31561,45615,63,0
31562,4707,63,0
31563,6653,63,0
31564,23431,63,0
31565,16887,63,0
31566,1842,63,0
31567,23051,63,0
31568,33407,63,0
31569,29330,63,0
31570,6087,63,0
31571,2662,63,0
31572,22222,63,0
31573,23676,63,0
31574,9619,63,0
31575,5000,63,0
31576,10309,63,0
31577,2800,63,0
31578,46301,63,0
31579,15365,63,0
31580,8783,63,0
31581,203,63,0
31582,30243,63,0
31583,41917,63,0
31584,18003,63,0
31585,35881,63,0
31586,36791,63,0
31587,25072,63,0
31588,39572,63,0
31589,1643,63,0
31590,40323,63,0
31591,42069,63,0
31592,49245,63,0
31593,24681,63,0
31594,47101,63,0
31595,25535,63,0
31596,44211,63,0
31597,50008,63,0
31598,1759,63,0
31599,13574,63,0
31600,25269,63,0
31601,5101,63,0
31602,40776,63,0
31603,37907,63,0
31604,38449,63,0
31605,23023,63,0
31606,50021,63,0
31607,15017,63,0
31608,15676,63,0
31609,36389,63,0
31610,27305,63,0
31611,40245,63,0
31612,44789,63,0
31613,24668,63,0
31614,32163,63,0
31615,12406,63,0
31616,31210,63,0
31617,10238,63,0
31618,49749,63,0
31619,8031,63,0
31620,17733,63,0
31621,7441,63,0
31622,29680,63,0
31623,50371,63,0
31624,12705,63,0
31625,39136,63,0
31626,48091,63,0
31627,40205,63,0
31628,24507,63,0
31629,17325,63,0
31630,50502,63,0
31631,26599,63,0
31632,4230,63,0
31633,17538,63,0
31634,25757,63,0
31635,27412,63,0
31636,45307,63,0
31637,16977,63,0
31638,23244,63,0
31639,33654,63,0
31640,40502,63,0
31641,13861,63,0
31642,26842,63,0
31643,18320,63,0
31644,36675,63,0
31645,10706,63,0
31646,37733,63,0
31647,14383,63,0
31648,10606,63,0
31649,20982,63,0
31650,28393,63,0
31651,27572,63,0
31652,41700,63,0
31653,1157,63,0
31654,12079,63,0
31655,9635,63,0
31656,9180,63,0
31657,42892,63,0
31658,10315,63,0
31659,43528,63,0
31660,48703,63,0
31661,1969,63,0
31662,23969,63,0
31663,42885,63,0
31664,38608,63,0
31665,29734,63,0
31666,43302,63,0
31667,48342,63,0
31668,38337,63,0
31669,41719,63,0
31670,17112,63,0
31671,27062,63,0
31672,28596,63,0
31673,24816,63,0
31674,13875,63,0
31675,35861,63,0
31676,43265,63,0
31677,42742,63,0
31678,20950,63,0
31679,49091,63,0
31680,25923,63,0
31681,23554,63,0
31682,6890,63,0
31683,24889,63,0
31684,41409,63,0
31685,22194,63,0
31686,15268,63,0
31687,8018,63,0
31688,24665,63,0
31689,44313,63,0
31690,17233,63,0
31691,6439,63,0
31692,20001,63,0
31693,12396,63,0
31694,49584,63,0
31695,49842,63,0
31696,3944,63,0
31697,7436,63,0
31698,45728,63,0
31699,1783,63,0
31700,39135,63,0
31701,40446,63,0
31702,30854,63,0
31703,9736,63,0
31704,49,63,0
31705,43701,63,0
31706,14616,63,0
31707,37613,63,0
31708,26158,63,0
31709,48449,63,0
31710,34782,63,0
31711,25612,63,0
31712,43169,63,0
31713,15604,63,0
31714,16059,63,0
31715,12956,63,0
31716,18450,63,0
31717,15618,63,0
31718,1818,63,0
31719,25046,63,0
31720,19309,63,0
31721,4774,63,0
31722,572,63,0
31723,34065,63,0
31724,10703,63,0
31725,15596,63,0
31726,41132,63,0
31727,33827,63,0
31728,31821,63,0
31729,1288,63,0
31730,18539,63,0
31731,44259,63,0
31732,43869,63,0
31733,5510,63,0
31734,1651,63,0
31735,45796,63,0
31736,10987,63,0
31737,9950,63,0
31738,24878,63,0
31739,36413,63,0
31740,43634,63,0
31741,7902,63,0
31742,43954,63,0
31743,3878,63,0
31744,117,63,0
31745,29700,63,0
31746,43250,63,0
31747,25553,63,0
31748,41827,63,0
31749,49178,63,0
31750,33725,63,0
31751,13701,63,0
31752,38462,63,0
31753,27678,63,0
31754,22691,63,0
31755,4283,63,0
31756,22647,63,0
31757,50030,63,0
31758,927,63,0
31759,22368,63,0
31760,9083,63,0
31761,2514,63,0
31762,41330,63,0
31763,29199,63,0
31764,37359,63,0
31765,637,63,0
31766,9187,63,0
31767,43748,63,0
31768,27415,63,0
31769,49358,63,0
31770,29401,63,0
31771,17158,63,0
31772,36107,63,0
31773,19270,63,0
31774,30518,63,0
31775,28833,63,0
31776,45464,63,0
31777,21130,63,0
31778,13463,63,0
31779,24478,63,0
31780,25858,63,0
31781,33841,63,0
31782,32575,63,0
31783,15891,63,0
31784,27453,63,0
31785,22856,63,0
31786,27269,63,0
31787,4075,63,0
31788,37350,63,0
31789,35090,63,0
31790,29087,63,0
31791,11170,63,0
31792,12274,63,0
31793,18674,63,0
31794,16726,63,0
31795,5074,63,0
31796,44758,63,0
31797,31140,63,0
31798,21661,63,0
31799,1327,63,0
31800,10038,63,0
31801,9786,63,0
31802,26402,63,0
31803,18749,63,0
31804,26542,63,0
31805,17334,63,0
31806,31064,63,0
31807,19161,63,0
31808,38344,63,0
31809,26354,63,0
31810,42083,63,0
31811,10462,63,0
31812,21474,63,0
31813,35030,63,0
31814,50862,63,0
31815,48600,63,0
31816,31557,63,0
31817,49542,63,0
31818,19383,63,0
31819,46780,63,0
31820,42354,63,0
31821,2734,63,0
31822,23541,63,0
31823,4345,63,0
31824,15323,63,0
31825,2815,63,0
31826,47352,63,0
31827,37664,63,0
31828,4097,63,0
31829,17923,63,0
31830,6547,63,0
31831,4871,63,0
31832,16583,63,0
31833,38441,63,0
31834,18559,63,0
31835,23472,63,0
31836,22255,63,0
31837,46623,63,0
31838,46220,63,0
31839,44629,63,0
31840,36780,63,0
31841,14942,63,0
31842,17763,63,0
31843,39793,63,0
31844,39958,63,0
31845,42837,63,0
31846,1778,63,0
31847,45959,63,0
31848,41334,63,0
31849,7797,63,0
31850,24469,63,0
31851,49165,63,0
31852,17987,63,0
31853,18207,63,0
31854,28825,63,0
31855,345,63,0
31856,49280,63,0
31857,45738,63,0
31858,46830,63,0
31859,16956,63,0
31860,16356,63,0
31861,11145,63,0
31862,10823,63,0
31863,29456,63,0
31864,21815,63,0
31865,1241,63,0
31866,29824,63,0
31867,29821,63,0
31868,44004,63,0
31869,2115,63,0
31870,25441,63,0
31871,47364,63,0
31872,16695,63,0
31873,25176,63,0
31874,47122,63,0
31875,21516,63,0
31876,39749,63,0
31877,28163,63,0
31878,23734,63,0
31879,23438,63,0
31880,17067,63,0
31881,19232,63,0
31882,38916,63,0
31883,8157,63,0
31884,38810,63,0
31885,7922,63,0
31886,10876,63,0
31887,50334,63,0
31888,42501,63,0
31889,43117,63,0
31890,49056,63,0
31891,44072,63,0
31892,10181,63,0
31893,18158,63,0
31894,40754,63,0
31895,42718,63,0
31896,21042,63,0
31897,36102,63,0
31898,12683,63,0
31899,20743,63,0
31900,34997,63,0
31901,5570,63,0
31902,45048,63,0
31903,40452,63,0
31904,5662,63,0
31905,27421,63,0
31906,34656,63,0
31907,15206,63,0
31908,46494,63,0
31909,30807,63,0
31910,41838,63,0
31911,28426,63,0
31912,9732,63,0
31913,32899,63,0
31914,29364,63,0
31915,41550,63,0
31916,3542,63,0
31917,33910,63,0
31918,12434,63,0
31919,20731,63,0
31920,13540,63,0
31921,44451,63,0
31922,40774,63,0
31923,40576,63,0
31924,42653,63,0
31925,19005,63,0
31926,35876,63,0
31927,16123,63,0
31928,9741,63,0
31929,4304,63,0
31930,41154,63,0
31931,32675,63,0
31932,6417,63,0
31933,39890,63,0
31934,14971,63,0
31935,38402,63,0
31936,47075,63,0
31937,33426,63,0
31938,1402,63,0
31939,14472,63,0
31940,49389,63,0
31941,22369,63,0
31942,48210,63,0
31943,16589,63,0
31944,3658,63,0
31945,1600,63,0
31946,32129,63,0
31947,24841,63,0
31948,12083,63,0
31949,44944,63,0
31950,37604,63,0
31951,64,63,0
31952,45067,63,0
31953,1632,63,0
31954,26635,63,0
31955,43946,63,0
31956,43591,63,0
31957,44017,63,0
31958,32734,63,0
31959,7046,63,0
31960,38976,63,0
31961,6153,63,0
31962,38366,63,0
31963,33003,63,0
31964,37688,63,0
31965,1311,63,0
31966,4655,63,0
31967,15053,63,0
31968,3543,63,0
31969,18471,63,0
31970,18697,63,0
31971,48952,63,0
31972,26130,63,0
31973,30551,63,0
31974,45500,63,0
31975,49246,63,0
31976,26915,63,0
31977,29063,63,0
31978,5018,63,0
31979,9529,63,0
31980,3895,63,0
31981,45880,63,0
31982,27586,63,0
31983,3931,63,0
31984,38712,63,0
31985,14219,63,0
31986,8849,63,0
31987,25518,63,0
31988,25915,63,0
31989,22975,63,0
31990,34099,63,0
31991,44909,63,0
31992,22214,63,0
31993,35453,63,0
31994,1134,63,0
31995,5165,63,0
31996,41830,63,0
31997,12355,63,0
31998,36517,63,0
31999,30102,63,0
32000,41708,63,0
32001,32613,63,0
32002,39053,63,0
32003,1900,63,0
32004,27566,63,0
32005,29553,63,0
32006,42348,63,0
32007,17083,63,0
32008,2361,63,0
32009,13122,63,0
32010,31135,63,0
32011,7346,63,0
32012,18852,63,0
32013,33033,63,0
32014,19370,63,0
32015,15021,63,0
32016,22660,63,0
32017,4946,63,0
32018,10684,63,0
32019,40970,63,0
32020,4587,63,0
32021,6387,63,0
32022,16612,63,0
32023,36096,63,0
32024,18598,63,0
32025,8837,63,0
32026,4605,63,0
32027,24643,63,0
32028,38314,63,0
32029,8831,63,0
32030,22497,63,0
32031,35779,63,0
32032,2902,63,0
32033,20186,63,0
32034,967,63,0
32035,25761,63,0
32036,19764,63,0
32037,33608,63,0
32038,9539,63,0
32039,7323,63,0
32040,26918,63,0
32041,9079,63,0
32042,21064,63,0
32043,7270,63,0
32044,50436,63,0
32045,38151,63,0
32046,28404,63,0
32047,13615,63,0
32048,43668,63,0
32049,8097,63,0
32050,24635,63,0
32051,18956,63,0
32052,42423,63,0
32053,19350,63,0
32054,43794,63,0
32055,25432,63,0
32056,47522,63,0
32057,29665,63,0
32058,39657,63,0
32059,2226,63,0
32060,4701,63,0
32061,3708,63,0
32062,45508,63,0
32063,6812,63,0
32064,18090,63,0
32065,29644,63,0
32066,25986,63,0
32067,38653,63,0
32068,20362,63,0
32069,1250,63,0
32070,25146,63,0
32071,7727,63,0
32072,22819,63,0
32073,1154,63,0
32074,28910,63,0
32075,4238,63,0
32076,16046,63,0
32077,14015,63,0
32078,21456,63,0
32079,48966,63,0
32080,10516,63,0
32081,48704,63,0
32082,3447,63,0
32083,46487,63,0
32084,41855,63,0
32085,28619,63,0
32086,30143,63,0
32087,32449,63,0
32088,16948,63,0
32089,29825,63,0
32090,40271,63,0
32091,19592,63,0
32092,28911,63,0
32093,18174,63,0
32094,27342,63,0
32095,39387,63,0
32096,19004,63,0
32097,20826,63,0
32098,6776,63,0
32099,27714,63,0
32100,39526,63,0
32101,44675,63,0
32102,21059,63,0
32103,37620,63,0
32104,13685,63,0
32105,3203,63,0
32106,9999,63,0
32107,36346,63,0
32108,10722,63,0
32109,10237,63,0
32110,17975,63,0
32111,46619,63,0
32112,37335,63,0
32113,27359,63,0
32114,47816,63,0
32115,48879,63,0
32116,14318,63,0
32117,871,63,0
32118,33853,63,0
32119,11456,63,0
32120,42427,63,0
32121,39192,63,0
32122,18850,63,0
32123,16543,63,0
32124,38187,63,0
32125,8233,63,0
32126,34588,63,0
32127,40546,63,0
32128,15433,63,0
32129,25684,63,0
32130,8691,63,0
32131,1139,63,0
32132,31426,63,0
32133,17545,63,0
32134,24627,63,0
32135,8224,63,0
32136,20979,63,0
32137,45286,63,0
32138,20895,63,0
32139,38144,63,0
32140,3402,63,0
32141,13765,63,0
32142,21484,63,0
32143,27874,63,0
32144,1592,63,0
32145,13530,63,0
32146,6743,63,0
32147,26703,63,0
32148,36400,63,0
32149,16804,63,0
32150,31509,63,0
32151,45687,63,0
32152,5128,63,0
32153,39573,63,0
32154,47212,63,0
32155,37331,63,0
32156,42357,63,0
32157,10473,63,0
32158,221,63,0
32159,50580,63,0
32160,38223,63,0
32161,20692,63,0
32162,45515,63,0
32163,41636,63,0
32164,8671,63,0
32165,19466,63,0
32166,14016,63,0
32167,46767,63,0
32168,22284,63,0
32169,21580,63,0
32170,28124,63,0
32171,12000,63,0
32172,3689,63,0
32173,12678,63,0
32174,23108,63,0
32175,5997,63,0
32176,8190,63,0
32177,33662,63,0
32178,8480,63,0
32179,26269,63,0
32180,41425,63,0
32181,44785,63,0
32182,41488,63,0
32183,16460,63,0
32184,19001,63,0
32185,2251,63,0
32186,23098,63,0
32187,41217,63,0
32188,19010,63,0
32189,34086,63,0
32190,39178,63,0
32191,486,63,0
32192,50574,63,0
32193,27615,63,0
32194,33122,63,0
32195,44886,63,0
32196,24895,63,0
32197,43274,63,0
32198,39275,63,0
32199,4212,63,0
32200,39050,63,0
32201,13821,63,0
32202,8896,63,0
32203,47735,63,0
32204,46269,63,0
32205,6215,63,0
32206,41216,63,0
32207,14985,63,0
32208,32021,63,0
32209,18716,63,0
32210,38214,63,0
32211,30709,63,0
32212,46742,63,0
32213,13510,63,0
32214,38165,63,0
32215,20400,63,0
32216,10066,63,0
32217,24102,63,0
32218,38873,63,0
32219,50529,63,0
32220,16062,63,0
32221,26928,63,0
32222,42392,63,0
32223,28537,63,0
32224,18234,63,0
32225,32136,63,0
32226,42821,63,0
32227,20653,63,0
32228,39482,63,0
32229,806,63,0
32230,43140,63,0
32231,9770,63,0
32232,40552,63,0
32233,30560,63,0
32234,18458,63,0
32235,3999,63,0
32236,25032,63,0
32237,50029,63,0
32238,6356,63,0
32239,3413,63,0
32240,11889,63,0
32241,39776,63,0
32242,19267,63,0
32243,16131,63,0
32244,17672,63,0
32245,18039,63,0
32246,41980,63,0
32247,7233,63,0
32248,40613,63,0
32249,44498,63,0
32250,7263,63,0
32251,1177,63,0
32252,49579,63,0
32253,19353,63,0
32254,41626,63,0
32255,1635,63,0
32256,46981,63,0
32257,13007,63,0
32258,26853,63,0
32259,23919,63,0
32260,22415,63,0
32261,2569,63,0
32262,4318,63,0
32263,5735,63,0
32264,40974,63,0
32265,46899,63,0
32266,7505,63,0
32267,23510,63,0
32268,45347,63,0
32269,27291,63,0
32270,26353,63,0
32271,49404,63,0
32272,46544,63,0
32273,21903,63,0
32274,44270,63,0
32275,18944,63,0
32276,36799,63,0
32277,25545,63,0
32278,31873,63,0
32279,37090,63,0
32280,28451,63,0
32281,39673,63,0
32282,16680,63,0
32283,34974,63,0
32284,7652,63,0
32285,3881,63,0
32286,13949,63,0
32287,50809,63,0
32288,18294,63,0
32289,41286,63,0
32290,2137,63,0
32291,39132,63,0
32292,47064,63,0
32293,10612,63,0
32294,33748,63,0
32295,41172,63,0
32296,26198,63,0
32297,49495,63,0
32298,41961,63,0
32299,23915,63,0
32300,45524,63,0
32301,44387,63,0
32302,48754,63,0
32303,8925,63,0
32304,27651,63,0
32305,29852,63,0
32306,9470,63,0
32307,16004,63,0
32308,42331,63,0
32309,19602,63,0
32310,11644,63,0
32311,10608,63,0
32312,22597,63,0
32313,4936,63,0
32314,18031,63,0
32315,28476,63,0
32316,19139,63,0
32317,41498,63,0
32318,26428,63,0
32319,39287,63,0
32320,11060,63,0
32321,17627,63,0
32322,34848,63,0
32323,34648,63,0
32324,6398,63,0
32325,1193,63,0
32326,4668,63,0
32327,20129,63,0
32328,38765,63,0
32329,16919,63,0
32330,20660,63,0
32331,25235,63,0
32332,2318,63,0
32333,30098,63,0
32334,48166,63,0
32335,47339,63,0
32336,40588,63,0
32337,952,63,0
32338,24991,63,0
32339,33515,63,0
32340,4416,63,0
32341,20109,63,0
32342,4093,63,0
32343,44491,63,0
32344,47360,63,0
32345,40722,63,0
32346,2812,63,0
32347,810,63,0
32348,19143,63,0
32349,1528,63,0
32350,1785,63,0
32351,43958,63,0
32352,16517,63,0
32353,41888,63,0
32354,18401,63,0
32355,1496,63,0
32356,23819,63,0
32357,28775,63,0
32358,33881,63,0
32359,37699,63,0
32360,40415,63,0
32361,7926,63,0
32362,20187,63,0
32363,922,63,0
32364,638,63,0
32365,41949,63,0
32366,50037,63,0
32367,16084,63,0
32368,46404,63,0
32369,4184,63,0
32370,36632,63,0
32371,17476,63,0
32372,11463,63,0
32373,48577,63,0
32374,15789,63,0
32375,25298,63,0
32376,5762,63,0
32377,38713,63,0
32378,20006,63,0
32379,12902,63,0
32380,11460,63,0
32381,13528,63,0
32382,25822,63,0
32383,5145,63,0
32384,9826,63,0
32385,14459,63,0
32386,13234,63,0
32387,7578,63,0
32388,24969,63,0
32389,47069,63,0
32390,1091,63,0
32391,41723,63,0
32392,32808,63,0
32393,1909,63,0
32394,13651,63,0
32395,45746,63,0
32396,37205,63,0
32397,19698,63,0
32398,23262,63,0
32399,50799,63,0
32400,13231,63,0
32401,10412,63,0
32402,18334,63,0
32403,46835,63,0
32404,9126,63,0
32405,17481,63,0
32406,2674,63,0
32407,17853,63,0
32408,5298,63,0
32409,50775,63,0
32410,23952,63,0
32411,20953,63,0
32412,24988,63,0
32413,10022,63,0
32414,2974,63,0
32415,28985,63,0
32416,47146,63,0
32417,6881,63,0
32418,23240,63,0
32419,22360,63,0
32420,45895,63,0
32421,1623,63,0
32422,3232,63,0
32423,40752,63,0
32424,10875,63,0
32425,11598,63,0
32426,37401,63,0
32427,4546,63,0
32428,39264,63,0
32429,34390,63,0
32430,25321,63,0
32431,22684,63,0
32432,37713,63,0
32433,45090,63,0
32434,878,63,0
32435,13276,63,0
32436,9410,63,0
32437,48634,63,0
32438,31637,63,0
32439,8686,63,0
32440,18936,63,0
32441,16669,63,0
32442,35265,63,0
32443,5873,63,0
32444,25246,63,0
32445,20526,63,0
32446,38343,63,0
32447,7394,63,0
32448,23543,63,0
32449,49252,63,0
32450,3745,63,0
32451,4914,63,0
32452,9422,63,0
32453,31945,63,0
32454,4487,63,0
32455,24811,63,0
32456,32385,63,0
32457,2155,63,0
32458,20176,63,0
32459,45717,63,0
32460,21768,63,0
32461,27260,63,0
32462,21988,63,0
32463,18584,63,0
32464,33038,63,0
32465,7145,63,0
32466,8984,63,0
32467,41044,63,0
32468,9327,63,0
32469,9989,63,0
32470,28703,63,0
32471,4193,63,0
32472,48344,63,0
32473,32823,63,0
32474,316,63,0
32475,21810,63,0
32476,840,63,0
32477,20405,63,0
32478,48836,63,0
32479,37785,63,0
32480,30786,63,0
32481,13621,63,0
32482,36826,63,0
32483,5433,63,0
32484,19206,63,0
32485,46747,63,0
32486,27635,63,0
32487,14372,63,0
32488,14035,63,0
32489,6452,63,0
32490,9341,63,0
32491,14718,63,0
32492,39068,63,0
32493,2601,63,0
32494,11841,63,0
32495,39559,63,0
32496,37044,63,0
32497,24989,63,0
32498,28323,63,0
32499,50645,63,0
32500,2687,63,0
32501,22760,63,0
32502,49863,63,0
32503,4737,63,0
32504,25293,63,0
32505,32595,63,0
32506,38494,63,0
32507,31899,63,0
32508,34921,63,0
32509,37735,63,0
32510,407,63,0
32511,48800,63,0
32512,46786,63,0
32513,10900,63,0
32514,40100,63,0
32515,19593,63,0
32516,46708,63,0
32517,1706,63,0
32518,48130,63,0
32519,37276,63,0
32520,622,63,0
32521,1578,63,0
32522,1443,63,0
32523,21262,63,0
32524,48012,63,0
32525,37123,63,0
32526,48852,63,0
32527,22202,63,0
32528,46201,63,0
32529,46501,63,0
32530,22109,63,0
32531,19977,63,0
32532,25522,63,0
32533,13754,63,0
32534,20566,63,0
32535,277,63,0
32536,22534,63,0
32537,36840,63,0
32538,20244,63,0
32539,33223,63,0
32540,7032,63,0
32541,28543,63,0
32542,349,63,0
32543,41832,63,0
32544,19850,63,0
32545,14950,63,0
32546,9324,63,0
32547,46865,63,0
32548,1051,63,0
32549,50687,63,0
32550,32826,63,0
32551,8158,63,0
32552,26759,63,0
32553,42181,63,0
32554,35282,63,0
32555,47434,63,0
32556,7030,63,0
32557,23741,63,0
32558,38981,63,0
32559,35745,63,0
32560,5427,63,0
32561,44922,63,0
32562,33585,63,0
32563,36855,63,0
32564,32945,63,0
32565,39799,63,0
32566,27357,63,0
32567,43097,63,0
32568,19000,63,0
32569,13468,63,0
32570,41446,63,0
32571,6097,63,0
32572,50822,63,0
32573,29694,63,0
32574,1263,63,0
32575,397,63,0
32576,30039,63,0
32577,48403,63,0
32578,19302,63,0
32579,36538,63,0
32580,730,63,0
32581,15451,63,0
32582,13179,63,0
32583,27352,63,0
32584,14330,63,0
32585,19675,63,0
32586,44694,63,0
32587,3779,63,0
32588,40125,63,0
32589,18392,63,0
32590,36686,63,0
32591,43567,63,0
32592,4835,63,0
32593,27820,63,0
32594,47211,63,0
32595,24230,63,0
32596,3446,63,0
32597,36457,63,0
32598,41693,63,0
32599,19099,63,0
32600,42261,63,0
32601,876,63,0
32602,3726,63,0
32603,5935,63,0
32604,3264,63,0
32605,21895,63,0
32606,21585,63,0
32607,32533,63,0
32608,13186,63,0
32609,42893,63,0
32610,6272,63,0
32611,44036,63,0
32612,15568,63,0
32613,45683,63,0
32614,29375,63,0
32615,733,63,0
32616,45671,63,0
32617,4497,63,0
32618,8560,63,0
32619,45651,63,0
32620,47779,63,0
32621,27653,63,0
32622,24328,63,0
32623,27465,63,0
32624,39600,63,0
32625,9184,63,0
32626,32973,63,0
32627,22262,63,0
32628,1662,63,0
32629,36691,63,0
32630,18110,63,0
32631,18575,63,0
32632,43321,63,0
32633,50145,63,0
32634,49764,63,0
32635,21089,63,0
32636,49742,63,0
32637,4080,63,0
32638,45858,63,0
32639,32354,63,0
32640,24466,63,0
32641,27548,63,0
32642,30006,63,0
32643,20211,63,0
32644,35262,63,0
32645,11697,63,0
32646,15736,63,0
32647,2487,63,0
32648,46061,63,0
32649,4207,63,0
32650,25319,63,0
32651,12809,63,0
32652,22994,63,0
32653,41895,63,0
32654,3839,63,0
32655,35619,63,0
32656,30534,63,0
32657,48023,63,0
32658,38971,63,0
32659,31049,63,0
32660,45567,63,0
32661,44728,63,0
32662,21764,63,0
32663,6739,63,0
32664,36712,63,0
32665,39973,63,0
32666,29321,63,0
32667,8119,63,0
32668,17064,63,0
32669,33929,63,0
32670,37097,63,0
32671,22275,63,0
32672,22,63,0
32673,41543,63,0
32674,9133,63,0
32675,27460,63,0
32676,36297,63,0
32677,13460,63,0
32678,47853,63,0
32679,35255,63,0
32680,42107,63,0
32681,17040,63,0
32682,32148,63,0
32683,26260,63,0
32684,4465,63,0
32685,39056,63,0
32686,4182,63,0
32687,24524,63,0
32688,338,63,0
32689,22825,63,0
32690,26868,63,0
32691,20734,63,0
32692,31322,63,0
32693,24722,63,0
32694,5022,63,0
32695,34032,63,0
32696,38511,63,0
32697,49113,63,0
32698,6584,63,0
32699,37092,63,0
32700,38528,63,0
32701,11848,63,0
32702,39070,63,0
32703,47833,63,0
32704,14959,63,0
32705,11998,63,0
32706,3318,63,0
32707,45267,63,0
32708,27628,63,0
32709,14484,63,0
32710,37290,63,0
32711,26017,63,0
32712,41010,63,0
32713,12058,63,0
32714,26730,63,0
32715,398,63,0
32716,1875,63,0
32717,38479,63,0
32718,35103,63,0
32719,23460,63,0
32720,41481,63,0
32721,20014,63,0
32722,5180,63,0
32723,11786,63,0
32724,26954,63,0
32725,2817,63,0
32726,26922,63,0
32727,20691,63,0
32728,23188,63,0
32729,8143,63,0
32730,46960,63,0
32731,47300,63,0
32732,18180,63,0
32733,26516,63,0
32734,50166,63,0
32735,24686,63,0
32736,12245,63,0
32737,18873,63,0
32738,32078,63,0
32739,40664,63,0
32740,49568,63,0
32741,9197,63,0
32742,23070,63,0
32743,15673,63,0
32744,297,63,0
32745,1876,63,0
32746,16129,63,0
32747,16403,63,0
32748,28783,63,0
32749,32866,63,0
32750,34469,63,0
32751,10646,63,0
32752,5455,63,0
32753,27867,63,0
32754,45308,63,0
32755,38360,63,0
32756,34207,63,0
32757,19391,63,0
32758,9964,63,0
32759,46582,63,0
32760,48849,63,0
32761,4565,63,0
32762,11289,63,0
32763,9486,63,0
32764,37697,63,0
32765,30348,63,0
32766,41155,63,0
32767,16355,63,0
32768,16608,63,0
32769,36565,63,0
32770,49443,63,0
32771,17081,63,0
32772,37908,63,0
32773,26366,63,0
32774,8961,63,0
32775,44621,63,0
32776,3101,63,0
32777,22659,63,0
32778,45309,63,0
32779,24510,63,0
32780,43972,63,0
32781,10109,63,0
32782,45740,63,0
32783,5100,63,0
32784,14045,63,0
32785,17599,63,0
32786,31348,63,0
32787,34407,63,0
32788,49003,63,0
32789,1373,63,0
32790,41826,63,0
32791,37921,63,0
32792,35369,63,0
32793,35549,63,0
32794,6361,63,0
32795,44064,63,0
32796,31375,63,0
32797,45589,63,0
32798,12455,63,0
32799,36930,63,0
32800,11407,63,0
32801,7677,63,0
32802,38347,63,0
32803,5871,63,0
32804,35042,63,0
32805,40423,63,0
32806,44640,63,0
32807,31344,63,0
32808,44214,63,0
32809,50868,63,0
32810,43222,63,0
32811,43273,63,0
32812,50770,63,0
32813,36653,63,0
32814,46059,63,0
32815,29612,63,0
32816,5883,63,0
32817,28610,63,0
32818,33125,63,0
32819,21560,63,0
32820,14525,63,0
32821,50908,63,0
32822,30277,63,0
32823,16313,63,0
32824,16490,63,0
32825,15821,63,0
32826,43967,63,0
32827,11412,63,0
32828,8303,63,0
32829,27158,63,0
32830,15201,63,0
32831,46661,63,0
32832,39777,63,0
32833,31079,63,0
32834,47010,63,0
32835,46198,63,0
32836,45832,63,0
32837,8852,63,0
32838,42463,63,0
32839,23456,63,0
32840,8787,63,0
32841,18326,63,0
32842,43710,63,0
32843,275,63,0
32844,23243,63,0
32845,46622,63,0
32846,27103,63,0
32847,37650,63,0
32848,43744,63,0
32849,19552,63,0
32850,29192,63,0
32851,3033,63,0
32852,13830,63,0
32853,4908,63,0
32854,22458,63,0
32855,36878,63,0
32856,22887,63,0
32857,19797,63,0
32858,20745,63,0
32859,6960,63,0
32860,19277,63,0
32861,1008,63,0
32862,2483,63,0
32863,5740,63,0
32864,38849,63,0
32865,41320,63,0
32866,32825,63,0
32867,9092,63,0
32868,27703,63,0
32869,33960,63,0
32870,38362,63,0
32871,19714,63,0
32872,38980,63,0
32873,20213,63,0
32874,12002,63,0
32875,34949,63,0
32876,45427,63,0
32877,33509,63,0
32878,10157,63,0
32879,21087,63,0
32880,42505,63,0
32881,19389,63,0
32882,11425,63,0
32883,32369,63,0
32884,12895,63,0
32885,31475,63,0
32886,4686,63,0
32887,4221,63,0
32888,41377,63,0
32889,1446,63,0
32890,22639,63,0
32891,20846,63,0
32892,11703,63,0
32893,3217,63,0
32894,3558,63,0
32895,47182,63,0
32896,44811,63,0
32897,3096,63,0
32898,24298,63,0
32899,40901,63,0
32900,40926,63,0
32901,20752,63,0
32902,34825,63,0
32903,12673,63,0
32904,44159,63,0
32905,29794,63,0
32906,10076,63,0
32907,44981,63,0
32908,1430,63,0
32909,24075,63,0
32910,18274,63,0
32911,16894,63,0
32912,13439,63,0
32913,3357,63,0
32914,2465,63,0
32915,31758,63,0
32916,17206,63,0
32917,11683,63,0
32918,20903,63,0
32919,17693,63,0
32920,12395,63,0
32921,38085,63,0
32922,25221,63,0
32923,11259,63,0
32924,41389,63,0
32925,34298,63,0
32926,17539,63,0
32927,8175,63,0
32928,22541,63,0
32929,2286,63,0
32930,24603,63,0
32931,30099,63,0
32932,15392,63,0
32933,20428,63,0
32934,21172,63,0
32935,1042,63,0
32936,34980,63,0
32937,30090,63,0
32938,1338,63,0
32939,37914,63,0
32940,45679,63,0
32941,13930,63,0
32942,33291,63,0
32943,29027,63,0
32944,31997,63,0
32945,3034,63,0
32946,50460,63,0
32947,45437,63,0
32948,40388,63,0
32949,22108,63,0
32950,43248,63,0
32951,5333,63,0
32952,36801,63,0
32953,5390,63,0
32954,5103,63,0
32955,19256,63,0
32956,1489,63,0
32957,34731,63,0
32958,25314,63,0
32959,9906,63,0
32960,9556,63,0
32961,22745,63,0
32962,1806,63,0
32963,29287,63,0
32964,18046,63,0
32965,48751,63,0
32966,21594,63,0
32967,20382,63,0
32968,34114,63,0
32969,29336,63,0
32970,15945,63,0
32971,25660,63,0
32972,13691,63,0
32973,1283,63,0
32974,21131,63,0
32975,24421,63,0
32976,43519,63,0
32977,25015,63,0
32978,30795,63,0
32979,1603,63,0
32980,40997,63,0
32981,44217,63,0
32982,16781,63,0
32983,47979,63,0
32984,25033,63,0
32985,1945,63,0
32986,39085,63,0
32987,33204,63,0
32988,20549,63,0
32989,21439,63,0
32990,45261,63,0
32991,41085,63,0
32992,32014,63,0
32993,34527,63,0
32994,41559,63,0
32995,17682,63,0
32996,33131,63,0
32997,25539,63,0
32998,36884,63,0
32999,45444,63,0
33000,36810,63,0
33001,39123,63,0
33002,20997,63,0
33003,30836,63,0
33004,35589,63,0
33005,27330,63,0
33006,1777,63,0
33007,45253,63,0
33008,22589,63,0
33009,28773,63,0
33010,30962,63,0
33011,46687,63,0
33012,41583,63,0
33013,43884,63,0
33014,7844,63,0
33015,46136,63,0
33016,47457,63,0
33017,39260,63,0
33018,25004,63,0
33019,47760,63,0
33020,33314,63,0
33021,42591,63,0
33022,48448,63,0
33023,6217,63,0
33024,1605,63,0
33025,4582,63,0
33026,23141,63,0
33027,48390,63,0
33028,16431,63,0
33029,1457,63,0
33030,42551,63,0
33031,38456,63,0
33032,34653,63,0
33033,31912,63,0
33034,38593,63,0
33035,1954,63,0
33036,25687,63,0
33037,37612,63,0
33038,21321,63,0
33039,7808,63,0
33040,44115,63,0
33041,34256,63,0
33042,48691,63,0
33043,20940,63,0
33044,2505,63,0
33045,44488,63,0
33046,2895,63,0
33047,8139,63,0
33048,39717,63,0
33049,23320,63,0
33050,50830,63,0
33051,30533,63,0
33052,22983,63,0
33053,13205,63,0
33054,12262,63,0
33055,7717,63,0
33056,42790,63,0
33057,42285,63,0
33058,32849,63,0
33059,36273,63,0
33060,11442,63,0
33061,559,63,0
33062,20655,63,0
33063,43486,63,0
33064,3361,63,0
33065,34680,63,0
33066,43893,63,0
33067,18115,63,0
33068,19100,63,0
33069,49067,63,0
33070,36549,63,0
33071,24993,63,0
33072,39603,63,0
33073,26355,63,0
33074,26670,63,0
33075,21874,63,0
33076,45915,63,0
33077,1322,63,0
33078,1455,63,0
33079,28432,63,0
33080,26947,63,0
33081,20372,63,0
33082,43618,63,0
33083,4061,63,0
33084,14963,63,0
33085,9165,63,0
33086,4572,63,0
33087,17289,63,0
33088,5375,63,0
33089,25766,63,0
33090,45106,63,0
33091,45037,63,0
33092,33145,63,0
33093,1247,63,0
33094,34910,63,0
33095,35641,63,0
33096,3486,63,0
33097,42442,63,0
33098,1970,63,0
33099,42953,63,0
33100,13304,63,0
33101,12456,63,0
33102,9426,63,0
33103,29372,63,0
33104,25373,63,0
33105,44888,63,0
33106,4036,63,0
33107,25294,63,0
33108,39157,63,0
33109,49008,63,0
33110,1833,63,0
33111,11246,63,0
33112,27597,63,0
33113,12158,63,0
33114,13177,63,0
33115,31511,63,0
33116,36845,63,0
33117,39503,63,0
33118,22811,63,0
33119,41539,63,0
33120,20323,63,0
33121,42184,63,0
33122,38483,63,0
33123,30332,63,0
33124,32775,63,0
33125,20590,63,0
33126,30744,63,0
33127,35557,63,0
33128,4232,63,0
33129,45369,63,0
33130,36004,63,0
33131,48805,63,0
33132,21219,63,0
33133,22403,63,0
33134,30521,63,0
33135,35754,63,0
33136,7516,63,0
33137,28290,63,0
33138,48447,63,0
33139,46356,63,0
33140,22726,63,0
33141,4514,63,0
33142,7812,63,0
33143,22901,63,0
33144,43732,63,0
33145,39830,63,0
33146,29434,63,0
33147,30813,63,0
33148,13169,63,0
33149,4554,63,0
33150,46944,63,0
33151,1469,63,0
33152,5009,63,0
33153,46320,63,0
33154,37774,63,0
33155,33689,63,0
33156,49284,63,0
33157,21950,63,0
33158,41457,63,0
33159,29121,63,0
33160,24733,63,0
33161,3404,63,0
33162,40456,63,0
33163,44367,63,0
33164,8627,63,0
33165,17094,63,0
33166,25130,63,0
33167,4913,63,0
33168,39677,63,0
33169,21710,63,0
33170,4786,63,0
33171,17454,63,0
33172,5757,63,0
33173,43068,63,0
33174,3420,63,0
33175,37802,63,0
33176,39933,63,0
33177,19416,63,0
33178,50496,63,0
33179,41900,63,0
33180,24373,63,0
33181,16088,63,0
33182,16363,63,0
33183,20371,63,0
33184,45293,63,0
33185,38552,63,0
33186,45851,63,0
33187,50495,63,0
33188,27701,63,0
33189,41739,63,0
33190,39786,63,0
33191,8665,63,0
33192,29554,63,0
33193,45706,63,0
33194,376,63,0
33195,20406,63,0
33196,5513,63,0
33197,1186,63,0
33198,1048,63,0
33199,14098,63,0
33200,26307,63,0
33201,24617,63,0
33202,4299,63,0
33203,723,63,0
33204,9314,63,0
33205,24954,63,0
33206,24151,63,0
33207,20919,63,0
33208,1468,63,0
33209,15209,63,0
33210,4672,63,0
33211,8311,63,0
33212,39233,63,0
33213,28100,63,0
33214,23721,63,0
33215,41056,63,0
33216,2704,63,0
33217,14958,63,0
33218,3312,63,0
33219,19327,63,0
33220,49991,63,0
33221,29343,63,0
33222,41030,63,0
33223,1071,63,0
33224,40181,63,0
33225,46065,63,0
33226,7748,63,0
33227,8319,63,0
33228,34547,63,0
33229,33727,63,0
33230,18047,63,0
33231,49086,63,0
33232,39443,63,0
33233,3377,63,0
33234,45820,63,0
33235,11723,63,0
33236,43714,63,0
33237,49580,63,0
33238,5030,63,0
33239,16684,63,0
33240,7549,63,0
33241,41975,63,0
33242,19201,63,0
33243,45126,63,0
33244,24057,63,0
33245,28164,63,0
33246,7903,63,0
33247,33645,63,0
33248,12068,63,0
33249,1478,63,0
33250,27972,63,0
33251,48740,63,0
33252,49201,63,0
33253,24827,63,0
33254,50211,63,0
33255,37094,63,0
33256,2000,63,0
33257,658,63,0
33258,12715,63,0
33259,4311,63,0
33260,2428,63,0
33261,4626,63,0
33262,20471,63,0
33263,24425,63,0
33264,46401,63,0
33265,17061,63,0
33266,10570,63,0
33267,18014,63,0
33268,11945,63,0
33269,10602,63,0
33270,47152,63,0
33271,50497,63,0
33272,15977,63,0
33273,10448,63,0
33274,49222,63,0
33275,32545,63,0
33276,28254,63,0
33277,41372,63,0
33278,12443,63,0
33279,36540,63,0
33280,6397,63,0
33281,3967,63,0
33282,8382,63,0
33283,298,63,0
33284,26891,63,0
33285,41629,63,0
33286,12550,63,0
33287,19469,63,0
33288,22557,63,0
33289,50618,63,0
33290,22584,63,0
33291,35339,63,0
33292,32556,63,0
33293,34132,63,0
33294,7842,63,0
33295,4755,63,0
33296,7149,63,0
33297,45446,63,0
33298,42295,63,0
33299,7495,63,0
33300,14754,63,0
33301,35215,63,0
33302,8549,63,0
33303,22048,63,0
33304,6247,63,0
33305,47784,63,0
33306,26992,63,0
33307,2038,63,0
33308,44158,63,0
33309,41945,63,0
33310,28480,63,0
33311,27367,63,0
33312,32192,63,0
33313,2756,63,0
33314,42251,63,0
33315,14669,63,0
33316,21097,63,0
33317,13017,63,0
33318,26711,63,0
33319,45782,63,0
33320,42178,63,0
33321,8129,63,0
33322,2925,63,0
33323,50063,63,0
33324,26942,63,0
33325,40935,63,0
33326,16041,63,0
33327,45320,63,0
33328,29770,63,0
33329,40923,63,0
33330,35976,63,0
33331,10870,63,0
33332,37191,63,0
33333,23626,63,0
33334,9685,63,0
33335,12973,63,0
33336,368,63,0
33337,49467,63,0
33338,48864,63,0
33339,49974,63,0
33340,39525,63,0
33341,27225,63,0
33342,39365,63,0
33343,44984,63,0
33344,41332,63,0
33345,12343,63,0
33346,17173,63,0
33347,8068,63,0
33348,43070,63,0
33349,24942,63,0
33350,6044,63,0
33351,20748,63,0
33352,6445,63,0
33353,33481,63,0
33354,27026,63,0
33355,22563,63,0
33356,35524,63,0
33357,46112,63,0
33358,5206,63,0
33359,6651,63,0
33360,23156,63,0
33361,48845,63,0
33362,7542,63,0
33363,2091,63,0
33364,7219,63,0
33365,28234,63,0
33366,25782,63,0
33367,45649,63,0
33368,36000,63,0
33369,38409,63,0
33370,1013,63,0
33371,26473,63,0
33372,16298,63,0
33373,33188,63,0
33374,9110,63,0
33375,40566,63,0
33376,43016,63,0
33377,25219,63,0
33378,32285,63,0
33379,41721,63,0
33380,17812,63,0
33381,3576,63,0
33382,10569,63,0
33383,19768,63,0
33384,36252,63,0
33385,3827,63,0
33386,30302,63,0
33387,24987,63,0
33388,7821,63,0
33389,4444,63,0
33390,36474,63,0
33391,11380,63,0
33392,6332,63,0
33393,16637,63,0
33394,25585,63,0
33395,14247,63,0
33396,9878,63,0
33397,16203,63,0
33398,41672,63,0
33399,31963,63,0
33400,36849,63,0
33401,27234,63,0
33402,21487,63,0
33403,1850,63,0
33404,2047,63,0
33405,116,63,0
33406,3290,63,0
33407,33773,63,0
33408,36630,63,0
33409,50022,63,0
33410,2797,63,0
33411,8742,63,0
33412,28970,63,0
33413,48262,63,0
33414,11293,63,0
33415,31077,63,0
33416,2950,63,0
33417,27758,63,0
33418,566,63,0
33419,22451,63,0
33420,14041,63,0
33421,519,63,0
33422,48369,63,0
33423,15723,63,0
33424,18251,63,0
33425,22159,63,0
33426,44897,63,0
33427,27129,63,0
33428,31420,63,0
33429,36552,63,0
33430,24548,63,0
33431,5235,63,0
33432,11931,63,0
33433,19962,63,0
33434,13646,63,0
33435,2425,63,0
33436,49983,63,0
33437,47218,63,0
33438,20465,63,0
33439,31326,63,0
33440,38944,63,0
33441,15694,63,0
33442,1364,63,0
33443,21939,63,0
33444,48683,63,0
33445,31714,63,0
33446,12537,63,0
33447,32829,63,0
33448,1366,63,0
33449,16148,63,0
33450,37968,63,0
33451,47150,63,0
33452,1320,63,0
33453,10545,63,0
33454,48064,63,0
33455,5644,63,0
33456,27329,63,0
33457,10024,63,0
33458,30407,63,0
33459,49812,63,0
33460,9703,63,0
33461,28425,63,0
33462,39190,63,0
33463,26034,63,0
33464,45506,63,0
33465,50918,63,0
33466,14786,63,0
33467,20861,63,0
33468,8830,63,0
33469,32873,63,0
33470,12688,63,0
33471,13502,63,0
33472,7572,63,0
33473,18264,63,0
33474,48027,63,0
33475,19218,63,0
33476,44845,63,0
33477,46225,63,0
33478,33027,63,0
33479,42425,63,0
33480,22906,63,0
33481,8326,63,0
33482,36239,63,0
33483,45542,63,0
33484,22919,63,0
33485,27024,63,0
33486,1298,63,0
33487,16255,63,0
33488,42931,63,0
33489,29369,63,0
33490,45528,63,0
33491,16570,63,0
33492,14269,63,0
33493,48424,63,0
33494,26978,63,0
33495,27964,63,0
33496,4357,63,0
33497,20255,63,0
33498,33080,63,0
33499,43291,63,0
33500,4364,63,0
33501,39547,63,0
33502,1361,63,0
33503,3566,63,0
33504,48877,63,0
33505,22909,63,0
33506,5686,63,0
33507,22664,63,0
33508,41678,63,0
33509,41123,63,0
33510,29675,63,0
33511,50755,63,0
33512,8906,63,0
33513,11916,63,0
33514,34791,63,0
33515,379,63,0
33516,2996,63,0
33517,16943,63,0
33518,36645,63,0
33519,5159,63,0
33520,19732,63,0
33521,21347,63,0
33522,32470,63,0
33523,30625,63,0
33524,14042,63,0
33525,17891,63,0
33526,5549,63,0
33527,3468,63,0
33528,8238,63,0
33529,12023,63,0
33530,13934,63,0
33531,43721,63,0
33532,5752,63,0
33533,13449,63,0
33534,28482,63,0
33535,16163,63,0
33536,4236,63,0
33537,35385,63,0
33538,39307,63,0
33539,45903,63,0
33540,12829,63,0
33541,17305,63,0
33542,13380,63,0
33543,19476,63,0
33544,7954,63,0
33545,4251,63,0
33546,18858,63,0
33547,37973,63,0
33548,8223,63,0
33549,3669,63,0
33550,49477,63,0
33551,38612,63,0
33552,32674,63,0
33553,18184,63,0
33554,49472,63,0
33555,19876,63,0
33556,23673,63,0
33557,26697,63,0
33558,49997,63,0
33559,34479,63,0
33560,38390,63,0
33561,17275,63,0
33562,12376,63,0
33563,39173,63,0
33564,5005,63,0
33565,1132,63,0
33566,38550,63,0
33567,45670,63,0
33568,41213,63,0
33569,31297,63,0
33570,3529,63,0
33571,4606,63,0
33572,5068,63,0
33573,27655,63,0
33574,25371,63,0
33575,17899,63,0
33576,44778,63,0
33577,20791,63,0
33578,21528,63,0
33579,22556,63,0
33580,22930,63,0
33581,41202,63,0
33582,23728,63,0
33583,233,63,0
33584,33940,63,0
33585,7488,63,0
33586,16359,63,0
33587,1220,63,0
33588,11611,63,0
33589,41577,63,0
33590,10422,63,0
33591,45533,63,0
33592,4394,63,0
33593,17702,63,0
33594,31488,63,0
33595,43791,63,0
33596,21298,63,0
33597,32283,63,0
33598,17638,63,0
33599,22050,63,0
33600,7794,63,0
33601,42161,63,0
33602,11113,63,0
33603,3622,63,0
33604,40988,63,0
33605,48885,63,0
33606,40187,63,0
33607,20999,63,0
33608,30214,63,0
33609,17806,63,0
33610,46350,63,0
33611,26962,63,0
33612,27085,63,0
33613,27627,63,0
33614,20816,63,0
33615,25567,63,0
33616,2712,63,0
33617,13946,63,0
33618,23883,63,0
33619,26921,63,0
33620,37625,63,0
33621,31569,63,0
33622,33754,63,0
33623,47433,63,0
33624,1625,63,0
33625,2588,63,0
33626,48784,63,0
33627,22332,63,0
33628,34772,63,0
33629,22443,63,0
33630,16118,63,0
33631,29624,63,0
33632,20545,63,0
33633,29168,63,0
33634,25683,63,0
33635,23833,63,0
33636,16200,63,0
33637,12334,63,0
33638,26487,63,0
33639,41473,63,0
33640,9146,63,0
33641,47310,63,0
33642,40841,63,0
33643,20140,63,0
33644,2721,63,0
33645,39630,63,0
33646,24760,63,0
33647,9969,63,0
33648,20243,63,0
33649,4262,63,0
33650,46838,63,0
33651,41398,63,0
33652,17405,63,0
33653,17356,63,0
33654,28169,63,0
33655,40987,63,0
33656,3807,63,0
33657,21654,63,0
33658,43733,63,0
33659,46258,63,0
33660,8517,63,0
33661,32113,63,0
33662,15511,63,0
33663,7338,63,0
33664,7502,63,0
33665,6858,63,0
33666,13950,63,0
33667,5540,63,0
33668,30027,63,0
33669,5843,63,0
33670,31743,63,0
33671,14067,63,0
33672,2820,63,0
33673,38628,63,0
33674,34716,63,0
33675,25265,63,0
33676,36782,63,0
33677,36160,63,0
33678,11354,63,0
33679,30044,63,0
33680,36368,63,0
33681,23133,63,0
33682,6545,63,0
33683,20429,63,0
33684,38142,63,0
33685,25124,63,0
33686,10568,63,0
33687,12524,63,0
33688,47789,63,0
33689,3080,63,0
33690,47892,63,0
33691,14124,63,0
33692,16644,63,0
33693,2288,63,0
33694,39060,63,0
33695,41927,63,0
33696,29043,63,0
33697,42705,63,0
33698,16230,63,0
33699,21802,63,0
33700,45327,63,0
33701,4682,63,0
33702,25466,63,0
33703,19303,63,0
33704,42967,63,0
33705,24777,63,0
33706,29894,63,0
33707,26948,63,0
33708,23464,63,0
33709,282,63,0
33710,27568,63,0
33711,2670,63,0
33712,37048,63,0
33713,34186,63,0
33714,13539,63,0
33715,48247,63,0
33716,48657,63,0
33717,8856,63,0
33718,5361,63,0
33719,28223,63,0
33720,50505,63,0
33721,43849,63,0
33722,39962,63,0
33723,25240,63,0
33724,32160,63,0
33725,21386,63,0
33726,25171,63,0
33727,9222,63,0
33728,13282,63,0
33729,10059,63,0
33730,18375,63,0
33731,20871,63,0
33732,37916,63,0
33733,2301,63,0
33734,335,63,0
33735,12553,63,0
33736,2196,63,0
33737,30157,63,0
33738,13109,63,0
33739,38493,63,0
33740,46361,63,0
33741,40875,63,0
33742,3838,63,0
33743,23549,63,0
33744,34650,63,0
33745,1161,63,0
33746,13825,63,0
33747,26657,63,0
33748,34253,63,0
33749,30202,63,0
33750,41218,63,0
33751,45499,63,0
33752,13335,63,0
33753,36333,63,0
33754,46421,63,0
33755,18275,63,0
33756,45534,63,0
33757,21441,63,0
33758,47601,63,0
33759,38911,63,0
33760,899,63,0
33761,48134,63,0
33762,45024,63,0
33763,43918,63,0
33764,40942,63,0
33765,41124,63,0
33766,43427,63,0
33767,24196,63,0
33768,11823,63,0
33769,18685,63,0
33770,30937,63,0
33771,6666,63,0
33772,42045,63,0
33773,45018,63,0
33774,36374,63,0
33775,28681,63,0
33776,45271,63,0
33777,23315,63,0
33778,40426,63,0
33779,47338,63,0
33780,5075,63,0
33781,22035,63,0
33782,20047,63,0
33783,24542,63,0
33784,7952,63,0
33785,23979,63,0
33786,49561,63,0
33787,2965,63,0
33788,4518,63,0
33789,10030,63,0
33790,6340,63,0
33791,38523,63,0
33792,18256,63,0
33793,28468,63,0
33794,46651,63,0
33795,16239,63,0
33796,22777,63,0
33797,32161,63,0
33798,17938,63,0
33799,3981,63,0
33800,192,63,0
33801,12057,63,0
33802,7619,63,0
33803,27138,63,0
33804,25050,63,0
33805,23672,63,0
33806,20418,63,0
33807,24828,63,0
33808,27863,63,0
33809,47014,63,0
33810,8753,63,0
33811,43900,63,0
33812,34284,63,0
33813,32570,63,0
33814,25232,63,0
33815,10890,63,0
33816,8193,63,0
33817,213,63,0
33818,45210,63,0
33819,14823,63,0
33820,16455,63,0
33821,47151,63,0
33822,40403,63,0
33823,50268,63,0
33824,25448,63,0
33825,31641,63,0
33826,50835,63,0
33827,17232,63,0
33828,12794,63,0
33829,41396,63,0
33830,24671,63,0
33831,268,63,0
33832,38435,63,0
33833,30016,63,0
33834,36155,63,0
33835,35417,63,0
33836,39043,63,0
33837,36718,63,0
33838,2986,63,0
33839,36477,63,0
33840,12414,63,0
33841,1439,63,0
33842,2256,63,0
33843,38694,63,0
33844,26889,63,0
33845,27093,63,0
33846,43795,63,0
33847,8628,63,0
33848,29471,63,0
33849,17846,63,0
33850,33665,63,0
33851,16503,63,0
33852,11176,63,0
33853,269,63,0
33854,45374,63,0
33855,1868,63,0
33856,33589,63,0
33857,34736,63,0
33858,20039,63,0
33859,5657,63,0
33860,31025,63,0
33861,4328,63,0
33862,6669,63,0
33863,5183,63,0
33864,5988,63,0
33865,45473,63,0
33866,23860,63,0
33867,39076,63,0
33868,6940,63,0
33869,20616,63,0
33870,43653,63,0
33871,28574,63,0
33872,33270,63,0
33873,13985,63,0
33874,44989,63,0
33875,18772,63,0
33876,13213,63,0
33877,16571,63,0
33878,33185,63,0
33879,29386,63,0
33880,2372,63,0
33881,13343,63,0
33882,37378,63,0
33883,9028,63,0
33884,17566,63,0
33885,35204,63,0
33886,20479,63,0
33887,18698,63,0
33888,20862,63,0
33889,16975,63,0
33890,49042,63,0
33891,8851,63,0
33892,20701,63,0
33893,22344,63,0
33894,49548,63,0
33895,18036,63,0
33896,21943,63,0
33897,19098,63,0
33898,32111,63,0
33899,11165,63,0
33900,4204,63,0
33901,19738,63,0
33902,9896,63,0
33903,34456,63,0
33904,37954,63,0
33905,42151,63,0
33906,20920,63,0
33907,3986,63,0
33908,39917,63,0
33909,24330,63,0
33910,25991,63,0
33911,50632,63,0
33912,1915,63,0
33913,40234,63,0
33914,43896,63,0
33915,23558,63,0
33916,10136,63,0
33917,16588,63,0
33918,1335,63,0
33919,18098,63,0
33920,36812,63,0
33921,10734,63,0
33922,14683,63,0
33923,2004,63,0
33924,34809,63,0
33925,24790,63,0
33926,28315,63,0
33927,9234,63,0
33928,19988,63,0
33929,37068,63,0
33930,50404,63,0
33931,46374,63,0
33932,1758,63,0
33933,15506,63,0
33934,42785,63,0
33935,14486,63,0
33936,36425,63,0
33937,609,63,0
33938,8829,63,0
33939,4886,63,0
33940,7025,63,0
33941,36137,63,0
33942,9541,63,0
33943,7798,63,0
33944,49751,63,0
33945,30298,63,0
33946,47062,63,0
33947,41157,63,0
33948,42940,63,0
33949,43217,63,0
33950,37467,63,0
33951,40606,63,0
33952,23181,63,0
33953,13299,63,0
33954,2921,63,0
33955,7500,63,0
33956,10193,63,0
33957,29957,63,0
33958,24418,63,0
33959,33199,63,0
33960,24319,63,0
33961,28043,63,0
33962,2259,63,0
33963,33884,63,0
33964,9649,63,0
33965,50154,63,0
33966,46073,63,0
33967,19183,63,0
33968,15537,63,0
33969,50042,63,0
33970,2901,63,0
33971,13824,63,0
33972,9811,63,0
33973,36674,63,0
33974,25616,63,0
33975,42836,63,0
33976,24602,63,0
33977,3334,63,0
33978,7974,63,0
33979,791,63,0
33980,28883,63,0
33981,41262,63,0
33982,42259,63,0
33983,25229,63,0
33984,7832,63,0
33985,6402,63,0
33986,24594,63,0
33987,18848,63,0
33988,18645,63,0
33989,45426,63,0
33990,38488,63,0
33991,49741,63,0
33992,29714,63,0
33993,23875,63,0
33994,36887,63,0
33995,48543,63,0
33996,34457,63,0
33997,18799,63,0
33998,25472,63,0
33999,30936,63,0
34000,32299,63,0
34001,42282,63,0
34002,21588,63,0
34003,1824,63,0
34004,15878,63,0
34005,4575,63,0
34006,46604,63,0
34007,33982,63,0
34008,25665,63,0
34009,35153,63,0
34010,38455,63,0
34011,4079,63,0
34012,4738,63,0
34013,2758,63,0
34014,48386,63,0
34015,38232,63,0
34016,39270,63,0
34017,24852,63,0
34018,50542,63,0
34019,21822,63,0
34020,13752,63,0
34021,48804,63,0
34022,37633,63,0
34023,48904,63,0
34024,38036,63,0
34025,34380,63,0
34026,2153,63,0
34027,18272,63,0
34028,33077,63,0
34029,28336,63,0
34030,45295,63,0
34031,9572,63,0
34032,12353,63,0
34033,22353,63,0
34034,41230,63,0
34035,23375,63,0
34036,49614,63,0
34037,30325,63,0
34038,16696,63,0
34039,42415,63,0
34040,28090,63,0
34041,9408,63,0
34042,42644,63,0
34043,41771,63,0
34044,44251,63,0
34045,40194,63,0
34046,20270,63,0
34047,43602,63,0
34048,23016,63,0
34049,26348,63,0
34050,6728,63,0
34051,6782,63,0
34052,25933,63,0
34053,8948,63,0
34054,42150,63,0
34055,12634,63,0
34056,36795,63,0
34057,14352,63,0
34058,47092,63,0
34059,28498,63,0
34060,14261,63,0
34061,17823,63,0
34062,39801,63,0
34063,8225,63,0
34064,41944,63,0
34065,8706,63,0
34066,19204,63,0
34067,39923,63,0
34068,37566,63,0
34069,22407,63,0
34070,22269,63,0
34071,2668,63,0
34072,42671,63,0
34073,9405,63,0
34074,12876,63,0
34075,24052,63,0
34076,16587,63,0
34077,9248,63,0
34078,27195,63,0
34079,32489,63,0
34080,27803,63,0
34081,16083,63,0
34082,40303,63,0
34083,47436,63,0
34084,37864,63,0
34085,36807,63,0
34086,16979,63,0
34087,25650,63,0
34088,48652,63,0
34089,1984,63,0
34090,18136,63,0
34091,13306,63,0
34092,29363,63,0
34093,28141,63,0
34094,17286,63,0
34095,28435,63,0
34096,5645,63,0
34097,27332,63,0
34098,14169,63,0
34099,13474,63,0
34100,12952,63,0
34101,32407,63,0
34102,25348,63,0
34103,9484,63,0
34104,20199,63,0
34105,22902,63,0
34106,7780,63,0
34107,36325,63,0
34108,27731,63,0
34109,19810,63,0
34110,11773,63,0
34111,37214,63,0
34112,49756,63,0
34113,6389,63,0
34114,10026,63,0
34115,662,63,0
34116,1431,63,0
34117,37253,63,0
34118,42408,63,0
34119,21917,63,0
34120,26418,63,0
34121,44007,63,0
34122,42802,63,0
34123,4422,63,0
34124,40686,63,0
34125,4595,63,0
34126,14147,63,0
34127,25916,63,0
34128,12439,63,0
34129,33299,63,0
34130,27431,63,0
34131,40758,63,0
34132,41275,63,0
34133,35305,63,0
34134,4055,63,0
34135,13893,63,0
34136,16141,63,0
34137,46631,63,0
34138,50430,63,0
34139,22425,63,0
34140,44038,63,0
34141,16194,63,0
34142,47815,63,0
34143,8793,63,0
34144,16184,63,0
34145,30802,63,0
34146,23208,63,0
34147,5364,63,0
34148,19047,63,0
34149,47510,63,0
34150,22663,63,0
34151,19745,63,0
34152,44373,63,0
34153,6646,63,0
34154,44432,63,0
34155,2807,63,0
34156,39441,63,0
34157,39303,63,0
34158,48465,63,0
34159,26120,63,0
34160,24434,63,0
34161,35541,63,0
34162,47208,63,0
34163,43736,63,0
34164,9748,63,0
34165,23485,63,0
34166,44574,63,0
34167,10508,63,0
34168,7377,63,0
34169,15608,63,0
34170,9960,63,0
34171,530,63,0
34172,4110,63,0
34173,38546,63,0
34174,6680,63,0
34175,28191,63,0
34176,19401,63,0
34177,20717,63,0
34178,47829,63,0
34179,50392,63,0
34180,34673,63,0
34181,14117,63,0
34182,37198,63,0
34183,45829,63,0
34184,38865,63,0
34185,40073,63,0
34186,23052,63,0
34187,39450,63,0
34188,36728,63,0
34189,24792,63,0
34190,48347,63,0
34191,46391,63,0
34192,20819,63,0
34193,23194,63,0
34194,36747,63,0
34195,42714,63,0
34196,39773,63,0
34197,36044,63,0
34198,1895,63,0
34199,12238,63,0
34200,27074,63,0
34201,45009,63,0
34202,5439,63,0
34203,41654,63,0
34204,25205,63,0
34205,21121,63,0
34206,20485,63,0
34207,48955,63,0
34208,8543,63,0
34209,45795,63,0
34210,33016,63,0
34211,39963,63,0
34212,13208,63,0
34213,26031,63,0
34214,26673,63,0
34215,31625,63,0
34216,16618,63,0
34217,28669,63,0
34218,27236,63,0
34219,10411,63,0
34220,41567,63,0
34221,2992,63,0
34222,26521,63,0
34223,47618,63,0
34224,33097,63,0
34225,21351,63,0
34226,44029,63,0
34227,49636,63,0
34228,17459,63,0
34229,39293,63,0
34230,41881,63,0
34231,20367,63,0
34232,26378,63,0
34233,28796,63,0
34234,46255,63,0
34235,4897,63,0
34236,8321,63,0
34237,29780,63,0
34238,24414,63,0
34239,26591,63,0
34240,29690,63,0
34241,30126,63,0
34242,2410,63,0
34243,38430,63,0
34244,27020,63,0
34245,16076,63,0
34246,38210,63,0
34247,19015,63,0
34248,3075,63,0
34249,5789,63,0
34250,14244,63,0
34251,1450,63,0
34252,34115,63,0
34253,3610,63,0
34254,11362,63,0
34255,982,63,0
34256,24690,63,0
34257,10141,63,0
34258,29438,63,0
34259,9457,63,0
34260,45107,63,0
34261,9935,63,0
34262,49841,63,0
34263,22085,63,0
34264,50753,63,0
34265,44233,63,0
34266,8044,63,0
34267,14157,63,0
34268,340,63,0
34269,2324,63,0
34270,7830,63,0
34271,6744,63,0
34272,32046,63,0
34273,43523,63,0
34274,29400,63,0
34275,9966,63,0
34276,49615,63,0
34277,3872,63,0
34278,50924,63,0
34279,21350,63,0
34280,19198,63,0
34281,36090,63,0
34282,4713,63,0
34283,29345,63,0
34284,34843,63,0
34285,42073,63,0
34286,29518,63,0
34287,12386,63,0
34288,12109,63,0
34289,10467,63,0
34290,6709,63,0
34291,48523,63,0
34292,45734,63,0
34293,43373,63,0
34294,1195,63,0
34295,9793,63,0
34296,42341,63,0
34297,26314,63,0
34298,23151,63,0
34299,1671,63,0
34300,44863,63,0
34301,16829,63,0
34302,5778,63,0
34303,6780,63,0
34304,21637,63,0
34305,37079,63,0
34306,24743,63,0
34307,11127,63,0
34308,26863,63,0
34309,16534,63,0
34310,43158,63,0
34311,6466,63,0
34312,19211,63,0
34313,18407,63,0
34314,22491,63,0
34315,18285,63,0
34316,27823,63,0
34317,4912,63,0
34318,23764,63,0
34319,2005,63,0
34320,9292,63,0
34321,16693,63,0
34322,18351,63,0
34323,6854,63,0
34324,15409,63,0
34325,46369,63,0
34326,1379,63,0
34327,19385,63,0
34328,48762,63,0
34329,7275,63,0
34330,40500,63,0
34331,36837,63,0
34332,16119,63,0
34333,34987,63,0
34334,3114,63,0
34335,35592,63,0
34336,32856,63,0
34337,1874,63,0
34338,16318,63,0
34339,50305,63,0
34340,38195,63,0
34341,21734,63,0
34342,37484,63,0
34343,45201,63,0
34344,48032,63,0
34345,44039,63,0
34346,37855,63,0
34347,50616,63,0
34348,26840,63,0
34349,10167,63,0
34350,22552,63,0
34351,41338,63,0
34352,14691,63,0
34353,48422,63,0
34354,18200,63,0
34355,540,63,0
34356,32583,63,0
34357,22826,63,0
34358,33612,63,0
34359,13894,63,0
34360,19728,63,0
34361,36836,63,0
34362,14019,63,0
34363,34438,63,0
34364,2908,63,0
34365,5906,63,0
34366,48925,63,0
34367,41139,63,0
34368,36680,63,0
34369,22350,63,0
34370,5701,63,0
34371,39269,63,0
34372,13922,63,0
34373,3192,63,0
34374,7884,63,0
34375,32406,63,0
34376,37520,63,0
34377,5946,63,0
34378,37373,63,0
34379,18159,63,0
34380,19007,63,0
34381,11540,63,0
34382,26986,63,0
34383,32492,63,0
34384,46773,63,0
34385,27394,63,0
34386,5191,63,0
34387,46103,63,0
34388,29012,63,0
34389,40341,63,0
34390,22229,63,0
34391,32409,63,0
34392,14668,63,0
34393,50657,63,0
34394,18673,63,0
34395,25014,63,0
34396,39415,63,0
34397,24074,63,0
34398,10403,63,0
34399,24235,63,0
34400,4846,63,0
34401,24923,63,0
34402,44648,63,0
34403,13638,63,0
34404,5653,63,0
34405,750,63,0
34406,2586,63,0
34407,14516,63,0
34408,43360,63,0
34409,30662,63,0
34410,32430,63,0
34411,45806,63,0
34412,31341,63,0
34413,40830,63,0
34414,5357,63,0
34415,30514,63,0
34416,45991,63,0
34417,17421,63,0
34418,34913,63,0
34419,42783,63,0
34420,12392,63,0
34421,25301,63,0
34422,42122,63,0
34423,42308,63,0
34424,46674,63,0
34425,44606,63,0
34426,44899,63,0
34427,45259,63,0
34428,42804,63,0
34429,1717,63,0
34430,9168,63,0
34431,3132,63,0
34432,25617,63,0
34433,23766,63,0
34434,5498,63,0
34435,25634,63,0
34436,28433,63,0
34437,9456,63,0
34438,13131,63,0
34439,8782,63,0
34440,46002,63,0
34441,36853,63,0
34442,40278,63,0
34443,39061,63,0
34444,48851,63,0
34445,27622,63,0
34446,46402,63,0
34447,32573,63,0
34448,19947,63,0
34449,28279,63,0
34450,24810,63,0
34451,24562,63,0
34452,34179,63,0
34453,39996,63,0
34454,28488,63,0
34455,10904,63,0
34456,46054,63,0
34457,35018,63,0
34458,50170,63,0
34459,3170,63,0
34460,17839,63,0
34461,16544,63,0
34462,37402,63,0
34463,40660,63,0
34464,19181,63,0
34465,40700,63,0
34466,35569,63,0
34467,43339,63,0
34468,46183,63,0
34469,10049,63,0
34470,23815,63,0
34471,40074,63,0
34472,45039,63,0
34473,44935,63,0
34474,16915,63,0
34475,44165,63,0
34476,38353,63,0
34477,32519,63,0
34478,9160,63,0
34479,8310,63,0
34480,10389,63,0
34481,6719,63,0
34482,27480,63,0
34483,1841,63,0
34484,35660,63,0
34485,33993,63,0
34486,15004,63,0
34487,19133,63,0
34488,31434,63,0
34489,47929,63,0
34490,44043,63,0
34491,40487,63,0
34492,50815,63,0
34493,19451,63,0
34494,7466,63,0
34495,40,63,0
34496,6690,63,0
34497,12592,63,0
34498,47865,63,0
34499,8570,63,0
34500,9788,63,0
34501,15610,63,0
34502,36264,63,0
34503,3216,63,0
34504,17455,63,0
34505,46172,63,0
34506,50878,63,0
34507,39357,63,0
34508,33168,63,0
34509,10674,63,0
34510,5545,63,0
34511,9245,63,0
34512,39423,63,0
34513,43435,63,0
34514,39840,63,0
34515,42175,63,0
34516,32676,63,0
34517,17534,63,0
34518,41411,63,0
34519,2566,63,0
34520,34816,63,0
34521,12117,63,0
34522,43379,63,0
34523,28758,63,0
34524,48107,63,0
34525,41803,63,0
34526,18246,63,0
34527,22193,63,0
34528,2733,63,0
34529,31029,63,0
34530,34800,63,0
34531,10006,63,0
34532,13589,63,0
34533,14070,63,0
34534,14475,63,0
34535,23365,63,0
34536,21091,63,0
34537,40716,63,0
34538,15070,63,0
34539,36856,63,0
34540,27543,63,0
34541,3523,63,0
34542,11436,63,0
34543,35374,63,0
34544,41371,63,0
34545,8217,63,0
34546,26653,63,0
34547,42170,63,0
34548,32436,63,0
34549,1248,63,0
34550,9814,63,0
34551,1661,63,0
34552,8502,63,0
34553,46440,63,0
34554,34496,63,0
34555,23314,63,0
34556,35787,63,0
34557,23690,63,0
34558,21614,63,0
34559,37660,63,0
34560,23594,63,0
34561,2968,63,0
34562,28110,63,0
34563,46945,63,0
34564,17048,63,0
34565,37046,63,0
34566,20980,63,0
34567,35224,63,0
34568,34,63,0
34569,9430,63,0
34570,3370,63,0
34571,27906,63,0
34572,49954,63,0
34573,50449,63,0
34574,6428,63,0
34575,26849,63,0
34576,21559,63,0
34577,22719,63,0
34578,46533,63,0
34579,1734,63,0
34580,38180,63,0
34581,10517,63,0
34582,40868,63,0
34583,37851,63,0
34584,31878,63,0
34585,33999,63,0
34586,49516,63,0
34587,5115,63,0
34588,28005,63,0
34589,39397,63,0
34590,48598,63,0
34591,27550,63,0
34592,26782,63,0
34593,25433,63,0
34594,30532,63,0
34595,30383,63,0
34596,13030,63,0
34597,32031,63,0
34598,43013,63,0
34599,20470,63,0
34600,49496,63,0
34601,5149,63,0
34602,50838,63,0
34603,45317,63,0
34604,49011,63,0
34605,34592,63,0
34606,19629,63,0
34607,6111,63,0
34608,39445,63,0
34609,37951,63,0
34610,47492,63,0
34611,29505,63,0
34612,38228,63,0
34613,23205,63,0
34614,22215,63,0
34615,18593,63,0
34616,16914,63,0
34617,50515,63,0
34618,16499,63,0
34619,43807,63,0
34620,46691,63,0
34621,41702,63,0
34622,9296,63,0
34623,47213,63,0
34624,49649,63,0
34625,2457,63,0
34626,33491,63,0
34627,45682,63,0
34628,5896,63,0
34629,29785,63,0
34630,41110,63,0
34631,45902,63,0
34632,35503,63,0
34633,3233,63,0
34634,48011,63,0
34635,39485,63,0
34636,45675,63,0
34637,26093,63,0
34638,9565,63,0
34639,20058,63,0
34640,7904,63,0
34641,48310,63,0
34642,48115,63,0
34643,25141,63,0
34644,39853,63,0
34645,43311,63,0
34646,22674,63,0
34647,20101,63,0
34648,47230,63,0
34649,38830,63,0
34650,47302,63,0
34651,38252,63,0
34652,28977,63,0
34653,17467,63,0
34654,43638,63,0
34655,20904,63,0
34656,9594,63,0
34657,7596,63,0
34658,25821,63,0
34659,15299,63,0
34660,19048,63,0
34661,17195,63,0
34662,35029,63,0
34663,28042,63,0
34664,25944,63,0
34665,28337,63,0
34666,12494,63,0
34667,12480,63,0
34668,26698,63,0
34669,6697,63,0
34670,20499,63,0
34671,13025,63,0
34672,44807,63,0
34673,42132,63,0
34674,44295,63,0
34675,5964,63,0
34676,19335,63,0
34677,21987,63,0
34678,9990,63,0
34679,19259,63,0
34680,25471,63,0
34681,4474,63,0
34682,44085,63,0
34683,10916,63,0
34684,40883,63,0
34685,11521,63,0
34686,15768,63,0
34687,43762,63,0
34688,21863,63,0
34689,12874,63,0
34690,44188,63,0
34691,17791,63,0
34692,23436,63,0
34693,42935,63,0
34694,10817,63,0
34695,10069,63,0
34696,33142,63,0
34697,17967,63,0
34698,17579,63,0
34699,12071,63,0
34700,20796,63,0
34701,9264,63,0
34702,32326,63,0
34703,28859,63,0
34704,26963,63,0
34705,1987,63,0
34706,3271,63,0
34707,8841,63,0
34708,294,63,0
34709,17809,63,0
34710,7282,63,0
34711,43407,63,0
34712,40560,63,0
34713,41490,63,0
34714,21928,63,0
34715,13947,63,0
34716,6180,63,0
34717,39529,63,0
34718,6567,63,0
34719,12491,63,0
34720,28206,63,0
34721,24152,63,0
34722,33098,63,0
34723,18762,63,0
34724,35346,63,0
34725,13403,63,0
34726,1678,63,0
34727,28021,63,0
34728,46550,63,0
34729,43298,63,0
34730,6564,63,0
34731,16599,63,0
34732,10535,63,0
34733,22216,63,0
34734,22711,63,0
34735,24109,63,0
34736,18948,63,0
34737,32447,63,0
34738,26441,63,0
34739,40369,63,0
34740,29494,63,0
34741,37771,63,0
34742,16232,63,0
34743,13129,63,0
34744,48051,63,0
34745,37304,63,0
34746,16419,63,0
34747,28035,63,0
34748,41955,63,0
34749,43600,63,0
34750,7045,63,0
34751,37717,63,0
34752,26172,63,0
34753,9817,63,0
34754,4739,63,0
34755,34377,63,0
34756,34043,63,0
34757,21534,63,0
34758,19105,63,0
34759,14816,63,0
34760,30057,63,0
34761,7702,63,0
34762,20535,63,0
34763,19800,63,0
34764,21320,63,0
34765,46287,63,0
34766,27661,63,0
34767,11684,63,0
34768,36312,63,0
34769,36392,63,0
34770,19059,63,0
34771,27216,63,0
34772,22678,63,0
34773,13132,63,0
34774,47325,63,0
34775,37438,63,0
34776,19548,63,0
34777,31473,63,0
34778,5500,63,0
34779,30435,63,0
34780,11309,63,0
34781,923,63,0
34782,2677,63,0
34783,45025,63,0
34784,31856,63,0
34785,11640,63,0
34786,3062,63,0
34787,45381,63,0
34788,20203,63,0
34789,15093,63,0
34790,48528,63,0
34791,38003,63,0
34792,45150,63,0
34793,43973,63,0
34794,27300,63,0
34795,26744,63,0
34796,30012,63,0
34797,36455,63,0
34798,35322,63,0
34799,17536,63,0
34800,28085,63,0
34801,29009,63,0
34802,46180,63,0
34803,47342,63,0
34804,35028,63,0
34805,47655,63,0
34806,19993,63,0
34807,39108,63,0
34808,22248,63,0
34809,6045,63,0
34810,27797,63,0
34811,6373,63,0
34812,24578,63,0
34813,464,63,0
34814,20533,63,0
34815,12748,63,0
34816,32081,63,0
34817,43445,63,0
34818,28965,63,0
34819,2104,63,0
34820,49685,63,0
34821,27694,63,0
34822,5730,63,0
34823,31635,63,0
34824,18653,63,0
34825,44212,63,0
34826,49084,63,0
34827,36322,63,0
34828,41553,63,0
34829,35599,63,0
34830,47252,63,0
34831,9378,63,0
34832,10858,63,0
34833,46740,63,0
34834,27686,63,0
34835,3379,63,0
34836,15470,63,0
34837,8989,63,0
34838,42670,63,0
34839,8835,63,0
34840,38683,63,0
34841,23950,63,0
34842,43075,63,0
34843,21074,63,0
34844,32585,63,0
34845,18833,63,0
34846,23754,63,0
34847,32518,63,0
34848,11173,63,0
34849,39257,63,0
34850,38808,63,0
34851,46948,63,0
34852,12290,63,0
34853,18128,63,0
34854,9850,63,0
34855,28692,63,0
34856,12617,63,0
34857,38644,63,0
34858,4284,63,0
34859,45843,63,0
34860,8008,63,0
34861,2265,63,0
34862,35791,63,0
34863,14210,63,0
34864,1574,63,0
34865,10967,63,0
34866,46001,63,0
34867,17771,63,0
34868,25037,63,0
34869,33268,63,0
34870,5933,63,0
34871,43388,63,0
34872,21070,63,0
34873,16068,63,0
34874,352,63,0
34875,2873,63,0
34876,31538,63,0
34877,13943,63,0
34878,46958,63,0
34879,49572,63,0
34880,5880,63,0
34881,35596,63,0
34882,46110,63,0
34883,42180,63,0
34884,2197,63,0
34885,7198,63,0
34886,12878,63,0
34887,7490,63,0
34888,229,63,0
34889,13703,63,0
34890,21600,63,0
34891,17931,63,0
34892,42858,63,0
34893,22735,63,0
34894,8578,63,0
34895,41011,63,0
34896,38307,63,0
34897,24048,63,0
34898,41566,63,0
34899,39247,63,0
34900,40596,63,0
34901,20387,63,0
34902,25951,63,0
34903,40384,63,0
34904,12681,63,0
34905,20329,63,0
34906,34292,63,0
34907,6641,63,0
34908,42749,63,0
34909,39990,63,0
34910,25537,63,0
34911,20201,63,0
34912,36766,63,0
34913,14380,63,0
34914,50823,63,0
34915,28935,63,0
34916,4664,63,0
34917,17204,63,0
34918,23031,63,0
34919,48087,63,0
34920,20113,63,0
34921,42707,63,0
34922,25288,63,0
34923,39416,63,0
34924,4698,63,0
34925,859,63,0
34926,21192,63,0
34927,13509,63,0
34928,35275,63,0
34929,42330,63,0
34930,5785,63,0
34931,41053,63,0
34932,48564,63,0
34933,48391,63,0
34934,7121,63,0
34935,602,63,0
34936,6052,63,0
34937,17554,63,0
34938,2948,63,0
34939,36709,63,0
34940,38658,63,0
34941,421,63,0
34942,48356,63,0
34943,50233,63,0
34944,43511,63,0
34945,12969,63,0
34946,21997,63,0
34947,35725,63,0
34948,41896,63,0
34949,35986,63,0
34950,40263,63,0
34951,37370,63,0
34952,542,63,0
34953,22897,63,0
34954,39334,63,0
34955,37911,63,0
34956,41901,63,0
34957,45502,63,0
34958,16253,63,0
34959,28000,63,0
34960,50899,63,0
34961,10610,63,0
34962,1594,63,0
34963,6622,63,0
34964,5382,63,0
34965,38215,63,0
34966,10217,63,0
34967,26220,63,0
34968,21995,63,0
34969,27028,63,0
34970,16621,63,0
34971,43610,63,0
34972,46310,63,0
34973,46410,63,0
34974,28387,63,0
34975,13,63,0
34976,3618,63,0
34977,24106,63,0
34978,32486,63,0
34979,9027,63,0
34980,14751,63,0
34981,22129,63,0
34982,35677,63,0
34983,29912,63,0
34984,48105,63,0
34985,15868,63,0
34986,24675,63,0
34987,46472,63,0
34988,31257,63,0
34989,23196,63,0
34990,26066,63,0
34991,12269,63,0
34992,9017,63,0
34993,14551,63,0
34994,27455,63,0
34995,50819,63,0
34996,18284,63,0
34997,27915,63,0
34998,37454,63,0
34999,9684,63,0
35000,5931,63,0
35001,19016,63,0
35002,24076,63,0
35003,38570,63,0
35004,23729,63,0
35005,32847,63,0
35006,39171,63,0
35007,14198,63,0
35008,26639,63,0
35009,38908,63,0
35010,22526,63,0
35011,22853,63,0
35012,2278,63,0
35013,44619,63,0
35014,27122,63,0
35015,9745,63,0
35016,26737,63,0
35017,4873,63,0
35018,50484,63,0
35019,7708,63,0
35020,24888,63,0
35021,5257,63,0
35022,5326,63,0
35023,13940,63,0
35024,46151,63,0
35025,20358,63,0
35026,31115,63,0
35027,11906,63,0
35028,7667,63,0
35029,30436,63,0
35030,38922,63,0
35031,15290,63,0
35032,47209,63,0
35033,4532,63,0
35034,30145,63,0
35035,50351,63,0
35036,37600,63,0
35037,36634,63,0
35038,47395,63,0
35039,372,63,0
35040,7696,63,0
35041,3097,63,0
35042,39755,63,0
35043,5884,63,0
35044,48426,63,0
35045,9796,63,0
35046,11956,63,0
35047,18991,63,0
35048,15761,63,0
35049,24588,63,0
35050,50381,63,0
35051,9425,63,0
35052,37420,63,0
35053,47104,63,0
35054,29246,63,0
35055,36006,63,0
35056,46744,63,0
35057,46652,63,0
35058,3135,63,0
35059,16870,63,0
35060,22468,63,0
35061,24190,63,0
35062,25721,63,0
35063,16309,63,0
35064,25306,63,0
35065,35837,63,0
35066,31564,63,0
35067,41995,63,0
35068,2893,63,0
35069,27558,63,0
35070,24453,63,0
35071,35419,63,0
35072,19153,63,0
35073,18290,63,0
35074,4385,63,0
35075,7894,63,0
35076,11833,63,0
35077,7626,63,0
35078,21199,63,0
35079,14049,63,0
35080,40731,63,0
35081,19292,63,0
35082,6473,63,0
35083,853,63,0
35084,22396,63,0
35085,19049,63,0
35086,49491,63,0
35087,15781,63,0
35088,40165,63,0
35089,13578,63,0
35090,49176,63,0
35091,44465,63,0
35092,41459,63,0
35093,10000,63,0
35094,34391,63,0
35095,39972,63,0
35096,2897,63,0
35097,15865,63,0
35098,10923,63,0
35099,22842,63,0
35100,9939,63,0
35101,32683,63,0
35102,46424,63,0
35103,44751,63,0
35104,26741,63,0
35105,41877,63,0
35106,38795,63,0
35107,41509,63,0
35108,19849,63,0
35109,44051,63,0
35110,12597,63,0
35111,37868,63,0
35112,8972,63,0
35113,23807,63,0
35114,14387,63,0
35115,45421,63,0
35116,27317,63,0
35117,29769,63,0
35118,6030,63,0
35119,31823,63,0
35120,28702,63,0
35121,2165,63,0
35122,25104,63,0
35123,33171,63,0
35124,33833,63,0
35125,46041,63,0
35126,45570,63,0
35127,2317,63,0
35128,34976,63,0
35129,3717,63,0
35130,36145,63,0
35131,31697,63,0
35132,21325,63,0
35133,9644,63,0
35134,16414,63,0
35135,41634,63,0
35136,24696,63,0
35137,353,63,0
35138,20556,63,0
35139,24554,63,0
35140,15048,63,0
35141,8569,63,0
35142,9776,63,0
35143,43115,63,0
35144,36300,63,0
35145,42381,63,0
35146,8979,63,0
35147,41776,63,0
35148,44417,63,0
35149,19708,63,0
35150,32002,63,0
35151,49257,63,0
35152,6459,63,0
35153,27429,63,0
35154,15701,63,0
35155,29123,63,0
35156,28111,63,0
35157,22722,63,0
35158,852,63,0
35159,33283,63,0
35160,47482,63,0
35161,1383,63,0
35162,35085,63,0
35163,40976,63,0
35164,41455,63,0
35165,38089,63,0
35166,34742,63,0
35167,20973,63,0
35168,41137,63,0
35169,31615,63,0
35170,18839,63,0
35171,37093,63,0
35172,11840,63,0
35173,50578,63,0
35174,29678,63,0
35175,16317,63,0
35176,1246,63,0
35177,43080,63,0
35178,26742,63,0
35179,41594,63,0
35180,11207,63,0
35181,33279,63,0
35182,44655,63,0
35183,204,63,0
35184,18149,63,0
35185,40226,63,0
35186,38647,63,0
35187,36167,63,0
35188,8263,63,0
35189,35207,63,0
35190,9460,63,0
35191,1359,63,0
35192,3018,63,0
35193,30395,63,0
35194,48268,63,0
35195,23701,63,0
35196,11351,63,0
35197,9031,63,0
35198,49684,63,0
35199,5032,63,0
35200,28579,63,0
35201,29613,63,0
35202,45906,63,0
35203,1593,63,0
35204,27156,63,0
35205,40327,63,0
35206,11799,63,0
35207,984,63,0
35208,14637,63,0
35209,17065,63,0
35210,9537,63,0
35211,37245,63,0
35212,22138,63,0
35213,20392,63,0
35214,22646,63,0
35215,47747,63,0
35216,25174,63,0
35217,33600,63,0
35218,48756,63,0
35219,25223,63,0
35220,29137,63,0
35221,25335,63,0
35222,47969,63,0
35223,4154,63,0
35224,41968,63,0
35225,17228,63,0
35226,14224,63,0
35227,36462,63,0
35228,9121,63,0
35229,15073,63,0
35230,25780,63,0
35231,21716,63,0
35232,23259,63,0
35233,13374,63,0
35234,50348,63,0
35235,2450,63,0
35236,11674,63,0
35237,8415,63,0
35238,20277,63,0
35239,21085,63,0
35240,10991,63,0
35241,30930,63,0
35242,42735,63,0
35243,37311,63,0
35244,13981,63,0
35245,4151,63,0
35246,43017,63,0
35247,32295,63,0
35248,1425,63,0
35249,43271,63,0
35250,23307,63,0
35251,38466,63,0
35252,16348,63,0
35253,8890,63,0
35254,10854,63,0
35255,34593,63,0
35256,46324,63,0
35257,29455,63,0
35258,44512,63,0
35259,18002,63,0
35260,15341,63,0
35261,41734,63,0
35262,4679,63,0
35263,20051,63,0
35264,10807,63,0
35265,27506,63,0
35266,14750,63,0
35267,2502,63,0
35268,39994,63,0
35269,48150,63,0
35270,40111,63,0
35271,42561,63,0
35272,46100,63,0
35273,7439,63,0
35274,48965,63,0
35275,25487,63,0
35276,8900,63,0
35277,29763,63,0
35278,7147,63,0
35279,48293,63,0
35280,49808,63,0
35281,3768,63,0
35282,13236,63,0
35283,35811,63,0
35284,2268,63,0
35285,39234,63,0
35286,21372,63,0
35287,35699,63,0
35288,37265,63,0
35289,50059,63,0
35290,49217,63,0
35291,7963,63,0
35292,26181,63,0
35293,22837,63,0
35294,45091,63,0
35295,28808,63,0
35296,38762,63,0
35297,35144,63,0
35298,43938,63,0
35299,45075,63,0
35300,20552,63,0
35301,23688,63,0
35302,35347,63,0
35303,44436,63,0
35304,33159,63,0
35305,26837,63,0
35306,38262,63,0
35307,14987,63,0
35308,47980,63,0
35309,7154,63,0
35310,111,63,0
35311,6006,63,0
35312,41764,63,0
35313,28015,63,0
35314,8495,63,0
35315,9380,63,0
35316,19023,63,0
35317,44609,63,0
35318,31121,63,0
35319,44006,63,0
35320,35730,63,0
35321,10709,63,0
35322,5818,63,0
35323,6827,63,0
35324,55,63,0
35325,45543,63,0
35326,1539,63,0
35327,42587,63,0
35328,6464,63,0
35329,34345,63,0
35330,21955,63,0
35331,38630,63,0
35332,43769,63,0
35333,28195,63,0
35334,34166,63,0
35335,435,63,0
35336,16483,63,0
35337,26563,63,0
35338,49407,63,0
35339,7781,63,0
35340,34026,63,0
35341,44450,63,0
35342,1174,63,0
35343,42597,63,0
35344,32017,63,0
35345,16108,63,0
35346,21324,63,0
35347,28485,63,0
35348,4628,63,0
35349,26386,63,0
35350,34203,63,0
35351,6450,63,0
35352,31943,63,0
35353,19318,63,0
35354,8122,63,0
35355,43259,63,0
35356,5943,63,0
35357,15794,63,0
35358,43587,63,0
35359,27636,63,0
35360,20366,63,0
35361,36669,63,0
35362,3428,63,0
35363,34046,63,0
35364,15589,63,0
35365,19331,63,0
35366,29607,63,0
35367,1997,63,0
35368,34500,63,0
35369,36577,63,0
35370,24876,63,0
35371,33802,63,0
35372,2843,63,0
35373,3046,63,0
35374,27161,63,0
35375,28487,63,0
35376,45569,63,0
35377,4141,63,0
35378,42592,63,0
35379,47084,63,0
35380,37008,63,0
35381,23790,63,0
35382,30182,63,0
35383,1551,63,0
35384,45626,63,0
35385,7795,63,0
35386,15563,63,0
35387,49463,63,0
35388,18226,63,0
35389,32260,63,0
35390,45775,63,0
35391,20166,63,0
35392,34058,63,0
35393,5354,63,0
35394,23234,63,0
35395,47529,63,0
35396,26069,63,0
35397,47428,63,0
35398,21434,63,0
35399,12043,63,0
35400,43979,63,0
35401,46547,63,0
35402,22341,63,0
35403,39222,63,0
35404,40292,63,0
35405,45914,63,0
35406,25291,63,0
35407,11043,63,0
35408,25173,63,0
35409,28342,63,0
35410,6558,63,0
35411,23134,63,0
35412,25735,63,0
35413,43171,63,0
35414,49383,63,0
35415,10761,63,0
35416,12917,63,0
35417,41356,63,0
35418,31489,63,0
35419,24844,63,0
35420,23585,63,0
35421,13874,63,0
35422,49981,63,0
35423,34519,63,0
35424,11569,63,0
35425,11666,63,0
35426,8919,63,0
35427,1622,63,0
35428,40335,63,0
35429,20052,63,0
35430,14040,63,0
35431,5168,63,0
35432,21508,63,0
35433,3145,63,0
35434,46629,63,0
35435,2856,63,0
35436,16133,63,0
35437,18620,63,0
35438,7183,63,0
35439,39727,63,0
35440,3586,63,0
35441,7132,63,0
35442,25848,63,0
35443,49408,63,0
35444,9229,63,0
35445,11350,63,0
35446,34990,63,0
35447,12287,63,0
35448,2076,63,0
35449,35968,63,0
35450,7975,63,0
35451,35201,63,0
35452,45674,63,0
35453,16091,63,0
35454,2154,63,0
35455,43047,63,0
35456,16176,63,0
35457,34622,63,0
35458,29214,63,0
35459,36362,63,0
35460,7443,63,0
35461,11025,63,0
35462,27364,63,0
35463,22704,63,0
35464,3836,63,0
35465,20473,63,0
35466,28765,63,0
35467,40713,63,0
35468,33898,63,0
35469,35499,63,0
35470,28428,63,0
35471,15825,63,0
35472,20422,63,0
35473,46713,63,0
35474,49387,63,0
35475,15446,63,0
35476,27955,63,0
35477,23419,63,0
35478,13846,63,0
35479,47919,63,0
35480,18358,63,0
35481,49406,63,0
35482,8659,63,0
35483,37533,63,0
35484,19964,63,0
35485,28158,63,0
35486,22456,63,0
35487,36698,63,0
35488,40565,63,0
35489,2434,63,0
35490,13123,63,0
35491,28446,63,0
35492,15131,63,0
35493,40799,63,0
35494,9846,63,0
35495,27600,63,0
35496,44651,63,0
35497,6952,63,0
35498,43662,63,0
35499,35361,63,0
35500,23450,63,0
35501,32739,63,0
35502,9487,63,0
35503,33818,63,0
35504,12605,63,0
35505,36697,63,0
35506,29194,63,0
35507,13831,63,0
35508,418,63,0
35509,957,63,0
35510,28689,63,0
35511,7124,63,0
35512,16289,63,0
35513,7445,63,0
35514,20558,63,0
35515,44561,63,0
35516,22621,63,0
35517,21354,63,0
35518,28814,63,0
35519,48602,63,0
35520,23724,63,0
35521,20062,63,0
35522,37701,63,0
35523,23804,63,0
35524,25723,63,0
35525,13700,63,0
35526,13630,63,0
35527,32889,63,0
35528,14544,63,0
35529,11777,63,0
35530,459,63,0
35531,41932,63,0
35532,48336,63,0
35533,39077,63,0
35534,16770,63,0
35535,6648,63,0
35536,7050,63,0
35537,41841,63,0
35538,36643,63,0
35539,1908,63,0
35540,10721,63,0
35541,5601,63,0
35542,10014,63,0
35543,19909,63,0
35544,36746,63,0
35545,28857,63,0
35546,44797,63,0
35547,27554,63,0
35548,26512,63,0
35549,45587,63,0
35550,9368,63,0
35551,1277,63,0
35552,38945,63,0
35553,7119,63,0
35554,18860,63,0
35555,21261,63,0
35556,12929,63,0
35557,19064,63,0
35558,38115,63,0
35559,43566,63,0
35560,26039,63,0
35561,295,63,0
35562,19578,63,0
35563,47732,63,0
35564,40321,63,0
35565,14576,63,0
35566,11593,63,0
35567,15952,63,0
35568,44501,63,0
35569,37544,63,0
35570,45538,63,0
35571,48867,63,0
35572,38691,63,0
35573,8619,63,0
35574,13533,63,0
35575,31182,63,0
35576,3243,63,0
35577,42480,63,0
35578,2944,63,0
35579,27584,63,0
35580,10206,63,0
35581,38201,63,0
35582,33978,63,0
35583,36603,63,0
35584,31862,63,0
35585,17521,63,0
35586,23144,63,0
35587,41186,63,0
35588,44946,63,0
35589,8118,63,0
35590,28160,63,0
35591,38892,63,0
35592,22328,63,0
35593,39648,63,0
35594,42581,63,0
35595,21366,63,0
35596,4181,63,0
35597,33801,63,0
35598,4563,63,0
35599,43063,63,0
35600,27098,63,0
35601,48140,63,0
35602,17626,63,0
35603,1321,63,0
35604,3407,63,0
35605,36550,63,0
35606,9016,63,0
35607,23628,63,0
35608,14250,63,0
35609,11169,63,0
35610,45929,63,0
35611,24536,63,0
35612,37391,63,0
35613,21954,63,0
35614,36190,63,0
35615,15390,63,0
35616,8398,63,0
35617,29166,63,0
35618,49100,63,0
35619,3813,63,0
35620,3040,63,0
35621,581,63,0
35622,27409,63,0
35623,49027,63,0
35624,9464,63,0
35625,24445,63,0
35626,44765,63,0
35627,39488,63,0
35628,42753,63,0
35629,11558,63,0
35630,8892,63,0
35631,40231,63,0
35632,40652,63,0
35633,12124,63,0
35634,26980,63,0
35635,16283,63,0
35636,43658,63,0
35637,20149,63,0
35638,8090,63,0
35639,8820,63,0
35640,45938,63,0
35641,8905,63,0
35642,37852,63,0
35643,35231,63,0
35644,3224,63,0
35645,4928,63,0
35646,34715,63,0
35647,6524,63,0
35648,42761,63,0
35649,27402,63,0
35650,42139,63,0
35651,33674,63,0
35652,20604,63,0
35653,45901,63,0
35654,30638,63,0
35655,5996,63,0
35656,14613,63,0
35657,32240,63,0
35658,10999,63,0
35659,32816,63,0
35660,44420,63,0
35661,43625,63,0
35662,42216,63,0
35663,21623,63,0
35664,5608,63,0
35665,37972,63,0
35666,39020,63,0
35667,25427,63,0
35668,18356,63,0
35669,45322,63,0
35670,50092,63,0
35671,19760,63,0
35672,40946,63,0
35673,3301,63,0
35674,10877,63,0
35675,1936,63,0
35676,29707,63,0
35677,43005,63,0
35678,23308,63,0
35679,20227,63,0
35680,23417,63,0
35681,49282,63,0
35682,546,63,0
35683,43681,63,0
35684,16273,63,0
35685,29513,63,0
35686,43865,63,0
35687,46417,63,0
35688,34774,63,0
35689,42914,63,0
35690,13438,63,0
35691,6505,63,0
35692,24659,63,0
35693,11904,63,0
35694,48180,63,0
35695,36983,63,0
35696,16508,63,0
35697,20996,63,0
35698,21985,63,0
35699,50683,63,0
35700,11049,63,0
35701,23859,63,0
35702,9600,63,0
35703,42529,63,0
35704,14601,63,0
35705,14961,63,0
35706,1358,63,0
35707,38209,63,0
35708,38206,63,0
35709,36228,63,0
35710,26938,63,0
35711,22354,63,0
35712,50341,63,0
35713,22771,63,0
35714,38531,63,0
35715,50384,63,0
35716,49085,63,0
35717,12122,63,0
35718,3761,63,0
35719,12711,63,0
35720,13301,63,0
35721,10925,63,0
35722,48031,63,0
35723,4085,63,0
35724,45987,63,0
35725,24965,63,0
35726,22580,63,0
35727,4697,63,0
35728,9872,63,0
35729,5970,63,0
35730,4934,63,0
35731,39936,63,0
35732,47461,63,0
35733,8371,63,0
35734,45144,63,0
35735,44263,63,0
35736,48623,63,0
35737,34903,63,0
35738,27237,63,0
35739,5504,63,0
35740,39718,63,0
35741,40769,63,0
35742,8202,63,0
35743,40448,63,0
35744,45863,63,0
35745,48128,63,0
35746,7871,63,0
35747,8950,63,0
35748,40412,63,0
35749,14778,63,0
35750,9420,63,0
35751,24922,63,0
35752,29098,63,0
35753,15826,63,0
35754,25341,63,0
35755,9391,63,0
35756,37270,63,0
35757,47941,63,0
35758,20562,63,0
35759,41063,63,0
35760,48579,63,0
35761,40152,63,0
35762,29086,63,0
35763,46111,63,0
35764,6880,63,0
35765,44388,63,0
35766,20595,63,0
35767,7489,63,0
35768,31413,63,0
35769,41227,63,0
35770,424,63,0
35771,5764,63,0
35772,45919,63,0
35773,38735,63,0
35774,6176,63,0
35775,6998,63,0
35776,15607,63,0
35777,13944,63,0
35778,49303,63,0
35779,6412,63,0
35780,31113,63,0
35781,19498,63,0
35782,43036,63,0
35783,21857,63,0
35784,30463,63,0
35785,8935,63,0
35786,29003,63,0
35787,21921,63,0
35788,38741,63,0
35789,3534,63,0
35790,50885,63,0
35791,16330,63,0
35792,48928,63,0
35793,38727,63,0
35794,40153,63,0
35795,6764,63,0
35796,24861,63,0
35797,39767,63,0
35798,41237,63,0
35799,11586,63,0
35800,41847,63,0
35801,41282,63,0
35802,20970,63,0
35803,3088,63,0
35804,4924,63,0
35805,5826,63,0
35806,38108,63,0
35807,50200,63,0
35808,17996,63,0
35809,14769,63,0
35810,6444,63,0
35811,40764,63,0
35812,38936,63,0
35813,36464,63,0
35814,3108,63,0
35815,9790,63,0
35816,36114,63,0
35817,33197,63,0
35818,1426,63,0
35819,10819,63,0
35820,6810,63,0
35821,4837,63,0
35822,7893,63,0
35823,29396,63,0
35824,21426,63,0
35825,13941,63,0
35826,26824,63,0
35827,40710,63,0
35828,36998,63,0
35829,26282,63,0
35830,19757,63,0
35831,38888,63,0
35832,29120,63,0
35833,51,63,0
35834,19402,63,0
35835,43208,63,0
35836,31307,63,0
35837,1660,63,0
35838,32919,63,0
35839,22376,63,0
35840,44025,63,0
35841,21847,63,0
35842,20527,63,0
35843,2872,63,0
35844,38893,63,0
35845,33028,63,0
35846,49857,63,0
35847,38978,63,0
35848,31830,63,0
35849,37414,63,0
35850,48298,63,0
35851,46265,63,0
35852,12015,63,0
35853,48184,63,0
35854,29067,63,0
35855,2825,63,0
35856,37110,63,0
35857,971,63,0
35858,14243,63,0
35859,44300,63,0
35860,24462,63,0
35861,35630,63,0
35862,18919,63,0
35863,11432,63,0
35864,9406,63,0
35865,35280,63,0
35866,13093,63,0
35867,25770,63,0
35868,317,63,0
35869,16801,63,0
35870,27737,63,0
35871,10815,63,0
35872,37900,63,0
35873,24967,63,0
35874,20801,63,0
35875,772,63,0
35876,31583,63,0
35877,23026,63,0
35878,42097,63,0
35879,47567,63,0
35880,28318,63,0
35881,46796,63,0
35882,9885,63,0
35883,43267,63,0
35884,34533,63,0
35885,50130,63,0
35886,28923,63,0
35887,21736,63,0
35888,28996,63,0
35889,26137,63,0
35890,14611,63,0
35891,19022,63,0
35892,9672,63,0
35893,43695,63,0
35894,5654,63,0
35895,39517,63,0
35896,10567,63,0
35897,37939,63,0
35898,3252,63,0
35899,44133,63,0
35900,24937,63,0
35901,8660,63,0
35902,28656,63,0
35903,31411,63,0
35904,48573,63,0
35905,25541,63,0
35906,40437,63,0
35907,21093,63,0
35908,1738,63,0
35909,43696,63,0
35910,41541,63,0
35911,6440,63,0
35912,34950,63,0
35913,22675,63,0
35914,11669,63,0
35915,17979,63,0
35916,40603,63,0
35917,50857,63,0
35918,39128,63,0
35919,2650,63,0
35920,34044,63,0
35921,8567,63,0
35922,23965,63,0
35923,47798,63,0
35924,4274,63,0
35925,15256,63,0
35926,5526,63,0
35927,40879,63,0
35928,7327,63,0
35929,38225,63,0
35930,12784,63,0
35931,42854,63,0
35932,19546,63,0
35933,16711,63,0
35934,3171,63,0
35935,5136,63,0
35936,43800,63,0
35937,21920,63,0
35938,48271,63,0
35939,30223,63,0
35940,37948,63,0
35941,21433,63,0
35942,28469,63,0
35943,19526,63,0
35944,13143,63,0
35945,17527,63,0
35946,46759,63,0
35947,8291,63,0
35948,44932,63,0
35949,32244,63,0
35950,34246,63,0
35951,4929,63,0
35952,43629,63,0
35953,19407,63,0
35954,2869,63,0
35955,50706,63,0
35956,9945,63,0
35957,49019,63,0
35958,27462,63,0
35959,26232,63,0
35960,18008,63,0
35961,20822,63,0
35962,47437,63,0
35963,31138,63,0
35964,42829,63,0
35965,23206,63,0
35966,16177,63,0
35967,8476,63,0
35968,26379,63,0
35969,18517,63,0
35970,1714,63,0
35971,37056,63,0
35972,2975,63,0
35973,12496,63,0
35974,46264,63,0
35975,44111,63,0
35976,42895,63,0
35977,27749,63,0
35978,16568,63,0
35979,35104,63,0
35980,18855,63,0
35981,26173,63,0
35982,13688,63,0
35983,8383,63,0
35984,25217,63,0
35985,25844,63,0
35986,16830,63,0
35987,8699,63,0
35988,21786,63,0
35989,10443,63,0
35990,48169,63,0
35991,44854,63,0
35992,7951,63,0
35993,12847,63,0
35994,2732,63,0
35995,39794,63,0
35996,8186,63,0
35997,3029,63,0
35998,24986,63,0
35999,7221,63,0
36000,23184,63,0
36001,48716,63,0
36002,47026,63,0
36003,46190,63,0
36004,28077,63,0
36005,4438,63,0
36006,43956,63,0
36007,48141,63,0
36008,48374,63,0
36009,43516,63,0
36010,27775,63,0
36011,45521,63,0
36012,43233,63,0
36013,7859,63,0
36014,49757,63,0
36015,23652,63,0
36016,23357,63,0
36017,21397,63,0
36018,12483,63,0
36019,14018,63,0
36020,44781,63,0
36021,3494,63,0
36022,19144,63,0
36023,2924,63,0
36024,29202,63,0
36025,43708,63,0
36026,346,63,0
36027,24839,63,0
36028,18348,63,0
36029,25166,63,0
36030,17510,63,0
36031,44247,63,0
36032,8026,63,0
36033,3524,63,0
36034,40909,63,0
36035,20883,63,0
36036,17794,63,0
36037,857,63,0
36038,20758,63,0
36039,31345,63,0
36040,19609,63,0
36041,47221,63,0
36042,25599,63,0
36043,1409,63,0
36044,6818,63,0
36045,28395,63,0
36046,31452,63,0
36047,14068,63,0
36048,44572,63,0
36049,32164,63,0
36050,15439,63,0
36051,17428,63,0
36052,24364,63,0
36053,38807,63,0
36054,10090,63,0
36055,39744,63,0
36056,50863,63,0
36057,632,63,0
36058,30368,63,0
36059,2323,63,0
36060,25278,63,0
36061,34417,63,0
36062,11003,63,0
36063,28804,63,0
36064,23242,63,0
36065,28398,63,0
36066,45729,63,0
36067,44203,63,0
36068,26077,63,0
36069,20063,63,0
36070,44145,63,0
36071,26323,63,0
36072,24256,63,0
36073,45103,63,0
36074,49379,63,0
36075,4703,63,0
36076,49356,63,0
36077,12487,63,0
36078,28140,63,0
36079,7181,63,0
36080,12861,63,0
36081,47639,63,0
36082,49051,63,0
36083,37821,63,0
36084,31895,63,0
36085,21005,63,0
36086,26229,63,0
36087,50695,63,0
36088,39978,63,0
36089,47200,63,0
36090,24310,63,0
36091,43090,63,0
36092,11992,63,0
36093,42384,63,0
36094,6411,63,0
36095,45921,63,0
36096,35293,63,0
36097,21632,63,0
36098,43834,63,0
36099,9447,63,0
36100,39302,63,0
36101,19442,63,0
36102,21804,63,0
36103,14221,63,0
36104,2880,63,0
36105,31008,63,0
36106,7090,63,0
36107,27188,63,0
36108,33266,63,0
36109,39825,63,0
36110,37124,63,0
36111,18474,63,0
36112,8056,63,0
36113,44610,63,0
36114,8827,63,0
36115,27727,63,0
36116,32850,63,0
36117,41894,63,0
36118,28063,63,0
36119,1196,63,0
36120,44090,63,0
36121,50326,63,0
36122,5224,63,0
36123,14592,63,0
36124,47155,63,0
36125,39376,63,0
36126,883,63,0
36127,5619,63,0
36128,28592,63,0
36129,43651,63,0
36130,42922,63,0
36131,24940,63,0
36132,35188,63,0
36133,23695,63,0
36134,42775,63,0
36135,45657,63,0
36136,1423,63,0
36137,34073,63,0
36138,37591,63,0
36139,21357,63,0
36140,6032,63,0
36141,15762,63,0
36142,19117,63,0
36143,50647,63,0
36144,43803,63,0
36145,22676,63,0
36146,43995,63,0
36147,38731,63,0
36148,31486,63,0
36149,18148,63,0
36150,31894,63,0
36151,4538,63,0
36152,27524,63,0
36153,30553,63,0
36154,2969,63,0
36155,38017,63,0
36156,15996,63,0
36157,22025,63,0
36158,40520,63,0
36159,31921,63,0
36160,9307,63,0
36161,4884,63,0
36162,42426,63,0
36163,16409,63,0
36164,35148,63,0
36165,21846,63,0
36166,16378,63,0
36167,42475,63,0
36168,5099,63,0
36169,34640,63,0
36170,46163,63,0
36171,26186,63,0
36172,23534,63,0
36173,49052,63,0
36174,12777,63,0
36175,20421,63,0
36176,2796,63,0
36177,44747,63,0
36178,6309,63,0
36179,46024,63,0
36180,25897,63,0
36181,19145,63,0
36182,42564,63,0
36183,33143,63,0
36184,36163,63,0
36185,17516,63,0
36186,20409,63,0
36187,24785,63,0
36188,28934,63,0
36189,45312,63,0
36190,15185,63,0
36191,23608,63,0
36192,35900,63,0
36193,21388,63,0
36194,33657,63,0
36195,19878,63,0
36196,44938,63,0
36197,8200,63,0
36198,42709,63,0
36199,8847,63,0
36200,29859,63,0
36201,44710,63,0
36202,50501,63,0
36203,32807,63,0
36204,23122,63,0
36205,11459,63,0
36206,35961,63,0
36207,47820,63,0
36208,36610,63,0
36209,22471,63,0
36210,40804,63,0
36211,8109,63,0
36212,36754,63,0
36213,40090,63,0
36214,4691,63,0
36215,37783,63,0
36216,22703,63,0
36217,32819,63,0
36218,38974,63,0
36219,28995,63,0
36220,15767,63,0
36221,40600,63,0
36222,7636,63,0
36223,30127,63,0
36224,18976,63,0
36225,20894,63,0
36226,49393,63,0
36227,9494,63,0
36228,44692,63,0
36229,1814,63,0
36230,47219,63,0
36231,39181,63,0
36232,46394,63,0
36233,41512,63,0
36234,33373,63,0
36235,23056,63,0
36236,18675,63,0
36237,6839,63,0
36238,35365,63,0
36239,24355,63,0
36240,50178,63,0
36241,46382,63,0
36242,3451,63,0
36243,49441,63,0
36244,47041,63,0
36245,49451,63,0
36246,23694,63,0
36247,237,63,0
36248,18928,63,0
36249,37375,63,0
36250,39544,63,0
36251,19441,63,0
36252,31793,63,0
36253,6614,63,0
36254,13744,63,0
36255,9973,63,0
36256,21945,63,0
36257,36189,63,0
36258,28180,63,0
36259,33343,63,0
36260,23926,63,0
36261,2357,63,0
36262,26932,63,0
36263,11312,63,0
36264,4775,63,0
36265,31156,63,0
36266,26410,63,0
36267,29239,63,0
36268,16531,63,0
36269,3747,63,0
36270,21212,63,0
36271,26225,63,0
36272,17397,63,0
36273,18248,63,0
36274,34682,63,0
36275,18315,63,0
36276,872,63,0
36277,30830,63,0
36278,35056,63,0
36279,21166,63,0
36280,29759,63,0
36281,11474,63,0
36282,47723,63,0
36283,46365,63,0
36284,15940,63,0
36285,920,63,0
36286,45176,63,0
36287,33432,63,0
36288,26381,63,0
36289,6438,63,0
36290,4816,63,0
36291,22592,63,0
36292,789,63,0
36293,25977,63,0
36294,29606,63,0
36295,45547,63,0
36296,31132,63,0
36297,40233,63,0
36298,27012,63,0
36299,15958,63,0
36300,16484,63,0
36301,48664,63,0
36302,6119,63,0
36303,46464,63,0
36304,23867,63,0
36305,43580,63,0
36306,13636,63,0
36307,1624,63,0
36308,36734,63,0
36309,23397,63,0
36310,13849,63,0
36311,36687,63,0
36312,15864,63,0
36313,38345,63,0
36314,41161,63,0
36315,35749,63,0
36316,49537,63,0
36317,47335,63,0
36318,39315,63,0
36319,35732,63,0
36320,43012,63,0
36321,36670,63,0
36322,19208,63,0
36323,44519,63,0
36324,12019,63,0
36325,6957,63,0
36326,43531,63,0
36327,18025,63,0
36328,769,63,0
36329,35187,63,0
36330,26685,63,0
36331,14392,63,0
36332,4848,63,0
36333,12585,63,0
36334,30263,63,0
36335,9843,63,0
36336,32236,63,0
36337,43022,63,0
36338,6605,63,0
36339,7450,63,0
36340,7692,63,0
36341,43851,63,0
36342,49459,63,0
36343,46896,63,0
36344,4006,63,0
36345,45111,63,0
36346,34023,63,0
36347,47850,63,0
36348,50477,63,0
36349,23829,63,0
36350,3541,63,0
36351,46366,63,0
36352,3022,63,0
36353,49753,63,0
36354,8591,63,0
36355,7410,63,0
36356,49195,63,0
36357,31940,63,0
36358,34785,63,0
36359,1328,63,0
36360,48934,63,0
36361,36790,63,0
36362,38283,63,0
36363,14908,63,0
36364,46447,63,0
36365,741,63,0
36366,21092,63,0
36367,12957,63,0
36368,20102,63,0
36369,47964,63,0
36370,15059,63,0
36371,1231,63,0
36372,37400,63,0
36373,40227,63,0
36374,24700,63,0
36375,42120,63,0
36376,22547,63,0
36377,32882,63,0
36378,30492,63,0
36379,24574,63,0
36380,50489,63,0
36381,46302,63,0
36382,5925,63,0
36383,50768,63,0
36384,43520,63,0
36385,26898,63,0
36386,30978,63,0
36387,27774,63,0
36388,13973,63,0
36389,5405,63,0
36390,8846,63,0
36391,42572,63,0
36392,18923,63,0
36393,44169,63,0
36394,6261,63,0
36395,23486,63,0
36396,18466,63,0
36397,49716,63,0
36398,7531,63,0
36399,2454,63,0
36400,43362,63,0
36401,38983,63,0
36402,16198,63,0
36403,31900,63,0
36404,21185,63,0
36405,28594,63,0
36406,49944,63,0
36407,16744,63,0
36408,12545,63,0
36409,32799,63,0
36410,11898,63,0
36411,8019,63,0
36412,2067,63,0
36413,26421,63,0
36414,968,63,0
36415,5071,63,0
36416,40977,63,0
36417,5301,63,0
36418,11571,63,0
36419,16753,63,0
36420,5337,63,0
36421,8775,63,0
36422,49054,63,0
36423,8446,63,0
36424,44836,63,0
36425,22152,63,0
36426,50476,63,0
36427,34530,63,0
36428,47558,63,0
36429,49912,63,0
36430,196,63,0
36431,19030,63,0
36432,23938,63,0
36433,11074,63,0
36434,10216,63,0
36435,34951,63,0
36436,9761,63,0
36437,18608,63,0
36438,13309,63,0
36439,10021,63,0
36440,5072,63,0
36441,44968,63,0
36442,38123,63,0
36443,30617,63,0
36444,22444,63,0
36445,2622,63,0
36446,5325,63,0
36447,39689,63,0
36448,20467,63,0
36449,44730,63,0
36450,46898,63,0
36451,14822,63,0
36452,34475,63,0
36453,34210,63,0
36454,22867,63,0
36455,14682,63,0
36456,48404,63,0
36457,11258,63,0
36458,35479,63,0
36459,8709,63,0
36460,37764,63,0
36461,13966,63,0
36462,15995,63,0
36463,6926,63,0
36464,47060,63,0
36465,33819,63,0
36466,20177,63,0
36467,47027,63,0
36468,7290,63,0
36469,10659,63,0
36470,17727,63,0
36471,34887,63,0
36472,19285,63,0
36473,838,63,0
36474,23939,63,0
36475,20520,63,0
36476,32616,63,0
36477,6779,63,0
36478,36003,63,0
36479,22581,63,0
36480,603,63,0
36481,25946,63,0
36482,18904,63,0
36483,37100,63,0
36484,12849,63,0
36485,7435,63,0
36486,49777,63,0
36487,33865,63,0
36488,27139,63,0
36489,7507,63,0
36490,37282,63,0
36491,33655,63,0
36492,18224,63,0
36493,39873,63,0
36494,17570,63,0
36495,9719,63,0
36496,49735,63,0
36497,16585,63,0
36498,15935,63,0
36499,1032,63,0
36500,46707,63,0
36501,31120,63,0
36502,17436,63,0
36503,41094,63,0
36504,28978,63,0
36505,44998,63,0
36506,45123,63,0
36507,4315,63,0
36508,8288,63,0
36509,25039,63,0
36510,47464,63,0
36511,18032,63,0
36512,25194,63,0
36513,39955,63,0
36514,30222,63,0
36515,8598,63,0
36516,6773,63,0
36517,46170,63,0
36518,23881,63,0
36519,19240,63,0
36520,46101,63,0
36521,17277,63,0
36522,16593,63,0
36523,40610,63,0
36524,1004,63,0
36525,35689,63,0
36526,35673,63,0
36527,39772,63,0
36528,10233,63,0
36529,15092,63,0
36530,49771,63,0
36531,1834,63,0
36532,41211,63,0
36533,35337,63,0
36534,33969,63,0
36535,21611,63,0
36536,40486,63,0
36537,21128,63,0
36538,21158,63,0
36539,46388,63,0
36540,29311,63,0
36541,34373,63,0
36542,38450,63,0
36543,6992,63,0
36544,17019,63,0
36545,2504,63,0
36546,44713,63,0
36547,30226,63,0
36548,39537,63,0
36549,443,63,0
36550,219,63,0
36551,16274,63,0
36552,22174,63,0
36553,10103,63,0
36554,28756,63,0
36555,2437,63,0
36556,43770,63,0
36557,823,63,0
36558,1729,63,0
36559,44963,63,0
36560,15757,63,0
36561,31631,63,0
36562,30245,63,0
36563,9095,63,0
36564,27238,63,0
36565,36491,63,0
36566,20576,63,0
36567,33210,63,0
36568,45458,63,0
36569,42294,63,0
36570,23083,63,0
36571,48616,63,0
36572,23125,63,0
36573,50278,63,0
36574,37005,63,0
36575,37442,63,0
36576,46174,63,0
36577,2567,63,0
36578,47241,63,0
36579,11832,63,0
36580,15138,63,0
36581,42649,63,0
36582,37661,63,0
36583,17958,63,0
36584,40855,63,0
36585,36394,63,0
36586,2515,63,0
36587,10117,63,0
36588,50105,63,0
36589,49832,63,0
36590,3067,63,0
36591,9463,63,0
36592,21159,63,0
36593,16742,63,0
36594,16530,63,0
36595,20185,63,0
36596,38728,63,0
36597,6536,63,0
36598,32275,63,0
36599,24750,63,0
36600,17372,63,0
36601,34116,63,0
36602,31245,63,0
36603,30792,63,0
36604,17217,63,0
36605,7390,63,0
36606,1401,63,0
36607,19604,63,0
36608,47927,63,0
36609,41845,63,0
36610,39643,63,0
36611,27790,63,0
36612,48992,63,0
36613,31859,63,0
36614,10752,63,0
36615,1236,63,0
36616,43029,63,0
36617,41747,63,0
36618,12921,63,0
36619,26749,63,0
36620,37707,63,0
36621,25805,63,0
36622,49623,63,0
36623,24519,63,0
36624,24885,63,0
36625,177,63,0
36626,45735,63,0
36627,27806,63,0
36628,39806,63,0
36629,2565,63,0
36630,25290,63,0
36631,13089,63,0
36632,4661,63,0
36633,42614,63,0
36634,23437,63,0
36635,23685,63,0
36636,12147,63,0
36637,37698,63,0
36638,48123,63,0
36639,5057,63,0
36640,33437,63,0
36641,50779,63,0
36642,1226,63,0
36643,10926,63,0
36644,4918,63,0
36645,45998,63,0
36646,11831,63,0
36647,36992,63,0
36648,46858,63,0
36649,32277,63,0
36650,13778,63,0
36651,27450,63,0
36652,18135,63,0
36653,40379,63,0
36654,29329,63,0
36655,37765,63,0
36656,594,63,0
36657,44829,63,0
36658,7264,63,0
36659,24530,63,0
36660,8954,63,0
36661,28863,63,0
36662,41427,63,0
36663,33315,63,0
36664,3629,63,0
36665,1921,63,0
36666,11446,63,0
36667,8368,63,0
36668,25312,63,0
36669,41696,63,0
36670,26422,63,0
36671,38086,63,0
36672,10742,63,0
36673,47028,63,0
36674,48227,63,0
36675,1115,63,0
36676,21485,63,0
36677,12615,63,0
36678,22223,63,0
36679,7801,63,0
36680,12120,63,0
36681,12150,63,0
36682,44615,63,0
36683,8073,63,0
36684,7238,63,0
36685,42155,63,0
36686,28327,63,0
36687,31215,63,0
36688,26580,63,0
36689,9892,63,0
36690,11542,63,0
36691,15270,63,0
36692,21952,63,0
36693,32373,63,0
36694,34015,63,0
36695,28677,63,0
36696,41201,63,0
36697,31588,63,0
36698,5774,63,0
36699,45486,63,0
36700,2912,63,0
36701,36343,63,0
36702,16663,63,0
36703,21663,63,0
36704,21747,63,0
36705,49109,63,0
36706,3548,63,0
36707,37567,63,0
36708,27302,63,0
36709,5523,63,0
36710,18000,63,0
36711,40493,63,0
36712,30088,63,0
36713,5048,63,0
36714,19115,63,0
36715,39096,63,0
36716,44696,63,0
36717,39722,63,0
36718,36654,63,0
36719,34660,63,0
36720,6166,63,0
36721,46913,63,0
36722,6409,63,0
36723,38870,63,0
36724,7782,63,0
36725,35501,63,0
36726,6038,63,0
36727,43950,63,0
36728,22977,63,0
36729,23149,63,0
36730,15777,63,0
36731,5214,63,0
36732,7266,63,0
36733,8542,63,0
36734,47289,63,0
36735,43137,63,0
36736,22765,63,0
36737,35316,63,0
36738,32610,63,0
36739,37584,63,0
36740,40990,63,0
36741,40912,63,0
36742,11612,63,0
36743,11700,63,0
36744,37169,63,0
36745,8913,63,0
36746,32844,63,0
36747,8395,63,0
36748,36472,63,0
36749,44894,63,0
36750,25843,63,0
36751,19508,63,0
36752,46420,63,0
36753,50229,63,0
36754,20620,63,0
36755,36421,63,0
36756,18283,63,0
36757,21517,63,0
36758,40352,63,0
36759,22692,63,0
36760,14185,63,0
36761,33891,63,0
36762,11301,63,0
36763,6329,63,0
36764,3225,63,0
36765,2016,63,0
36766,12846,63,0
36767,40986,63,0
36768,35363,63,0
36769,26661,63,0
36770,19226,63,0
36771,45448,63,0
36772,10078,63,0
36773,29367,63,0
36774,22788,63,0
36775,35853,63,0
36776,9218,63,0
36777,3830,63,0
36778,5234,63,0
36779,49581,63,0
36780,50588,63,0
36781,33146,63,0
36782,32264,63,0
36783,22613,63,0
36784,41040,63,0
36785,38785,63,0
36786,43703,63,0
36787,1638,63,0
36788,2853,63,0
36789,13641,63,0
36790,604,63,0
36791,18932,63,0
36792,50882,63,0
36793,8711,63,0
36794,6206,63,0
36795,13115,63,0
36796,35984,63,0
36797,31639,63,0
36798,46558,63,0
36799,10910,63,0
36800,45387,63,0
36801,22677,63,0
36802,5052,63,0
36803,36158,63,0
36804,47580,63,0
36805,45214,63,0
36806,10199,63,0
36807,39291,63,0
36808,29864,63,0
36809,45315,63,0
36810,5221,63,0
36811,33166,63,0
36812,42289,63,0
36813,21647,63,0
36814,34483,63,0
36815,37393,63,0
36816,26463,63,0
36817,26527,63,0
36818,34946,63,0
36819,10970,63,0
36820,12140,63,0
36821,4092,63,0
36822,7148,63,0
36823,36756,63,0
36824,17059,63,0
36825,39266,63,0
36826,15635,63,0
36827,5854,63,0
36828,6159,63,0
36829,10893,63,0
36830,47741,63,0
36831,16228,63,0
36832,20898,63,0
36833,37180,63,0
36834,8507,63,0
36835,39822,63,0
36836,45752,63,0
36837,13257,63,0
36838,38418,63,0
36839,28552,63,0
36840,3784,63,0
36841,42994,63,0
36842,14620,63,0
36843,17830,63,0
36844,35586,63,0
36845,17705,63,0
36846,20722,63,0
36847,1968,63,0
36848,1584,63,0
36849,8228,63,0
36850,47106,63,0
36851,39200,63,0
36852,33525,63,0
36853,180,63,0
36854,5571,63,0
36855,40424,63,0
36856,14305,63,0
36857,36871,63,0
36858,2699,63,0
36859,40554,63,0
36860,8022,63,0
36861,3817,63,0
36862,23173,63,0
36863,628,63,0
36864,43312,63,0
36865,16720,63,0
36866,25742,63,0
36867,39560,63,0
36868,18950,63,0
36869,9694,63,0
36870,45613,63,0
36871,28931,63,0
36872,590,63,0
36873,45359,63,0
36874,21956,63,0
36875,50296,63,0
36876,48698,63,0
36877,4719,63,0
36878,46853,63,0
36879,37586,63,0
36880,24941,63,0
36881,43784,63,0
36882,3703,63,0
36883,29502,63,0
36884,31324,63,0
36885,39272,63,0
36886,48324,63,0
36887,47450,63,0
36888,25874,63,0
36889,49127,63,0
36890,19414,63,0
36891,37305,63,0
36892,39729,63,0
36893,752,63,0
36894,28051,63,0
36895,22783,63,0
36896,45606,63,0
36897,20040,63,0
36898,16567,63,0
36899,28727,63,0
36900,45873,63,0
36901,36905,63,0
36902,5738,63,0
36903,14329,63,0
36904,27503,63,0
36905,45603,63,0
36906,33542,63,0
36907,20633,63,0
36908,24808,63,0
36909,26360,63,0
36910,30172,63,0
36911,10595,63,0
36912,9633,63,0
36913,35663,63,0
36914,17338,63,0
36915,48519,63,0
36916,17670,63,0
36917,15753,63,0
36918,36475,63,0
36919,29526,63,0
36920,50369,63,0
36921,26575,63,0
36922,49487,63,0
36923,46060,63,0
36924,39691,63,0
36925,40324,63,0
36926,27202,63,0
36927,43268,63,0
36928,43813,63,0
36929,15956,63,0
36930,27646,63,0
36931,42928,63,0
36932,6295,63,0
36933,36503,63,0
36934,34460,63,0
36935,18133,63,0
36936,31747,63,0
36937,18241,63,0
36938,5863,63,0
36939,1699,63,0
36940,10065,63,0
36941,18061,63,0
36942,29702,63,0
36943,49213,63,0
36944,3654,63,0
36945,29346,63,0
36946,48565,63,0
36947,25156,63,0
36948,50398,63,0
36949,19225,63,0
36950,36111,63,0
36951,1626,63,0
36952,49380,63,0
36953,5011,63,0
36954,6271,63,0
36955,45407,63,0
36956,37830,63,0
36957,34454,63,0
36958,11997,63,0
36959,21667,63,0
36960,48491,63,0
36961,44014,63,0
36962,16285,63,0
36963,815,63,0
36964,44624,63,0
36965,7491,63,0
36966,39427,63,0
36967,49055,63,0
36968,40645,63,0
36969,50373,63,0
36970,35775,63,0
36971,46603,63,0
36972,33829,63,0
36973,42172,63,0
36974,21163,63,0
36975,45536,63,0
36976,37988,63,0
36977,30960,63,0
36978,38816,63,0
36979,44035,63,0
36980,5553,63,0
36981,40269,63,0
36982,18840,63,0
36983,41505,63,0
36984,44832,63,0
36985,50,63,0
36986,39420,63,0
36987,28403,63,0
36988,6054,63,0
36989,7620,63,0
36990,675,63,0
36991,37296,63,0
36992,49460,63,0
36993,25069,63,0
36994,46614,63,0
36995,48773,63,0
36996,31483,63,0
36997,45697,63,0
36998,32722,63,0
36999,49662,63,0
37000,27857,63,0
37001,43206,63,0
37002,49975,63,0
37003,40682,63,0
37004,19424,63,0
37005,20802,63,0
37006,18937,63,0
37007,2801,63,0
37008,21644,63,0
37009,22634,63,0
37010,13967,63,0
37011,28818,63,0
37012,1782,63,0
37013,16882,63,0
37014,22859,63,0
37015,16358,63,0
37016,7269,63,0
37017,28218,63,0
37018,32146,63,0
37019,16321,63,0
37020,9113,63,0
37021,13350,63,0
37022,19965,63,0
37023,31579,63,0
37024,21848,63,0
37025,36397,63,0
37026,23607,63,0
37027,47855,63,0
37028,33467,63,0
37029,29178,63,0
37030,45431,63,0
37031,45725,63,0
37032,35193,63,0
37033,3390,63,0
37034,27073,63,0
37035,8695,63,0
37036,25244,63,0
37037,3412,63,0
37038,29910,63,0
37039,47111,63,0
37040,43527,63,0
37041,37260,63,0
37042,24528,63,0
37043,45283,63,0
37044,24287,63,0
37045,5323,63,0
37046,21961,63,0
37047,50790,63,0
37048,21471,63,0
37049,4616,63,0
37050,25211,63,0
37051,2819,63,0
37052,37843,63,0
37053,2999,63,0
37054,39033,63,0
37055,37241,63,0
37056,13768,63,0
37057,43804,63,0
37058,22750,63,0
37059,15754,63,0
37060,44477,63,0
37061,44003,63,0
37062,43087,63,0
37063,22339,63,0
37064,6498,63,0
37065,35356,63,0
37066,17357,63,0
37067,27452,63,0
37068,16213,63,0
37069,38245,63,0
37070,9550,63,0
37071,27665,63,0
37072,48178,63,0
37073,6124,63,0
37074,34835,63,0
37075,50051,63,0
37076,31264,63,0
37077,41564,63,0
37078,39159,63,0
37079,16153,63,0
37080,50333,63,0
37081,47187,63,0
37082,4452,63,0
37083,16246,63,0
37084,48549,63,0
37085,27023,63,0
37086,17740,63,0
37087,7768,63,0
37088,34576,63,0
37089,46085,63,0
37090,25051,63,0
37091,2717,63,0
37092,29830,63,0
37093,27183,63,0
37094,4025,63,0
37095,207,63,0
37096,29360,63,0
37097,4390,63,0
37098,5824,63,0
37099,11853,63,0
37100,9522,63,0
37101,27168,63,0
37102,12552,63,0
37103,39702,63,0
37104,40247,63,0
37105,30216,63,0
37106,17765,63,0
37107,43084,63,0
37108,45619,63,0
37109,43546,63,0
37110,11391,63,0
37111,11181,63,0
37112,17717,63,0
37113,15706,63,0
37114,41384,63,0
37115,43197,63,0
37116,6575,63,0
37117,14039,63,0
37118,42113,63,0
37119,43741,63,0
37120,7601,63,0
37121,39454,63,0
37122,27560,63,0
37123,31437,63,0
37124,48942,63,0
37125,27017,63,0
37126,8348,63,0
37127,44824,63,0
37128,31650,63,0
37129,26526,63,0
37130,19995,63,0
37131,31134,63,0
37132,23358,63,0
37133,36424,63,0
37134,36130,63,0
37135,21387,63,0
37136,12817,63,0
37137,10750,63,0
37138,44634,63,0
37139,50881,63,0
37140,8927,63,0
37141,42379,63,0
37142,45290,63,0
37143,41376,63,0
37144,17790,63,0
37145,28380,63,0
37146,34243,63,0
37147,18903,63,0
37148,12645,63,0
37149,17904,63,0
37150,21927,63,0
37151,44933,63,0
37152,23932,63,0
37153,2173,63,0
37154,12893,63,0
37155,22059,63,0
37156,27708,63,0
37157,27980,63,0
37158,9620,63,0
37159,47321,63,0
37160,41581,63,0
37161,27413,63,0
37162,28262,63,0
37163,8242,63,0
37164,34726,63,0
37165,40476,63,0
37166,42769,63,0
37167,11671,63,0
37168,26506,63,0
37169,49321,63,0
37170,2577,63,0
37171,38994,63,0
37172,37681,63,0
37173,21256,63,0
37174,8663,63,0
37175,16287,63,0
37176,31956,63,0
37177,18499,63,0
37178,50085,63,0
37179,31298,63,0
37180,1470,63,0
37181,27380,63,0
37182,34740,63,0
37183,20943,63,0
37184,46245,63,0
37185,8716,63,0
37186,49456,63,0
37187,48043,63,0
37188,43439,63,0
37189,40720,63,0
37190,43287,63,0
37191,40599,63,0
37192,16096,63,0
37193,32588,63,0
37194,28587,63,0
37195,4027,63,0
37196,1133,63,0
37197,37384,63,0
37198,531,63,0
37199,35664,63,0
37200,703,63,0
37201,18024,63,0
37202,2831,63,0
37203,13806,63,0
37204,28616,63,0
37205,13834,63,0
37206,25837,63,0
37207,45237,63,0
37208,19982,63,0
37209,12460,63,0
37210,35321,63,0
37211,38237,63,0
37212,36910,63,0
37213,20591,63,0
37214,43901,63,0
37215,1948,63,0
37216,29052,63,0
37217,16972,63,0
37218,20401,63,0
37219,29572,63,0
37220,28287,63,0
37221,29636,63,0
37222,8492,63,0
37223,13643,63,0
37224,3422,63,0
37225,11241,63,0
37226,20537,63,0
37227,31,63,0
37228,49893,63,0
37229,44374,63,0
37230,39399,63,0
37231,25153,63,0
37232,574,63,0
37233,23835,63,0
37234,42071,63,0
37235,19027,63,0
37236,17016,63,0
37237,46805,63,0
37238,16837,63,0
37239,13665,63,0
37240,23837,63,0
37241,45140,63,0
37242,13719,63,0
37243,19985,63,0
37244,6395,63,0
37245,19428,63,0
37246,44685,63,0
37247,38937,63,0
37248,12482,63,0
37249,20814,63,0
37250,23294,63,0
37251,25140,63,0
37252,26350,63,0
37253,23977,63,0
37254,24650,63,0
37255,20847,63,0
37256,24098,63,0
37257,23168,63,0
37258,1819,63,0
37259,26356,63,0
37260,38213,63,0
37261,19684,63,0
37262,37930,63,0
37263,2697,63,0
37264,40041,63,0
37265,29070,63,0
37266,40197,63,0
37267,6431,63,0
37268,39457,63,0
37269,32069,63,0
37270,50729,63,0
37271,14504,63,0
37272,12457,63,0
37273,50813,63,0
37274,29290,63,0
37275,26492,63,0
37276,30426,63,0
37277,22933,63,0
37278,48687,63,0
37279,24144,63,0
37280,50558,63,0
37281,23492,63,0
37282,39124,63,0
37283,17548,63,0
37284,27530,63,0
37285,36237,63,0
37286,10515,63,0
37287,12599,63,0
37288,34678,63,0
37289,28067,63,0
37290,17388,63,0
37291,6705,63,0
37292,14708,63,0
37293,14512,63,0
37294,25368,63,0
37295,10884,63,0
37296,42483,63,0
37297,9142,63,0
37298,32334,63,0
37299,21138,63,0
37300,22015,63,0
37301,17491,63,0
37302,20386,63,0
37303,45200,63,0
37304,41261,63,0
37305,39105,63,0
37306,15364,63,0
37307,4975,63,0
37308,43910,63,0
37309,49489,63,0
37310,26345,63,0
37311,22517,63,0
37312,8490,63,0
37313,1437,63,0
37314,24464,63,0
37315,8388,63,0
37316,25181,63,0
37317,36899,63,0
37318,14032,63,0
37319,28376,63,0
37320,41868,63,0
37321,49917,63,0
37322,38008,63,0
37323,9877,63,0
37324,17807,63,0
37325,5341,63,0
37326,39982,63,0
37327,25279,63,0
37328,38680,63,0
37329,6714,63,0
37330,38827,63,0
37331,29620,63,0
37332,48515,63,0
37333,48838,63,0
37334,48835,63,0
37335,44825,63,0
37336,7526,63,0
37337,4133,63,0
37338,29224,63,0
37339,40007,63,0
37340,41593,63,0
37341,796,63,0
37342,1530,63,0
37343,18238,63,0
37344,40525,63,0
37345,46662,63,0
37346,29159,63,0
37347,20141,63,0
37348,10085,63,0
37349,24326,63,0
37350,38874,63,0
37351,28219,63,0
37352,976,63,0
37353,33541,63,0
37354,31887,63,0
37355,30663,63,0
37356,26927,63,0
37357,48171,63,0
37358,13853,63,0
37359,40866,63,0
37360,17473,63,0
37361,32482,63,0
37362,35772,63,0
37363,13004,63,0
37364,42457,63,0
37365,28494,63,0
37366,37261,63,0
37367,43620,63,0
37368,26080,63,0
37369,47484,63,0
37370,46467,63,0
37371,41551,63,0
37372,48124,63,0
37373,41244,63,0
37374,23913,63,0
37375,4830,63,0
37376,7592,63,0
37377,11678,63,0
37378,5697,63,0
37379,4040,63,0
37380,9718,63,0
37381,48149,63,0
37382,30281,63,0
37383,24002,63,0
37384,28208,63,0
37385,43827,63,0
37386,42954,63,0
37387,25470,63,0
37388,25866,63,0
37389,35977,63,0
37390,7603,63,0
37391,39083,63,0
37392,18216,63,0
37393,2981,63,0
37394,40190,63,0
37395,12157,63,0
37396,19818,63,0
37397,18571,63,0
37398,15520,63,0
37399,40515,63,0
37400,44830,63,0
37401,10640,63,0
37402,41098,63,0
37403,20508,63,0
37404,39183,63,0
37405,44325,63,0
37406,102,63,0
37407,16167,63,0
37408,18146,63,0
37409,29516,63,0
37410,29969,63,0
37411,27730,63,0
37412,25422,63,0
37413,24856,63,0
37414,3496,63,0
37415,22724,63,0
37416,27336,63,0
37417,12088,63,0
37418,18097,63,0
37419,14366,63,0
37420,37718,63,0
37421,29050,63,0
37422,16271,63,0
37423,21924,63,0
37424,1830,63,0
37425,37238,63,0
37426,40876,63,0
37427,49110,63,0
37428,38447,63,0
37429,28128,63,0
37430,16074,63,0
37431,25961,63,0
37432,25581,63,0
37433,48057,63,0
37434,24120,63,0
37435,18343,63,0
37436,29669,63,0
37437,3613,63,0
37438,26424,63,0
37439,15790,63,0
37440,21795,63,0
37441,48953,63,0
37442,746,63,0
37443,489,63,0
37444,48597,63,0
37445,28056,63,0
37446,23283,63,0
37447,2703,63,0
37448,42828,63,0
37449,41294,63,0
37450,36789,63,0
37451,35226,63,0
37452,19156,63,0
37453,19778,63,0
37454,42327,63,0
37455,44446,63,0
37456,25689,63,0
37457,5776,63,0
37458,25691,63,0
37459,8609,63,0
37460,5243,63,0
37461,42406,63,0
37462,41486,63,0
37463,21499,63,0
37464,33044,63,0
37465,34773,63,0
37466,47888,63,0
37467,49270,63,0
37468,7924,63,0
37469,8538,63,0
37470,30134,63,0
37471,2857,63,0
37472,50153,63,0
37473,12251,63,0
37474,42160,63,0
37475,39090,63,0
37476,35487,63,0
37477,27625,63,0
37478,33156,63,0
37479,39214,63,0
37480,8196,63,0
37481,49752,63,0
37482,49556,63,0
37483,14866,63,0
37484,1550,63,0
37485,12394,63,0
37486,42543,63,0
37487,7497,63,0
37488,7318,63,0
37489,29823,63,0
37490,32107,63,0
37491,48781,63,0
37492,29045,63,0
37493,48009,63,0
37494,39679,63,0
37495,6134,63,0
37496,27396,63,0
37497,26448,63,0
37498,10126,63,0
37499,47110,63,0
37500,16468,63,0
37501,29309,63,0
37502,21844,63,0
37503,34110,63,0
37504,45335,63,0
37505,39008,63,0
37506,7421,63,0
37507,24575,63,0
37508,40180,63,0
37509,43141,63,0
37510,2270,63,0
37511,35764,63,0
37512,3454,63,0
37513,23560,63,0
37514,28197,63,0
37515,8001,63,0
37516,45798,63,0
37517,23300,63,0
37518,47413,63,0
37519,39693,63,0
37520,47807,63,0
37521,30732,63,0
37522,12001,63,0
37523,32282,63,0
37524,7932,63,0
37525,50884,63,0
37526,29047,63,0
37527,16826,63,0
37528,43841,63,0
37529,2568,63,0
37530,39946,63,0
37531,40004,63,0
37532,29044,63,0
37533,38157,63,0
37534,18992,63,0
37535,36818,63,0
37536,13280,63,0
37537,47994,63,0
37538,16661,63,0
37539,38641,63,0
37540,15746,63,0
37541,3178,63,0
37542,17593,63,0
37543,37568,63,0
37544,23717,63,0
37545,23909,63,0
37546,6244,63,0
37547,26564,63,0
37548,36786,63,0
37549,44926,63,0
37550,48686,63,0
37551,6945,63,0
37552,39998,63,0
37553,37814,63,0
37554,30411,63,0
37555,12297,63,0
37556,10170,63,0
37557,42002,63,0
37558,22073,63,0
37559,2225,63,0
37560,45001,63,0
37561,40366,63,0
37562,16052,63,0
37563,19542,63,0
37564,45294,63,0
37565,7529,63,0
37566,8432,63,0
37567,12454,63,0
37568,6694,63,0
37569,18439,63,0
37570,22117,63,0
37571,27675,63,0
37572,37503,63,0
37573,50080,63,0
37574,35739,63,0
37575,45878,63,0
37576,616,63,0
37577,15116,63,0
37578,21108,63,0
37579,11617,63,0
37580,42778,63,0
37581,10061,63,0
37582,17673,63,0
37583,223,63,0
37584,9856,63,0
37585,40628,63,0
37586,2676,63,0
37587,14648,63,0
37588,25078,63,0
37589,44870,63,0
37590,39860,63,0
37591,36969,63,0
37592,5749,63,0
37593,17030,63,0
37594,45207,63,0
37595,4068,63,0
37596,38801,63,0
37597,26766,63,0
37598,45112,63,0
37599,10711,63,0
37600,3883,63,0
37601,7522,63,0
37602,50119,63,0
37603,41620,63,0
37604,6987,63,0
37605,25292,63,0
37606,28848,63,0
37607,13146,63,0
37608,6802,63,0
37609,48990,63,0
37610,35632,63,0
37611,42207,63,0
37612,16294,63,0
37613,36614,63,0
37614,30694,63,0
37615,40914,63,0
37616,44427,63,0
37617,41732,63,0
37618,43338,63,0
37619,22652,63,0
37620,46469,63,0
37621,23100,63,0
37622,44130,63,0
37623,27347,63,0
37624,11236,63,0
37625,37535,63,0
37626,8455,63,0
37627,24797,63,0
37628,39810,63,0
37629,47160,63,0
37630,3694,63,0
37631,39215,63,0
37632,633,63,0
37633,22237,63,0
37634,37743,63,0
37635,10198,63,0
37636,13090,63,0
37637,3223,63,0
37638,35471,63,0
37639,14082,63,0
37640,47135,63,0
37641,30961,63,0
37642,19468,63,0
37643,13939,63,0
37644,37162,63,0
37645,9760,63,0
37646,48970,63,0
37647,21028,63,0
37648,48453,63,0
37649,17686,63,0
37650,14186,63,0
37651,16144,63,0
37652,8501,63,0
37653,47052,63,0
37654,48233,63,0
37655,8494,63,0
37656,8072,63,0
37657,25195,63,0
37658,10427,63,0
37659,28929,63,0
37660,44597,63,0
37661,21496,63,0
37662,45277,63,0
37663,26145,63,0
37664,45250,63,0
37665,38002,63,0
37666,43595,63,0
37667,24936,63,0
37668,40851,63,0
37669,7510,63,0
37670,22264,63,0
37671,37398,63,0
37672,19784,63,0
37673,24947,63,0
37674,16860,63,0
37675,14270,63,0
37676,3332,63,0
37677,37177,63,0
37678,8937,63,0
37679,25699,63,0
37680,44770,63,0
37681,18531,63,0
37682,48415,63,0
37683,49088,63,0
37684,39703,63,0
37685,34208,63,0
37686,6645,63,0
37687,50898,63,0
37688,25702,63,0
37689,25503,63,0
37690,32274,63,0
37691,30490,63,0
37692,12935,63,0
37693,361,63,0
37694,49523,63,0
37695,26706,63,0
37696,29913,63,0
37697,43919,63,0
37698,15134,63,0
37699,38918,63,0
37700,8645,63,0
37701,9213,63,0
37702,8413,63,0
37703,19776,63,0
37704,12781,63,0
37705,27744,63,0
37706,32720,63,0
37707,31030,63,0
37708,43132,63,0
37709,8909,63,0
37710,29535,63,0
37711,7366,63,0
37712,43253,63,0
37713,36332,63,0
37714,36120,63,0
37715,5008,63,0
37716,3315,63,0
37717,7382,63,0
37718,33768,63,0
37719,45531,63,0
37720,16632,63,0
37721,42668,63,0
37722,21684,63,0
37723,7285,63,0
37724,39768,63,0
37725,3471,63,0
37726,39495,63,0
37727,33059,63,0
37728,39047,63,0
37729,38709,63,0
37730,28461,63,0
37731,18178,63,0
37732,6282,63,0
37733,14724,63,0
37734,24724,63,0
37735,46009,63,0
37736,3812,63,0
37737,20139,63,0
37738,45644,63,0
37739,45479,63,0
37740,33205,63,0
37741,35253,63,0
37742,12699,63,0
37743,28092,63,0
37744,24139,63,0
37745,26666,63,0
37746,26333,63,0
37747,33454,63,0
37748,41253,63,0
37749,10239,63,0
37750,13277,63,0
37751,30860,63,0
37752,19775,63,0
37753,1240,63,0
37754,39393,63,0
37755,44390,63,0
37756,26751,63,0
37757,2087,63,0
37758,39350,63,0
37759,7468,63,0
37760,39501,63,0
37761,14474,63,0
37762,46930,63,0
37763,8107,63,0
37764,25491,63,0
37765,34255,63,0
37766,41118,63,0
37767,50129,63,0
37768,35382,63,0
37769,39763,63,0
37770,26969,63,0
37771,28785,63,0
37772,1756,63,0
37773,14087,63,0
37774,13250,63,0
37775,25856,63,0
37776,38616,63,0
37777,31292,63,0
37778,49488,63,0
37779,107,63,0
37780,4568,63,0
37781,39805,63,0
37782,10099,63,0
37783,20204,63,0
37784,44524,63,0
37785,15791,63,0
37786,36558,63,0
37787,12385,63,0
37788,39764,63,0
37789,18865,63,0
37790,9442,63,0
37791,11798,63,0
37792,25353,63,0
37793,37963,63,0
37794,48534,63,0
37795,42225,63,0
37796,43041,63,0
37797,8658,63,0
37798,32924,63,0
37799,1567,63,0
37800,45409,63,0
37801,8124,63,0
37802,2753,63,0
37803,50577,63,0
37804,3155,63,0
37805,386,63,0
37806,15442,63,0
37807,13657,63,0
37808,19857,63,0
37809,35915,63,0
37810,7438,63,0
37811,39312,63,0
37812,7305,63,0
37813,17706,63,0
37814,26362,63,0
37815,767,63,0
37816,37744,63,0
37817,20094,63,0
37818,26270,63,0
37819,12505,63,0
37820,32181,63,0
37821,2066,63,0
37822,2846,63,0
37823,7896,63,0
37824,24909,63,0
37825,34926,63,0
37826,20399,63,0
37827,32179,63,0
37828,12697,63,0
37829,43776,63,0
37830,48791,63,0
37831,34484,63,0
37832,14927,63,0
37833,30615,63,0
37834,8993,63,0
37835,20009,63,0
37836,40940,63,0
37837,28271,63,0
37838,16222,63,0
37839,11510,63,0
37840,26283,63,0
37841,40556,63,0
37842,15661,63,0
37843,49349,63,0
37844,27448,63,0
37845,20251,63,0
37846,9374,63,0
37847,10469,63,0
37848,3612,63,0
37849,42430,63,0
37850,1449,63,0
37851,40026,63,0
37852,5001,63,0
37853,21164,63,0
37854,1774,63,0
37855,1836,63,0
37856,4662,63,0
37857,40667,63,0
37858,18287,63,0
37859,38439,63,0
37860,35213,63,0
37861,44988,63,0
37862,47665,63,0
37863,8376,63,0
37864,29257,63,0
37865,2071,63,0
37866,10751,63,0
37867,21665,63,0
37868,48097,63,0
37869,8189,63,0
37870,22974,63,0
37871,33495,63,0
37872,6246,63,0
37873,12246,63,0
37874,38203,63,0
37875,35009,63,0
37876,5575,63,0
37877,41019,63,0
37878,13163,63,0
37879,19120,63,0
37880,3862,63,0
37881,11472,63,0
37882,46031,63,0
37883,8749,63,0
37884,24997,63,0
37885,45999,63,0
37886,47551,63,0
37887,7494,63,0
37888,1367,63,0
37889,26067,63,0
37890,38862,63,0
37891,1647,63,0
37892,23263,63,0
37893,9432,63,0
37894,44161,63,0
37895,38370,63,0
37896,11418,63,0
37897,14036,63,0
37898,35045,63,0
37899,23725,63,0
37900,32412,63,0
37901,9067,63,0
37902,41812,63,0
37903,21674,63,0
37904,28123,63,0
37905,41358,63,0
37906,16085,63,0
37907,38880,63,0
37908,28556,63,0
37909,34319,63,0
37910,10777,63,0
37911,27741,63,0
37912,15129,63,0
37913,37671,63,0
37914,33824,63,0
37915,27789,63,0
37916,4198,63,0
37917,44914,63,0
37918,43517,63,0
37919,27125,63,0
37920,16562,63,0
37921,47118,63,0
37922,4900,63,0
37923,21756,63,0
37924,45886,63,0
37925,30085,63,0
37926,49772,63,0
37927,30654,63,0
37928,39153,63,0
37929,21803,63,0
37930,49022,63,0
37931,25852,63,0
37932,6514,63,0
37933,13284,63,0
37934,36143,63,0
37935,16947,63,0
37936,17837,63,0
37937,4404,63,0
37938,9305,63,0
37939,38168,63,0
37940,24804,63,0
37941,47870,63,0
37942,6682,63,0
37943,27169,63,0
37944,20788,63,0
37945,22271,63,0
37946,15382,63,0
37947,34637,63,0
37948,31519,63,0
37949,43632,63,0
37950,35238,63,0
37951,20080,63,0
37952,38583,63,0
37953,42727,63,0
37954,47469,63,0
37955,41267,63,0
37956,29030,63,0
37957,43212,63,0
37958,12119,63,0
37959,319,63,0
37960,37704,63,0
37961,26601,63,0
37962,13098,63,0
37963,12255,63,0
37964,4646,63,0
37965,24608,63,0
37966,43588,63,0
37967,12798,63,0
37968,725,63,0
37969,3086,63,0
37970,37551,63,0
37971,14151,63,0
37972,37621,63,0
37973,13052,63,0
37974,25191,63,0
37975,30586,63,0
37976,20349,63,0
37977,32020,63,0
37978,46210,63,0
37979,36744,63,0
37980,15179,63,0
37981,31311,63,0
37982,35519,63,0
37983,25019,63,0
37984,41163,63,0
37985,24161,63,0
37986,47871,63,0
37987,49525,63,0
37988,5491,63,0
37989,23025,63,0
37990,29250,63,0
37991,26634,63,0
37992,25094,63,0
37993,19525,63,0
37994,22286,63,0
37995,44398,63,0
37996,818,63,0
37997,36566,63,0
37998,40753,63,0
37999,37486,63,0
38000,12137,63,0
38001,32144,63,0
38002,9458,63,0
38003,25534,63,0
38004,6106,63,0
38005,19879,63,0
38006,7868,63,0
38007,4100,63,0
38008,23890,63,0
38009,42593,63,0
38010,1357,63,0
38011,47525,63,0
38012,19368,63,0
38013,29695,63,0
38014,10327,63,0
38015,42700,63,0
38016,8713,63,0
38017,10825,63,0
38018,35267,63,0
38019,13648,63,0
38020,48798,63,0
38021,49993,63,0
38022,5261,63,0
38023,28837,63,0
38024,41418,63,0
38025,25187,63,0
38026,42283,63,0
38027,43702,63,0
38028,27340,63,0
38029,36833,63,0
38030,25012,63,0
38031,225,63,0
38032,43626,63,0
38033,5185,63,0
38034,15700,63,0
38035,21563,63,0
38036,19737,63,0
38037,37680,63,0
38038,260,63,0
38039,43939,63,0
38040,45175,63,0
38041,46056,63,0
38042,47971,63,0
38043,42362,63,0
38044,7024,63,0
38045,44979,63,0
38046,1294,63,0
38047,23994,63,0
38048,217,63,0
38049,21724,63,0
38050,43446,63,0
38051,8641,63,0
38052,21823,63,0
38053,21421,63,0
38054,46908,63,0
38055,30777,63,0
38056,5923,63,0
38057,44903,63,0
38058,25435,63,0
38059,19826,63,0
38060,36240,63,0
38061,48932,63,0
38062,21076,63,0
38063,27194,63,0
38064,1770,63,0
38065,42065,63,0
38066,3574,63,0
38067,24995,63,0
38068,5637,63,0
38069,13189,63,0
38070,12118,63,0
38071,9737,63,0
38072,1434,63,0
38073,49229,63,0
38074,41890,63,0
38075,1614,63,0
38076,5172,63,0
38077,4521,63,0
38078,15627,63,0
38079,28437,63,0
38080,35703,63,0
38081,24718,63,0
38082,14303,63,0
38083,45423,63,0
38084,30327,63,0
38085,37325,63,0
38086,20813,63,0
38087,15818,63,0
38088,8769,63,0
38089,7661,63,0
38090,23708,63,0
38091,888,63,0
38092,43190,63,0
38093,48822,63,0
38094,49785,63,0
38095,21948,63,0
38096,28186,63,0
38097,50528,63,0
38098,45198,63,0
38099,13797,63,0
38100,15455,63,0
38101,32577,63,0
38102,39707,63,0
38103,1483,63,0
38104,34374,63,0
38105,43049,63,0
38106,39574,63,0
38107,14397,63,0
38108,45650,63,0
38109,35681,63,0
38110,46920,63,0
38111,17721,63,0
38112,48036,63,0
38113,3806,63,0
38114,9647,63,0
38115,27493,63,0
38116,2942,63,0
38117,13496,63,0
38118,49168,63,0
38119,5758,63,0
38120,27754,63,0
38121,22377,63,0
38122,29177,63,0
38123,30465,63,0
38124,3578,63,0
38125,23891,63,0
38126,47946,63,0
38127,11479,63,0
38128,7168,63,0
38129,10974,63,0
38130,3419,63,0
38131,19053,63,0
38132,34092,63,0
38133,28620,63,0
38134,18726,63,0
38135,23488,63,0
38136,34193,63,0
38137,45599,63,0
38138,24534,63,0
38139,3650,63,0
38140,43352,63,0
38141,26377,63,0
38142,25330,63,0
38143,42729,63,0
38144,10333,63,0
38145,19687,63,0
38146,37151,63,0
38147,31031,63,0
38148,13839,63,0
38149,40400,63,0
38150,26850,63,0
38151,26981,63,0
38152,18977,63,0
38153,6494,63,0
38154,15927,63,0
38155,13256,63,0
38156,29704,63,0
38157,19553,63,0
38158,15969,63,0
38159,21969,63,0
38160,25474,63,0
38161,24738,63,0
38162,27365,63,0
38163,38093,63,0
38164,32718,63,0
38165,41284,63,0
38166,20825,63,0
38167,23033,63,0
38168,16377,63,0
38169,18514,63,0
38170,22631,63,0
38171,28069,63,0
38172,36649,63,0
38173,26210,63,0
38174,20477,63,0
38175,37606,63,0
38176,9384,63,0
38177,22795,63,0
38178,24713,63,0
38179,11001,63,0
38180,12515,63,0
38181,15542,63,0
38182,23865,63,0
38183,14364,63,0
38184,47105,63,0
38185,1411,63,0
38186,7214,63,0
38187,42372,63,0
38188,48315,63,0
38189,34769,63,0
38190,7413,63,0
38191,15990,63,0
38192,37826,63,0
38193,46513,63,0
38194,41049,63,0
38195,890,63,0
38196,40895,63,0
38197,11681,63,0
38198,26315,63,0
38199,38506,63,0
38200,4958,63,0
38201,6078,63,0
38202,7274,63,0
38203,43611,63,0
38204,18876,63,0
38205,45357,63,0
38206,43484,63,0
38207,10336,63,0
38208,36452,63,0
38209,44056,63,0
38210,12916,63,0
38211,4488,63,0
38212,37387,63,0
38213,47645,63,0
38214,39383,63,0
38215,7642,63,0
38216,28268,63,0
38217,49216,63,0
38218,3697,63,0
38219,27792,63,0
38220,32233,63,0
38221,41055,63,0
38222,21926,63,0
38223,31356,63,0
38224,14246,63,0
38225,2075,63,0
38226,2909,63,0
38227,48464,63,0
38228,40513,63,0
38229,19954,63,0
38230,37627,63,0
38231,42961,63,0
38232,20834,63,0
38233,40938,63,0
38234,48354,63,0
38235,19361,63,0
38236,30688,63,0
38237,21225,63,0
38238,43862,63,0
38239,50000,63,0
38240,6394,63,0
38241,44844,63,0
38242,25795,63,0
38243,27620,63,0
38244,40888,63,0
38245,16838,63,0
38246,3323,63,0
38247,19224,63,0
38248,1376,63,0
38249,16647,63,0
38250,973,63,0
38251,24150,63,0
38252,24119,63,0
38253,20294,63,0
38254,40045,63,0
38255,529,63,0
38256,21500,63,0
38257,7312,63,0
38258,41270,63,0
38259,5822,63,0
38260,7802,63,0
38261,19360,63,0
38262,41233,63,0
38263,11325,63,0
38264,45097,63,0
38265,50452,63,0
38266,12799,63,0
38267,43293,63,0
38268,9316,63,0
38269,12702,63,0
38270,8346,63,0
38271,12310,63,0
38272,38625,63,0
38273,26679,63,0
38274,2313,63,0
38275,8823,63,0
38276,17648,63,0
38277,33879,63,0
38278,17760,63,0
38279,37571,63,0
38280,43699,63,0
38281,11208,63,0
38282,7699,63,0
38283,36211,63,0
38284,23299,63,0
38285,25982,63,0
38286,49440,63,0
38287,50787,63,0
38288,32003,63,0
38289,46514,63,0
38290,9254,63,0
38291,30578,63,0
38292,41297,63,0
38293,44424,63,0
38294,28746,63,0
38295,16502,63,0
38296,46223,63,0
38297,43782,63,0
38298,38812,63,0
38299,27561,63,0
38300,41677,63,0
38301,43771,63,0
38302,2180,63,0
38303,36612,63,0
38304,34552,63,0
38305,39446,63,0
38306,40441,63,0
38307,47273,63,0
38308,2636,63,0
38309,38112,63,0
38310,9190,63,0
38311,10523,63,0
38312,29244,63,0
38313,38756,63,0
38314,14804,63,0
38315,33759,63,0
38316,45930,63,0
38317,47210,63,0
38318,38828,63,0
38319,28968,63,0
38320,29176,63,0
38321,7790,63,0
38322,35801,63,0
38323,15316,63,0
38324,9909,63,0
38325,44925,63,0
38326,2623,63,0
38327,1913,63,0
38328,35067,63,0
38329,8280,63,0
38330,23943,63,0
38331,25318,63,0
38332,22411,63,0
38333,13963,63,0
38334,7401,63,0
38335,43386,63,0
38336,3756,63,0
38337,16745,63,0
38338,15625,63,0
38339,2926,63,0
38340,13959,63,0
38341,39699,63,0
38342,45137,63,0
38343,34994,63,0
38344,3378,63,0
38345,10557,63,0
38346,9118,63,0
38347,8639,63,0
38348,35897,63,0
38349,49133,63,0
38350,5877,63,0
38351,15117,63,0
38352,31944,63,0
38353,18974,63,0
38354,29490,63,0
38355,10847,63,0
38356,20654,63,0
38357,43495,63,0
38358,26004,63,0
38359,16665,63,0
38360,37208,63,0
38361,26370,63,0
38362,22249,63,0
38363,21991,63,0
38364,48810,63,0
38365,22296,63,0
38366,28534,63,0
38367,22693,63,0
38368,10664,63,0
38369,39114,63,0
38370,27254,63,0
38371,15810,63,0
38372,50883,63,0
38373,48225,63,0
38374,46815,63,0
38375,38451,63,0
38376,31858,63,0
38377,7392,63,0
38378,10200,63,0
38379,35657,63,0
38380,5478,63,0
38381,39543,63,0
38382,29170,63,0
38383,8725,63,0
38384,33013,63,0
38385,40889,63,0
38386,37472,63,0
38387,16906,63,0
38388,27157,63,0
38389,12240,63,0
38390,3222,63,0
38391,50548,63,0
38392,49188,63,0
38393,12506,63,0
38394,6304,63,0
38395,46602,63,0
38396,26462,63,0
38397,884,63,0
38398,32740,63,0
38399,27531,63,0
38400,43820,63,0
38401,21191,63,0
38402,27356,63,0
38403,49211,63,0
38404,45759,63,0
38405,41548,63,0
38406,12630,63,0
38407,22161,63,0
38408,46752,63,0
38409,31974,63,0
38410,44399,63,0
38411,22772,63,0
38412,46390,63,0
38413,44005,63,0
38414,49796,63,0
38415,3714,63,0
38416,36317,63,0
38417,22195,63,0
38418,6482,63,0
38419,47465,63,0
38420,12497,63,0
38421,3406,63,0
38422,6550,63,0
38423,40252,63,0
38424,18547,63,0
38425,21180,63,0
38426,48834,63,0
38427,40246,63,0
38428,45818,63,0
38429,10736,63,0
38430,47216,63,0
38431,25070,63,0
38432,7187,63,0
38433,34342,63,0
38434,39797,63,0
38435,28270,63,0
38436,9323,63,0
38437,21374,63,0
38438,817,63,0
38439,13654,63,0
38440,35790,63,0
38441,7072,63,0
38442,10442,63,0
38443,26201,63,0
38444,38415,63,0
38445,37434,63,0
38446,44180,63,0
38447,29735,63,0
38448,47144,63,0
38449,50163,63,0
38450,37160,63,0
38451,38688,63,0
38452,9185,63,0
38453,43599,63,0
38454,48479,63,0
38455,43394,63,0
38456,4429,63,0
38457,32196,63,0
38458,8917,63,0
38459,38670,63,0
38460,6778,63,0
38461,26977,63,0
38462,37846,63,0
38463,37637,63,0
38464,91,63,0
38465,11164,63,0
38466,11393,63,0
38467,20021,63,0
38468,16751,63,0
38469,8814,63,0
38470,7911,63,0
38471,43106,63,0
38472,8405,63,0
38473,20600,63,0
38474,3655,63,0
38475,24389,63,0
38476,27577,63,0
38477,5064,63,0
38478,38878,63,0
38479,2458,63,0
38480,26440,63,0
38481,25750,63,0
38482,29746,63,0
38483,18219,63,0
38484,39987,63,0
38485,5293,63,0
38486,32654,63,0
38487,48477,63,0
38488,8133,63,0
38489,22199,63,0
38490,11878,63,0
38491,28886,63,0
38492,3589,63,0
38493,31674,63,0
38494,15530,63,0
38495,30633,63,0
38496,3163,63,0
38497,28137,63,0
38498,7029,63,0
38499,539,63,0
38500,28716,63,0
38501,7247,63,0
38502,5192,63,0
38503,18793,63,0
38504,14909,63,0
38505,46986,63,0
38506,48801,63,0
38507,28317,63,0
38508,9085,63,0
38509,5459,63,0
38510,47265,63,0
38511,16157,63,0
38512,29524,63,0
38513,7146,63,0
38514,10679,63,0
38515,6786,63,0
38516,9437,63,0
38517,38881,63,0
38518,33842,63,0
38519,40064,63,0
38520,23028,63,0
38521,28658,63,0
38522,20235,63,0
38523,45605,63,0
38524,18560,63,0
38525,16706,63,0
38526,6523,63,0
38527,8763,63,0
38528,7190,63,0
38529,28049,63,0
38530,44671,63,0
38531,43340,63,0
38532,23848,63,0
38533,48162,63,0
38534,39558,63,0
38535,28165,63,0
38536,16631,63,0
38537,9240,63,0
38538,34423,63,0
38539,14030,63,0
38540,43167,63,0
38541,26976,63,0
38542,11249,63,0
38543,10416,63,0
38544,30731,63,0
38545,45071,63,0
38546,19179,63,0
38547,47928,63,0
38548,47715,63,0
38549,41925,63,0
38550,8402,63,0
38551,20706,63,0
38552,42417,63,0
38553,23641,63,0
38554,18202,63,0
38555,38147,63,0
38556,50839,63,0
38557,7629,63,0
38558,23884,63,0
38559,39964,63,0
38560,13021,63,0
38561,19739,63,0
38562,38443,63,0
38563,48747,63,0
38564,47992,63,0
38565,22566,63,0
38566,29433,63,0
38567,40992,63,0
38568,15914,63,0
38569,17574,63,0
38570,5861,63,0
38571,28012,63,0
38572,11389,63,0
38573,21779,63,0
38574,19735,63,0
38575,11864,63,0
38576,37432,63,0
38577,22200,63,0
38578,8812,63,0
38579,16306,63,0
38580,24959,63,0
38581,45747,63,0
38582,7185,63,0
38583,13910,63,0
38584,49097,63,0
38585,4186,63,0
38586,42420,63,0
38587,18354,63,0
38588,5525,63,0
38589,44311,63,0
38590,7726,63,0
38591,11531,63,0
38592,25089,63,0
38593,37822,63,0
38594,38972,63,0
38595,45912,63,0
38596,19511,63,0
38597,35081,63,0
38598,118,63,0
38599,35418,63,0
38600,10938,63,0
38601,45096,63,0
38602,36555,63,0
38603,21839,63,0
38604,25529,63,0
38605,37431,63,0
38606,27770,63,0
38607,48859,63,0
38608,14462,63,0
38609,24526,63,0
38610,8579,63,0
38611,30823,63,0
38612,494,63,0
38613,4997,63,0
38614,24446,63,0
38615,2189,63,0
38616,9416,63,0
38617,34149,63,0
38618,43700,63,0
38619,33642,63,0
38620,21746,63,0
38621,37034,63,0
38622,1735,63,0
38623,19885,63,0
38624,18502,63,0
38625,19773,63,0
38626,46155,63,0
38627,43764,63,0
38628,34661,63,0
38629,43644,63,0
38630,40768,63,0
38631,29954,63,0
38632,28429,63,0
38633,37543,63,0
38634,17714,63,0
38635,9944,63,0
38636,47684,63,0
38637,48837,63,0
38638,21472,63,0
38639,7565,63,0
38640,49337,63,0
38641,7178,63,0
38642,44577,63,0
38643,44862,63,0
38644,35854,63,0
38645,8016,63,0
38646,44408,63,0
38647,21722,63,0
38648,25385,63,0
38649,49882,63,0
38650,36700,63,0
38651,13341,63,0
38652,25907,63,0
38653,1672,63,0
38654,27387,63,0
38655,14857,63,0
38656,43397,63,0
38657,21574,63,0
38658,36829,63,0
38659,22833,63,0
38660,12742,63,0
38661,27293,63,0
38662,6559,63,0
38663,42081,63,0
38664,10406,63,0
38665,47640,63,0
38666,42863,63,0
38667,45526,63,0
38668,13991,63,0
38669,15058,63,0
38670,21896,63,0
38671,43597,63,0
38672,42455,63,0
38673,43466,63,0
38674,26979,63,0
38675,26907,63,0
38676,39562,63,0
38677,26488,63,0
38678,21780,63,0
38679,36713,63,0
38680,35937,63,0
38681,42780,63,0
38682,42596,63,0
38683,9848,63,0
38684,28401,63,0
38685,14390,63,0
38686,27702,63,0
38687,21976,63,0
38688,26694,63,0
38689,28560,63,0
38690,42752,63,0
38691,20056,63,0
38692,13916,63,0
38693,36469,63,0
38694,36620,63,0
38695,21889,63,0
38696,46562,63,0
38697,32689,63,0
38698,20319,63,0
38699,41023,63,0
38700,18166,63,0
38701,27713,63,0
38702,22790,63,0
38703,28750,63,0
38704,40223,63,0
38705,43690,63,0
38706,9283,63,0
38707,2883,63,0
38708,9742,63,0
38709,34676,63,0
38710,10035,63,0
38711,9357,63,0
38712,23619,63,0
38713,30197,63,0
38714,49667,63,0
38715,7556,63,0
38716,23791,63,0
38717,11306,63,0
38718,7825,63,0
38719,3765,63,0
38720,41190,63,0
38721,26729,63,0
38722,7375,63,0
38723,2283,63,0
38724,39941,63,0
38725,18596,63,0
38726,12004,63,0
38727,3559,63,0
38728,20436,63,0
38729,49482,63,0
38730,42974,63,0
38731,15217,63,0
38732,18587,63,0
38733,15188,63,0
38734,586,63,0
38735,27868,63,0
38736,15510,63,0
38737,38747,63,0
38738,44372,63,0
38739,45522,63,0
38740,29114,63,0
38741,34831,63,0
38742,19155,63,0
38743,27335,63,0
38744,11125,63,0
38745,8558,63,0
38746,25295,63,0
38747,445,63,0
38748,5945,63,0
38749,13859,63,0
38750,15587,63,0
38751,33007,63,0
38752,17164,63,0
38753,30825,63,0
38754,27700,63,0
38755,50741,63,0
38756,22480,63,0
38757,14727,63,0
38758,10048,63,0
38759,47526,63,0
38760,50478,63,0
38761,27517,63,0
38762,14319,63,0
38763,13328,63,0
38764,7535,63,0
38765,78,63,0
38766,17613,63,0
38767,35000,63,0
38768,46027,63,0
38769,14782,63,0
38770,33581,63,0
38771,5841,63,0
38772,42782,63,0
38773,47854,63,0
38774,35304,63,0
38775,8334,63,0
38776,40669,63,0
38777,45230,63,0
38778,17361,63,0
38779,2516,63,0
38780,20050,63,0
38781,26121,63,0
38782,9201,63,0
38783,11870,63,0
38784,43405,63,0
38785,27938,63,0
38786,1336,63,0
38787,30422,63,0
38788,36236,63,0
38789,7959,63,0
38790,25137,63,0
38791,43404,63,0
38792,47662,63,0
38793,42747,63,0
38794,5300,63,0
38795,33924,63,0
38796,41479,63,0
38797,19897,63,0
38798,42070,63,0
38799,13883,63,0
38800,23175,63,0
38801,49114,63,0
38802,33908,63,0
38803,4483,63,0
38804,27962,63,0
38805,25052,63,0
38806,39185,63,0
38807,27181,63,0
38808,49044,63,0
38809,14956,63,0
38810,27484,63,0
38811,8226,63,0
38812,46352,63,0
38813,41203,63,0
38814,11657,63,0
38815,15386,63,0
38816,42523,63,0
38817,44649,63,0
38818,29279,63,0
38819,38826,63,0
38820,40454,63,0
38821,15425,63,0
38822,21227,63,0
38823,11116,63,0
38824,4932,63,0
38825,11978,63,0
38826,43790,63,0
38827,14357,63,0
38828,1665,63,0
38829,7084,63,0
38830,47990,63,0
38831,522,63,0
38832,16672,63,0
38833,36636,63,0
38834,2230,63,0
38835,41193,63,0
38836,38487,63,0
38837,24521,63,0
38838,49598,63,0
38839,22169,63,0
38840,39684,63,0
38841,28010,63,0
38842,17728,63,0
38843,17018,63,0
38844,50607,63,0
38845,41375,63,0
38846,34480,63,0
38847,44953,63,0
38848,23902,63,0
38849,9172,63,0
38850,24823,63,0
38851,1121,63,0
38852,33507,63,0
38853,25796,63,0
38854,13660,63,0
38855,31468,63,0
38856,18581,63,0
38857,36886,63,0
38858,43071,63,0
38859,24999,63,0
38860,2063,63,0
38861,12284,63,0
38862,46135,63,0
38863,49965,63,0
38864,31953,63,0
38865,13217,63,0
38866,18712,63,0
38867,44930,63,0
38868,8869,63,0
38869,9687,63,0
38870,1673,63,0
38871,2017,63,0
38872,27439,63,0
38873,16766,63,0
38874,2037,63,0
38875,49700,63,0
38876,40839,63,0
38877,26748,63,0
38878,18301,63,0
38879,48163,63,0
38880,1972,63,0
38881,13285,63,0
38882,22083,63,0
38883,19690,63,0
38884,44097,63,0
38885,46940,63,0
38886,27255,63,0
38887,7188,63,0
38888,19889,63,0
38889,43934,63,0
38890,12308,63,0
38891,39739,63,0
38892,49626,63,0
38893,21771,63,0
38894,10653,63,0
38895,24041,63,0
38896,14609,63,0
38897,41938,63,0
38898,48734,63,0
38899,9797,63,0
38900,26707,63,0
38901,46050,63,0
38902,32456,63,0
38903,50107,63,0
38904,30947,63,0
38905,9866,63,0
38906,38520,63,0
38907,40663,63,0
38908,17836,63,0
38909,41014,63,0
38910,38678,63,0
38911,35792,63,0
38912,32416,63,0
38913,2219,63,0
38914,25875,63,0
38915,20119,63,0
38916,8657,63,0
38917,42518,63,0
38918,17691,63,0
38919,13881,63,0
38920,9082,63,0
38921,43390,63,0
38922,5508,63,0
38923,8762,63,0
38924,3949,63,0
38925,38752,63,0
38926,36751,63,0
38927,10019,63,0
38928,10618,63,0
38929,35543,63,0
38930,44815,63,0
38931,21628,63,0
38932,37206,63,0
38933,2406,63,0
38934,9991,63,0
38935,37540,63,0
38936,45143,63,0
38937,24719,63,0
38938,2933,63,0
38939,50840,63,0
38940,16788,63,0
38941,843,63,0
38942,2280,63,0
38943,18999,63,0
38944,14112,63,0
38945,28138,63,0
38946,39715,63,0
38947,31254,63,0
38948,27000,63,0
38949,5638,63,0
38950,8192,63,0
38951,10169,63,0
38952,6347,63,0
38953,25247,63,0
38954,40080,63,0
38955,41590,63,0
38956,41477,63,0
38957,962,63,0
38958,13794,63,0
38959,23479,63,0
38960,33255,63,0
38961,9052,63,0
38962,48380,63,0
38963,50448,63,0
38964,1701,63,0
38965,42650,63,0
38966,40529,63,0
38967,2949,63,0
38968,36596,63,0
38969,18339,63,0
38970,16137,63,0
38971,42,63,0
38972,49797,63,0
38973,42588,63,0
38974,28767,63,0
38975,1796,63,0
38976,3510,63,0
38977,40027,63,0
38978,50167,63,0
38979,22642,63,0
38980,39255,63,0
38981,8481,63,0
38982,36435,63,0
38983,33095,63,0
38984,3506,63,0
38985,35379,63,0
38986,39653,63,0
38987,35467,63,0
38988,1136,63,0
38989,359,63,0
38990,25316,63,0
38991,17279,63,0
38992,40541,63,0
38993,49980,63,0
38994,39388,63,0
38995,19842,63,0
38996,9954,63,0
38997,32363,63,0
38998,49790,63,0
38999,3063,63,0
39000,25517,63,0
39001,10757,63,0
39002,44361,63,0
39003,11953,63,0
39004,27753,63,0
39005,20891,63,0
39006,29408,63,0
39007,49887,63,0
39008,42450,63,0
39009,11119,63,0
39010,23743,63,0
39011,39370,63,0
39012,24649,63,0
39013,759,63,0
39014,15716,63,0
39015,8466,63,0
39016,41976,63,0
39017,11044,63,0
39018,22342,63,0
39019,6501,63,0
39020,10218,63,0
39021,36267,63,0
39022,37176,63,0
39023,35646,63,0
39024,14017,63,0
39025,6539,63,0
39026,11415,63,0
39027,31526,63,0
39028,6832,63,0
39029,28119,63,0
39030,37499,63,0
39031,16162,63,0
39032,7504,63,0
39033,11266,63,0
39034,33071,63,0
39035,401,63,0
39036,12965,63,0
39037,23644,63,0
39038,25482,63,0
39039,28752,63,0
39040,50716,63,0
39041,19220,63,0
39042,7981,63,0
39043,7595,63,0
39044,35746,63,0
39045,21109,63,0
39046,34657,63,0
39047,47685,63,0
39048,16755,63,0
39049,30911,63,0
39050,4301,63,0
39051,45699,63,0
39052,25116,63,0
39053,1548,63,0
39054,40867,63,0
39055,27368,63,0
39056,1529,63,0
39057,28410,63,0
39058,3140,63,0
39059,44860,63,0
39060,42941,63,0
39061,16973,63,0
39062,37353,63,0
39063,27852,63,0
39064,45714,63,0
39065,40891,63,0
39066,47991,63,0
39067,43365,63,0
39068,11037,63,0
39069,20956,63,0
39070,44191,63,0
39071,39696,63,0
39072,32205,63,0
39073,126,63,0
39074,31985,63,0
39075,26252,63,0
39076,0,63,0
39077,7857,63,0
39078,43108,63,0
39079,44927,63,0
39080,7864,63,0
39081,50711,63,0
39082,29164,63,0
39083,21016,63,0
39084,143,63,0
39085,29368,63,0
39086,29778,63,0
39087,22537,63,0
39088,28052,63,0
39089,18872,63,0
39090,8147,63,0
39091,48436,63,0
39092,26079,63,0
39093,9056,63,0
39094,7709,63,0
39095,28028,63,0
39096,37447,63,0
39097,16667,63,0
39098,42464,63,0
39099,44573,63,0
39100,3474,63,0
39101,47220,63,0
39102,20446,63,0
39103,34296,63,0
39104,40043,63,0
39105,5706,63,0
39106,35,63,0
39107,11192,63,0
39108,41493,63,0
39109,12837,63,0
39110,44535,63,0
39111,37251,63,0
39112,12311,63,0
39113,44882,63,0
39114,22259,63,0
39115,13917,63,0
39116,16,63,0
39117,29139,63,0
39118,13890,63,0
39119,38199,63,0
39120,40129,63,0
39121,897,63,0
39122,36723,63,0
39123,47283,63,0
39124,2306,63,0
39125,6011,63,0
39126,3424,63,0
39127,41,63,0
39128,36257,63,0
39129,19510,63,0
39130,49192,63,0
39131,37565,63,0
39132,35842,63,0
39133,38373,63,0
39134,42267,63,0
39135,4548,63,0
39136,45192,63,0
39137,679,63,0
39138,41300,63,0
39139,26904,63,0
39140,42601,63,0
39141,17587,63,0
39142,30032,63,0
39143,5148,63,0
39144,40331,63,0
39145,26358,63,0
39146,14888,63,0
39147,8462,63,0
39148,27281,63,0
39149,39117,63,0
39150,15407,63,0
39151,26565,63,0
39152,24331,63,0
39153,15837,63,0
39154,6933,63,0
39155,34344,63,0
39156,18286,63,0
39157,46701,63,0
39158,9574,63,0
39159,19119,63,0
39160,35456,63,0
39161,26351,63,0
39162,44697,63,0
39163,37215,63,0
39164,47025,63,0
39165,26551,63,0
39166,31676,63,0
39167,41885,63,0
39168,9251,63,0
39169,46621,63,0
39170,6345,63,0
39171,26968,63,0
39172,4640,63,0
39173,15755,63,0
39174,488,63,0
39175,25021,63,0
39176,2905,63,0
39177,20335,63,0
39178,19280,63,0
39179,2844,63,0
39180,33089,63,0
39181,7749,63,0
39182,28120,63,0
39183,9953,63,0
39184,40557,63,0
39185,42350,63,0
39186,34935,63,0
39187,48075,63,0
39188,40270,63,0
39189,26829,63,0
39190,32060,63,0
39191,43437,63,0
39192,10713,63,0
39193,16982,63,0
39194,40253,63,0
39195,19626,63,0
39196,42633,63,0
39197,15291,63,0
39198,36418,63,0
39199,36973,63,0
39200,7700,63,0
39201,21176,63,0
39202,29585,63,0
39203,2080,63,0
39204,40009,63,0
39205,36124,63,0
39206,15200,63,0
39207,8197,63,0
39208,2934,63,0
39209,43272,63,0
39210,47305,63,0
39211,8938,63,0
39212,7451,63,0
39213,33008,63,0
39214,30631,63,0
39215,50172,63,0
39216,12254,63,0
39217,1278,63,0
39218,30727,63,0
39219,40503,63,0
39220,19507,63,0
39221,31112,63,0
39222,36241,63,0
39223,37849,63,0
39224,16210,63,0
39225,30248,63,0
39226,28214,63,0
39227,41617,63,0
39228,32166,63,0
39229,41291,63,0
39230,14196,63,0
39231,27853,63,0
39232,47658,63,0
39233,34750,63,0
39234,16135,63,0
39235,36689,63,0
39236,199,63,0
39237,47721,63,0
39238,25382,63,0
39239,44086,63,0
39240,9686,63,0
39241,29616,63,0
39242,6341,63,0
39243,44906,63,0
39244,8611,63,0
39245,5157,63,0
39246,18312,63,0
39247,43808,63,0
39248,26939,63,0
39249,32779,63,0
39250,10145,63,0
39251,22515,63,0
39252,27807,63,0
39253,34136,63,0
39254,4831,63,0
39255,49357,63,0
39256,39681,63,0
39257,15137,63,0
39258,6278,63,0
39259,28588,63,0
39260,37594,63,0
39261,45484,63,0
39262,28597,63,0
39263,5751,63,0
39264,12416,63,0
39265,17910,63,0
39266,40421,63,0
39267,35351,63,0
39268,46573,63,0
39269,4855,63,0
39270,607,63,0
39271,50267,63,0
39272,4223,63,0
39273,20416,63,0
39274,13594,63,0
39275,46139,63,0
39276,12291,63,0
39277,15586,63,0
39278,36600,63,0
39279,5322,63,0
39280,32890,63,0
39281,16012,63,0
39282,35818,63,0
39283,35718,63,0
39284,45100,63,0
39285,37367,63,0
39286,29851,63,0
39287,35816,63,0
39288,36531,63,0
39289,11847,63,0
39290,33155,63,0
39291,14839,63,0
39292,37703,63,0
39293,35167,63,0
39294,44823,63,0
39295,36771,63,0
39296,42208,63,0
39297,17732,63,0
39298,25975,63,0
39299,46576,63,0
39300,1436,63,0
39301,39731,63,0
39302,37103,63,0
39303,37424,63,0
39304,25199,63,0
39305,44973,63,0
39306,5787,63,0
39307,7374,63,0
39308,38733,63,0
39309,13579,63,0
39310,12576,63,0
39311,38824,63,0
39312,25569,63,0
39313,26821,63,0
39314,48341,63,0
39315,28546,63,0
39316,46004,63,0
39317,24546,63,0
39318,42380,63,0
39319,7428,63,0
39320,47083,63,0
39321,23114,63,0
39322,40808,63,0
39323,48521,63,0
39324,8168,63,0
39325,7644,63,0
39326,44299,63,0
39327,36460,63,0
39328,24983,63,0
39329,38220,63,0
39330,11670,63,0
39331,26290,63,0
39332,41426,63,0
39333,44393,63,0
39334,44078,63,0
39335,8053,63,0
39336,19055,63,0
39337,46091,63,0
39338,41840,63,0
39339,41607,63,0
39340,12031,63,0
39341,20881,63,0
39342,43570,63,0
39343,16782,63,0
39344,15959,63,0
39345,50097,63,0
39346,3991,63,0
39347,41443,63,0
39348,20789,63,0
39349,23019,63,0
39350,30623,63,0
39351,7792,63,0
39352,13383,63,0
39353,5536,63,0
39354,49283,63,0
39355,37686,63,0
39356,38118,63,0
39357,1737,63,0
39358,36166,63,0
39359,22721,63,0
39360,10075,63,0
39361,37237,63,0
39362,15347,63,0
39363,39330,63,0
39364,37078,63,0
39365,9882,63,0
39366,29580,63,0
39367,19427,63,0
39368,6638,63,0
39369,19185,63,0
39370,30460,63,0
39371,22793,63,0
39372,25272,63,0
39373,7800,63,0
39374,25655,63,0
39375,1185,63,0
39376,41082,63,0
39377,5506,63,0
39378,39690,63,0
39379,12570,63,0
39380,16961,63,0
39381,32023,63,0
39382,29689,63,0
39383,43112,63,0
39384,9902,63,0
39385,28922,63,0
39386,3736,63,0
39387,20090,63,0
39388,22179,63,0
39389,3414,63,0
39390,42577,63,0
39391,13332,63,0
39392,20158,63,0
39393,20713,63,0
39394,48201,63,0
39395,4852,63,0
39396,8625,63,0
39397,48112,63,0
39398,9232,63,0
39399,1222,63,0
39400,22528,63,0
39401,24821,63,0
39402,20013,63,0
39403,42497,63,0
39404,5440,63,0
39405,42032,63,0
39406,33937,63,0
39407,22782,63,0
39408,45965,63,0
39409,30870,63,0
39410,32580,63,0
39411,39925,63,0
39412,23092,63,0
39413,7583,63,0
39414,29410,63,0
39415,46568,63,0
39416,44644,63,0
39417,28599,63,0
39418,14072,63,0
39419,17219,63,0
39420,41592,63,0
39421,19959,63,0
39422,22792,63,0
39423,27738,63,0
39424,15139,63,0
39425,22289,63,0
39426,35448,63,0
39427,36063,63,0
39428,39101,63,0
39429,33923,63,0
39430,31482,63,0
39431,39730,63,0
39432,39160,63,0
39433,5788,63,0
39434,1001,63,0
39435,19568,63,0
39436,22392,63,0
39437,48168,63,0
39438,36564,63,0
39439,50329,63,0
39440,42927,63,0
39441,3343,63,0
39442,3842,63,0
39443,8682,63,0
39444,25430,63,0
39445,1560,63,0
39446,30593,63,0
39447,45807,63,0
39448,23291,63,0
39449,13320,63,0
39450,10743,63,0
39451,35751,63,0
39452,50517,63,0
39453,8889,63,0
39454,13628,63,0
39455,11828,63,0
39456,41709,63,0
39457,18553,63,0
39458,26160,63,0
39459,49945,63,0
39460,22336,63,0
39461,49204,63,0
39462,6609,63,0
39463,12557,63,0
39464,10476,63,0
39465,13206,63,0
39466,34746,63,0
39467,17422,63,0
39468,20394,63,0
39469,5314,63,0
39470,45770,63,0
39471,50777,63,0
39472,46783,63,0
39473,6193,63,0
39474,47466,63,0
39475,10013,63,0
39476,132,63,0
39477,36326,63,0
39478,663,63,0
39479,28627,63,0
39480,43120,63,0
39481,49328,63,0
39482,49439,63,0
39483,11982,63,0
39484,19367,63,0
39485,32631,63,0
39486,15142,63,0
39487,41225,63,0
39488,7551,63,0
39489,26346,63,0
39490,38846,63,0
39491,30569,63,0
39492,34724,63,0
39493,22176,63,0
39494,19913,63,0
39495,30758,63,0
39496,19979,63,0
39497,9446,63,0
39498,3960,63,0
39499,22356,63,0
39500,1295,63,0
39501,36396,63,0
39502,39428,63,0
39503,47188,63,0
39504,39265,63,0
39505,2521,63,0
39506,1800,63,0
39507,38781,63,0
39508,14594,63,0
39509,46902,63,0
39510,28704,63,0
39511,33547,63,0
39512,8758,63,0
39513,14234,63,0
39514,26420,63,0
39515,42809,63,0
39516,11443,63,0
39517,20518,63,0
39518,17295,63,0
39519,11643,63,0
39520,48488,63,0
39521,3946,63,0
39522,16497,63,0
39523,44794,63,0
39524,6260,63,0
39525,36778,63,0
39526,1517,63,0
39527,15010,63,0
39528,23589,63,0
39529,49087,63,0
39530,6460,63,0
39531,1385,63,0
39532,40936,63,0
39533,42911,63,0
39534,8879,63,0
39535,6548,63,0
39536,43551,63,0
39537,9858,63,0
39538,12279,63,0
39539,7548,63,0
39540,30313,63,0
39541,50672,63,0
39542,38924,63,0
39543,5531,63,0
39544,37689,63,0
39545,45824,63,0
39546,33245,63,0
39547,1727,63,0
39548,3253,63,0
39549,23686,63,0
39550,48224,63,0
39551,26608,63,0
39552,42479,63,0
39553,36488,63,0
39554,9830,63,0
39555,1487,63,0
39556,36417,63,0
39557,21573,63,0
39558,44596,63,0
39559,13226,63,0
39560,46774,63,0
39561,39356,63,0
39562,28531,63,0
39563,49476,63,0
39564,30650,63,0
39565,2503,63,0
39566,6181,63,0
39567,33300,63,0
39568,2859,63,0
39569,48991,63,0
39570,17009,63,0
39571,13642,63,0
39572,2233,63,0
39573,5517,63,0
39574,4424,63,0
39575,15750,63,0
39576,34178,63,0
39577,46919,63,0
39578,7194,63,0
39579,15535,63,0
39580,50902,63,0
39581,31035,63,0
39582,19650,63,0
39583,28389,63,0
39584,9816,63,0
39585,7283,63,0
39586,19431,63,0
39587,30363,63,0
39588,39472,63,0
39589,13045,63,0
39590,33996,63,0
39591,47260,63,0
39592,45879,63,0
39593,26628,63,0
39594,21544,63,0
39595,30296,63,0
39596,47047,63,0
39597,42096,63,0
39598,43778,63,0
39599,15426,63,0
39600,42791,63,0
39601,28277,63,0
39602,10514,63,0
39603,49238,63,0
39604,28253,63,0
39605,45415,63,0
39606,22442,63,0
39607,17344,63,0
39608,28971,63,0
39609,43752,63,0
39610,24866,63,0
39611,21006,63,0
39612,43758,63,0
39613,46475,63,0
39614,35520,63,0
39615,13464,63,0
39616,875,63,0
39617,40463,63,0
39618,13740,63,0
39619,17564,63,0
39620,42839,63,0
39621,21639,63,0
39622,40516,63,0
39623,40422,63,0
39624,13856,63,0
39625,1653,63,0
39626,830,63,0
39627,42955,63,0
39628,36099,63,0
39629,1776,63,0
39630,39042,63,0
39631,7111,63,0
39632,36272,63,0
39633,50396,63,0
39634,16505,63,0
39635,37919,63,0
39636,16440,63,0
39637,12181,63,0
39638,28892,63,0
39639,36657,63,0
39640,8352,63,0
39641,8198,63,0
39642,3683,63,0
39643,10759,63,0
39644,42137,63,0
39645,47778,63,0
39646,38182,63,0
39647,751,63,0
39648,36008,63,0
39649,27604,63,0
39650,7055,63,0
39651,38117,63,0
39652,36535,63,0
39653,6363,63,0
39654,16073,63,0
39655,41311,63,0
39656,44248,63,0
39657,17345,63,0
39658,49262,63,0
39659,22555,63,0
39660,17772,63,0
39661,39988,63,0
39662,7293,63,0
39663,37364,63,0
39664,28167,63,0
39665,15951,63,0
39666,1606,63,0
39667,802,63,0
39668,2727,63,0
39669,4013,63,0
39670,30877,63,0
39671,43436,63,0
39672,36463,63,0
39673,27464,63,0
39674,21098,63,0
39675,32677,63,0
39676,37127,63,0
39677,13597,63,0
39678,32967,63,0
39679,30015,63,0
39680,11160,63,0
39681,119,63,0
39682,33983,63,0
39683,21408,63,0
39684,4173,63,0
39685,22127,63,0
39686,24471,63,0
39687,8268,63,0
39688,39540,63,0
39689,42343,63,0
39690,9247,63,0
39691,22638,63,0
39692,48782,63,0
39693,13634,63,0
39694,9386,63,0
39695,21311,63,0
39696,40534,63,0
39697,38829,63,0
39698,8017,63,0
39699,43654,63,0
39700,27889,63,0
39701,38389,63,0
39702,5193,63,0
39703,19587,63,0
39704,17235,63,0
39705,19884,63,0
39706,43227,63,0
39707,40195,63,0
39708,33673,63,0
39709,34755,63,0
39710,3371,63,0
39711,42966,63,0
39712,48164,63,0
39713,26058,63,0
39714,142,63,0
39715,46141,63,0
39716,48938,63,0
39717,39809,63,0
39718,4024,63,0
39719,25001,63,0
39720,44461,63,0
39721,7249,63,0
39722,11163,63,0
39723,32774,63,0
39724,46826,63,0
39725,44802,63,0
39726,44187,63,0
39727,44529,63,0
39728,29108,63,0
39729,13633,63,0
39730,33765,63,0
39731,12555,63,0
39732,32468,63,0
39733,15642,63,0
39734,38774,63,0
39735,29653,63,0
39736,33964,63,0
39737,43555,63,0
39738,20492,63,0
39739,28473,63,0
39740,32660,63,0
39741,19443,63,0
39742,36850,63,0
39743,20784,63,0
39744,13364,63,0
39745,9890,63,0
39746,3856,63,0
39747,33687,63,0
39748,15766,63,0
39749,3956,63,0
39750,29577,63,0
39751,580,63,0
39752,1784,63,0
39753,40451,63,0
39754,50554,63,0
39755,32712,63,0
39756,37327,63,0
39757,31032,63,0
39758,26712,63,0
39759,4240,63,0
39760,3304,63,0
39761,48862,63,0
39762,5258,63,0
39763,15199,63,0
39764,18770,63,0
39765,5823,63,0
39766,28307,63,0
39767,2870,63,0
39768,40380,63,0
39769,44252,63,0
39770,24663,63,0
39771,38313,63,0
39772,10368,63,0
39773,43130,63,0
39774,41305,63,0
39775,33688,63,0
39776,4423,63,0
39777,27201,63,0
39778,5811,63,0
39779,28698,63,0
39780,48585,63,0
39781,4491,63,0
39782,24691,63,0
39783,27658,63,0
39784,13230,63,0
39785,2655,63,0
39786,43676,63,0
39787,27140,63,0
39788,37971,63,0
39789,8488,63,0
39790,11860,63,0
39791,31173,63,0
39792,6540,63,0
39793,36901,63,0
39794,42569,63,0
39795,27086,63,0
39796,32697,63,0
39797,5768,63,0
39798,30591,63,0
39799,6342,63,0
39800,21543,63,0
39801,36529,63,0
39802,12486,63,0
39803,14376,63,0
39804,16668,63,0
39805,39884,63,0
39806,4205,63,0
39807,1477,63,0
39808,40495,63,0
39809,7383,63,0
39810,10541,63,0
39811,36053,63,0
39812,49652,63,0
39813,11824,63,0
39814,36395,63,0
39815,24714,63,0
39816,18257,63,0
39817,6270,63,0
39818,46179,63,0
39819,42550,63,0
39820,45127,63,0
39821,2485,63,0
39822,31904,63,0
39823,40951,63,0
39824,7854,63,0
39825,42968,63,0
39826,2008,63,0
39827,45029,63,0
39828,40222,63,0
39829,2371,63,0
39830,45532,63,0
39831,8544,63,0
39832,23370,63,0
39833,46566,63,0
39834,25903,63,0
39835,39846,63,0
39836,43426,63,0
39837,41864,63,0
39838,14174,63,0
39839,50390,63,0
39840,40429,63,0
39841,11068,63,0
39842,21898,63,0
39843,47744,63,0
39844,33282,63,0
39845,49671,63,0
39846,1835,63,0
39847,24842,63,0
39848,182,63,0
39849,41448,63,0
39850,2186,63,0
39851,25619,63,0
39852,5643,63,0
39853,40259,63,0
39854,36739,63,0
39855,9090,63,0
39856,44199,63,0
39857,49621,63,0
39858,21486,63,0
39859,861,63,0
39860,42697,63,0
39861,36180,63,0
39862,3814,63,0
39863,9091,63,0
39864,4834,63,0
39865,19093,63,0
39866,33393,63,0
39867,4577,63,0
39868,17684,63,0
39869,7308,63,0
39870,42365,63,0
39871,27077,63,0
39872,27619,63,0
39873,5359,63,0
39874,37028,63,0
39875,20024,63,0
39876,585,63,0
39877,40691,63,0
39878,37619,63,0
39879,22523,63,0
39880,900,63,0
39881,38568,63,0
39882,44275,63,0
39883,22383,63,0
39884,33944,63,0
39885,21102,63,0
39886,39194,63,0
39887,28933,63,0
39888,36779,63,0
39889,30207,63,0
39890,10158,63,0
39891,4789,63,0
39892,3335,63,0
39893,19736,63,0
39894,35885,63,0
39895,30673,63,0
39896,40467,63,0
39897,28687,63,0
39898,9383,63,0
39899,36432,63,0
39900,27816,63,0
39901,39721,63,0
39902,44401,63,0
39903,39220,63,0
39904,7104,63,0
39905,27917,63,0
39906,10055,63,0
39907,23461,63,0
39908,28868,63,0
39909,28661,63,0
39910,17487,63,0
39911,17926,63,0
39912,22445,63,0
39913,46589,63,0
39914,26044,63,0
39915,6056,63,0
39916,23895,63,0
39917,39081,63,0
39918,12569,63,0
39919,41653,63,0
39920,23698,63,0
39921,15379,63,0
39922,3744,63,0
39923,36988,63,0
39924,46272,63,0
39925,17262,63,0
39926,11470,63,0
39927,9507,63,0
39928,13841,63,0
39929,37425,63,0
39930,30882,63,0
39931,46972,63,0
39932,3615,63,0
39933,42843,63,0
39934,41378,63,0
39935,16500,63,0
39936,50499,63,0
39937,5847,63,0
39938,40432,63,0
39939,38442,63,0
39940,995,63,0
39941,19097,63,0
39942,44480,63,0
39943,3733,63,0
39944,19068,63,0
39945,6642,63,0
39946,32887,63,0
39947,1787,63,0
39948,16893,63,0
39949,50785,63,0
39950,21302,63,0
39951,48663,63,0
39952,42486,63,0
39953,22022,63,0
39954,46725,63,0
39955,47145,63,0
39956,48949,63,0
39957,22177,63,0
39958,23610,63,0
39959,21776,63,0
39960,43175,63,0
39961,44098,63,0
39962,29533,63,0
39963,10935,63,0
39964,42222,63,0
39965,7774,63,0
39966,4527,63,0
39967,46832,63,0
39968,15176,63,0
39969,9156,63,0
39970,38836,63,0
39971,35983,63,0
39972,30799,63,0
39973,5699,63,0
39974,8607,63,0
39975,21914,63,0
39976,39313,63,0
39977,19888,63,0
39978,27928,63,0
39979,7746,63,0
39980,47970,63,0
39981,24877,63,0
39982,12960,63,0
39983,20076,63,0
39984,22382,63,0
39985,22206,63,0
39986,24038,63,0
39987,45779,63,0
39988,22349,63,0
39989,10088,63,0
39990,10472,63,0
39991,44466,63,0
39992,48183,63,0
39993,46845,63,0
39994,48377,63,0
39995,24990,63,0
39996,42803,63,0
39997,44551,63,0
39998,26779,63,0
39999,1867,63,0
40000,43493,63,0
40001,44917,63,0
40002,27256,63,0
40003,18556,63,0
40004,50846,63,0
40005,37042,63,0
40006,30647,63,0
40007,8127,63,0
40008,43974,63,0
40009,7234,63,0
40010,10643,63,0
40011,26326,63,0
40012,39447,63,0
40013,37885,63,0
40014,9970,63,0
40015,27755,63,0
40016,15779,63,0
40017,1179,63,0
40018,44189,63,0
40019,13835,63,0
40020,18140,63,0
40021,92,63,0
40022,35741,63,0
40023,45474,63,0
40024,4894,63,0
40025,25134,63,0
40026,38576,63,0
40027,42888,63,0
40028,9317,63,0
40029,14813,63,0
40030,11535,63,0
40031,15548,63,0
40032,21303,63,0
40033,9955,63,0
40034,2977,63,0
40035,3850,63,0
40036,35967,63,0
40037,44429,63,0
40038,9303,63,0
40039,10705,63,0
40040,44470,63,0
40041,45684,63,0
40042,26127,63,0
40043,15202,63,0
40044,38434,63,0
40045,40798,63,0
40046,29715,63,0
40047,28615,63,0
40048,16126,63,0
40049,30652,63,0
40050,16774,63,0
40051,42579,63,0
40052,39567,63,0
40053,2030,63,0
40054,32218,63,0
40055,50076,63,0
40056,35836,63,0
40057,6130,63,0
40058,13298,63,0
40059,19973,63,0
40060,1552,63,0
40061,14150,63,0
40062,33948,63,0
40063,35025,63,0
40064,18162,63,0
40065,41729,63,0
40066,37272,63,0
40067,13150,63,0
40068,37589,63,0
40069,15565,63,0
40070,10339,63,0
40071,6368,63,0
40072,45082,63,0
40073,3438,63,0
40074,43006,63,0
40075,24697,63,0
40076,9669,63,0
40077,17858,63,0
40078,47940,63,0
40079,47698,63,0
40080,18896,63,0
40081,37906,63,0
40082,29932,63,0
40083,1910,63,0
40084,4620,63,0
40085,3351,63,0
40086,17024,63,0
40087,10642,63,0
40088,28609,63,0
40089,48303,63,0
40090,34451,63,0
40091,5082,63,0
40092,26090,63,0
40093,20445,63,0
40094,44319,63,0
40095,30828,63,0
40096,2833,63,0
40097,27767,63,0
40098,18710,63,0
40099,30630,63,0
40100,29155,63,0
40101,37610,63,0
40102,5825,63,0
40103,39487,63,0
40104,4500,63,0
40105,44318,63,0
40106,35170,63,0
40107,18921,63,0
40108,161,63,0
40109,19755,63,0
40110,16794,63,0
40111,6055,63,0
40112,50150,63,0
40113,27038,63,0
40114,21510,63,0
40115,12732,63,0
40116,35662,63,0
40117,45793,63,0
40118,19140,63,0
40119,44118,63,0
40120,1597,63,0
40121,19222,63,0
40122,400,63,0
40123,36938,63,0
40124,42140,63,0
40125,25828,63,0
40126,40146,63,0
40127,10037,63,0
40128,20440,63,0
40129,8169,63,0
40130,33032,63,0
40131,44911,63,0
40132,26255,63,0
40133,34733,63,0
40134,31890,63,0
40135,21675,63,0
40136,18306,63,0
40137,30567,63,0
40138,2783,63,0
40139,21523,63,0
40140,37696,63,0
40141,9894,63,0
40142,26534,63,0
40143,1381,63,0
40144,21379,63,0
40145,33361,63,0
40146,9616,63,0
40147,39837,63,0
40148,13876,63,0
40149,50079,63,0
40150,40877,63,0
40151,43438,63,0
40152,1821,63,0
40153,38602,63,0
40154,40133,63,0
40155,35174,63,0
40156,20506,63,0
40157,33439,63,0
40158,44363,63,0
40159,7277,63,0
40160,45941,63,0
40161,36894,63,0
40162,41006,63,0
40163,4276,63,0
40164,38391,63,0
40165,8138,63,0
40166,41209,63,0
40167,41246,63,0
40168,17035,63,0
40169,14038,63,0
40170,50127,63,0
40171,44737,63,0
40172,41819,63,0
40173,16025,63,0
40174,25047,63,0
40175,28045,63,0
40176,37069,63,0
40177,6083,63,0
40178,25143,63,0
40179,9743,63,0
40180,13677,63,0
40181,8320,63,0
40182,46260,63,0
40183,48392,63,0
40184,49824,63,0
40185,6040,63,0
40186,34409,63,0
40187,765,63,0
40188,40240,63,0
40189,37648,63,0
40190,10418,63,0
40191,38725,63,0
40192,19339,63,0
40193,717,63,0
40194,1451,63,0
40195,7640,63,0
40196,42100,63,0
40197,3901,63,0
40198,48996,63,0
40199,19765,63,0
40200,25578,63,0
40201,40436,63,0
40202,20322,63,0
40203,49967,63,0
40204,25583,63,0
40205,442,63,0
40206,22668,63,0
40207,8768,63,0
40208,45721,63,0
40209,44514,63,0
40210,47493,63,0
40211,50238,63,0
40212,7553,63,0
40213,32399,63,0
40214,17981,63,0
40215,17383,63,0
40216,50173,63,0
40217,35570,63,0
40218,1805,63,0
40219,19221,63,0
40220,39887,63,0
40221,5869,63,0
40222,37923,63,0
40223,2193,63,0
40224,30901,63,0
40225,48833,63,0
40226,38835,63,0
40227,50304,63,0
40228,31989,63,0
40229,25867,63,0
40230,12836,63,0
40231,21967,63,0
40232,31196,63,0
40233,39989,63,0
40234,42703,63,0
40235,47576,63,0
40236,26477,63,0
40237,11930,63,0
40238,37430,63,0
40239,20827,63,0
40240,17722,63,0
40241,3305,63,0
40242,36587,63,0
40243,22283,63,0
40244,7858,63,0
40245,16934,63,0
40246,13321,63,0
40247,22429,63,0
40248,5999,63,0
40249,43926,63,0
40250,47037,63,0
40251,27116,63,0
40252,49560,63,0
40253,2511,63,0
40254,2446,63,0
40255,9100,63,0
40256,15462,63,0
40257,37624,63,0
40258,47196,63,0
40259,46527,63,0
40260,44439,63,0
40261,35066,63,0
40262,27461,63,0
40263,41578,63,0
40264,14451,63,0
40265,20088,63,0
40266,39836,63,0
40267,47186,63,0
40268,15872,63,0
40269,7243,63,0
40270,13225,63,0
40271,18218,63,0
40272,21865,63,0
40273,198,63,0
40274,11604,63,0
40275,25216,63,0
40276,36727,63,0
40277,26622,63,0
40278,42939,63,0
40279,6242,63,0
40280,7715,63,0
40281,16957,63,0
40282,40725,63,0
40283,5122,63,0
40284,40563,63,0
40285,34861,63,0
40286,2163,63,0
40287,41129,63,0
40288,43133,63,0
40289,5368,63,0
40290,38800,63,0
40291,25067,63,0
40292,23293,63,0
40293,36471,63,0
40294,34467,63,0
40295,908,63,0
40296,24512,63,0
40297,32305,63,0
40298,38940,63,0
40299,42481,63,0
40300,27285,63,0
40301,47081,63,0
40302,17293,63,0
40303,34117,63,0
40304,48500,63,0
40305,23719,63,0
40306,48674,63,0
40307,10139,63,0
40308,32827,63,0
40309,26319,63,0
40310,49729,63,0
40311,50412,63,0
40312,17861,63,0
40313,14719,63,0
40314,39189,63,0
40315,18894,63,0
40316,19172,63,0
40317,42812,63,0
40318,50498,63,0
40319,49947,63,0
40320,39778,63,0
40321,48676,63,0
40322,4617,63,0
40323,26228,63,0
40324,41536,63,0
40325,38651,63,0
40326,2262,63,0
40327,9943,63,0
40328,10084,63,0
40329,6343,63,0
40330,45002,63,0
40331,47042,63,0
40332,39686,63,0
40333,40409,63,0
40334,4833,63,0
40335,31811,63,0
40336,46403,63,0
40337,7771,63,0
40338,49793,63,0
40339,45777,63,0
40340,11153,63,0
40341,37693,63,0
40342,21901,63,0
40343,48041,63,0
40344,42743,63,0
40345,16831,63,0
40346,21118,63,0
40347,37379,63,0
40348,20879,63,0
40349,42890,63,0
40350,7852,63,0
40351,39889,63,0
40352,37999,63,0
40353,43300,63,0
40354,21843,63,0
40355,44379,63,0
40356,13028,63,0
40357,40218,63,0
40358,46082,63,0
40359,22130,63,0
40360,43840,63,0
40361,19702,63,0
40362,1953,63,0
40363,36979,63,0
40364,40887,63,0
40365,47595,63,0
40366,8433,63,0
40367,43948,63,0
40368,47215,63,0
40369,38154,63,0
40370,45471,63,0
40371,28423,63,0
40372,10007,63,0
40373,6110,63,0
40374,36893,63,0
40375,41785,63,0
40376,1863,63,0
40377,21479,63,0
40378,41966,63,0
40379,17922,63,0
40380,25193,63,0
40381,23374,63,0
40382,26770,63,0
40383,26695,63,0
40384,36059,63,0
40385,30121,63,0
40386,12407,63,0
40387,4217,63,0
40388,5351,63,0
40389,6581,63,0
40390,50228,63,0
40391,28004,63,0
40392,38339,63,0
40393,31967,63,0
40394,42374,63,0
40395,9864,63,0
40396,50438,63,0
40397,5398,63,0
40398,6021,63,0
40399,466,63,0
40400,46200,63,0
40401,18735,63,0
40402,6735,63,0
40403,24365,63,0
40404,16381,63,0
40405,12393,63,0
40406,8576,63,0
40407,2337,63,0
40408,40714,63,0
40409,42598,63,0
40410,839,63,0
40411,49819,63,0
40412,30955,63,0
40413,26585,63,0
40414,46539,63,0
40415,18307,63,0
40416,32755,63,0
40417,16241,63,0
40418,12623,63,0
40419,50196,63,0
40420,21204,63,0
40421,34555,63,0
40422,9891,63,0
40423,36360,63,0
40424,44021,63,0
40425,37219,63,0
40426,38197,63,0
40427,45305,63,0
40428,38860,63,0
40429,28348,63,0
40430,11649,63,0
40431,35667,63,0
40432,34418,63,0
40433,26520,63,0
40434,45119,63,0
40435,24410,63,0
40436,33528,63,0
40437,21169,63,0
40438,46828,63,0
40439,6252,63,0
40440,8986,63,0
40441,33745,63,0
40442,49779,63,0
40443,28529,63,0
40444,36601,63,0
40445,21075,63,0
40446,13497,63,0
40447,12565,63,0
40448,10961,63,0
40449,43101,63,0
40450,20475,63,0
40451,19705,63,0
40452,8448,63,0
40453,38274,63,0
40454,1275,63,0
40455,43558,63,0
40456,5156,63,0
40457,50168,63,0
40458,22626,63,0
40459,44116,63,0
40460,6991,63,0
40461,32854,63,0
40462,27942,63,0
40463,16182,63,0
40464,44228,63,0
40465,29793,63,0
40466,40587,63,0
40467,41570,63,0
40468,34600,63,0
40469,23775,63,0
40470,40584,63,0
40471,42910,63,0
40472,7843,63,0
40473,26970,63,0
40474,12640,63,0
40475,26374,63,0
40476,25704,63,0
40477,40013,63,0
40478,13590,63,0
40479,44733,63,0
40480,24698,63,0
40481,8903,63,0
40482,3084,63,0
40483,26262,63,0
40484,25564,63,0
40485,13161,63,0
40486,46284,63,0
40487,35220,63,0
40488,50425,63,0
40489,6860,63,0
40490,1685,63,0
40491,25034,63,0
40492,44520,63,0
40493,3588,63,0
40494,46128,63,0
40495,46045,63,0
40496,44337,63,0
40497,44479,63,0
40498,9034,63,0
40499,6132,63,0
40500,40536,63,0
40501,30869,63,0
40502,14990,63,0
40503,39719,63,0
40504,22812,63,0
40505,42706,63,0
40506,19162,63,0
40507,27723,63,0
40508,5259,63,0
40509,21537,63,0
40510,6994,63,0
40511,16293,63,0
40512,21019,63,0
40513,23631,63,0
40514,2744,63,0
40515,47652,63,0
40516,42296,63,0
40517,29182,63,0
40518,8784,63,0
40519,5626,63,0
40520,20457,63,0
40521,13935,63,0
40522,33335,63,0
40523,12616,63,0
40524,40093,63,0
40525,43811,63,0
40526,9815,63,0
40527,23366,63,0
40528,19338,63,0
40529,41264,63,0
40530,18533,63,0
40531,37463,63,0
40532,19521,63,0
40533,47851,63,0
40534,6811,63,0
40535,2813,63,0
40536,28142,63,0
40537,42765,63,0
40538,42334,63,0
40539,27886,63,0
40540,36483,63,0
40541,44353,63,0
40542,18007,63,0
40543,9965,63,0
40544,47189,63,0
40545,45151,63,0
40546,23096,63,0
40547,14097,63,0
40548,12655,63,0
40549,23179,63,0
40550,11077,63,0
40551,45246,63,0
40552,26334,63,0
40553,49936,63,0
40554,40053,63,0
40555,4224,63,0
40556,3366,63,0
40557,40377,63,0
40558,2862,63,0
40559,4892,63,0
40560,38941,63,0
40561,30166,63,0
40562,5096,63,0
40563,34153,63,0
40564,36359,63,0
40565,49801,63,0
40566,27180,63,0
40567,47563,63,0
40568,34929,63,0
40569,44343,63,0
40570,50441,63,0
40571,48795,63,0
40572,49886,63,0
40573,41743,63,0
40574,533,63,0
40575,22226,63,0
40576,7900,63,0
40577,33117,63,0
40578,11365,63,0
40579,50767,63,0
40580,36671,63,0
40581,26508,63,0
40582,8604,63,0
40583,35637,63,0
40584,1720,63,0
40585,49895,63,0
40586,18849,63,0
40587,2353,63,0
40588,7660,63,0
40589,8977,63,0
40590,43301,63,0
40591,37476,63,0
40592,48997,63,0
40593,26579,63,0
40594,30839,63,0
40595,41097,63,0
40596,19127,63,0
40597,6946,63,0
40598,11645,63,0
40599,27021,63,0
40600,4963,63,0
40601,42284,63,0
40602,34428,63,0
40603,15620,63,0
40604,164,63,0
40605,17216,63,0
40606,19400,63,0
40607,9651,63,0
40608,9373,63,0
40609,17196,63,0
40610,17562,63,0
40611,7546,63,0
40612,46700,63,0
40613,12489,63,0
40614,7538,63,0
40615,40294,63,0
40616,15076,63,0
40617,37061,63,0
40618,3886,63,0
40619,25161,63,0
40620,47035,63,0
40621,47562,63,0
40622,9889,63,0
40623,21393,63,0
40624,21346,63,0
40625,39709,63,0
40626,46538,63,0
40627,13799,63,0
40628,44378,63,0
40629,6989,63,0
40630,17078,63,0
40631,14345,63,0
40632,159,63,0
40633,39224,63,0
40634,3857,63,0
40635,12447,63,0
40636,15840,63,0
40637,50125,63,0
40638,24044,63,0
40639,46988,63,0
40640,26519,63,0
40641,25773,63,0
40642,11212,63,0
40643,5613,63,0
40644,7855,63,0
40645,18420,63,0
40646,25823,63,0
40647,659,63,0
40648,12815,63,0
40649,22645,63,0
40650,49835,63,0
40651,6913,63,0
40652,50806,63,0
40653,22697,63,0
40654,41024,63,0
40655,36022,63,0
40656,40024,63,0
40657,9740,63,0
40658,3766,63,0
40659,26449,63,0
40660,42555,63,0
40661,37019,63,0
40662,26909,63,0
40663,46768,63,0
40664,31165,63,0
40665,23250,63,0
40666,50510,63,0
40667,4749,63,0
40668,8674,63,0
40669,41441,63,0
40670,46166,63,0
40671,40648,63,0
40672,25531,63,0
40673,36971,63,0
40674,17256,63,0
40675,12622,63,0
40676,25490,63,0
40677,17792,63,0
40678,22163,63,0
40679,4619,63,0
40680,37386,63,0
40681,5457,63,0
40682,32598,63,0
40683,19352,63,0
40684,40232,63,0
40685,38599,63,0
40686,27617,63,0
40687,14363,63,0
40688,21170,63,0
40689,40829,63,0
40690,37757,63,0
40691,6745,63,0
40692,22044,63,0
40693,20402,63,0
40694,18845,63,0
40695,8177,63,0
40696,26738,63,0
40697,31006,63,0
40698,4410,63,0
40699,48737,63,0
40700,36045,63,0
40701,37835,63,0
40702,3962,63,0
40703,43936,63,0
40704,12236,63,0
40705,3000,63,0
40706,27610,63,0
40707,27581,63,0
40708,44969,63,0
40709,36373,63,0
40710,4206,63,0
40711,37088,63,0
40712,44114,63,0
40713,34498,63,0
40714,19895,63,0
40715,50210,63,0
40716,15957,63,0
40717,14666,63,0
40718,14476,63,0
40719,16763,63,0
40720,8677,63,0
40721,30917,63,0
40722,21099,63,0
40723,39652,63,0
40724,6478,63,0
40725,11883,63,0
40726,40008,63,0
40727,17102,63,0
40728,15016,63,0
40729,12591,63,0
40730,4673,63,0
40731,43768,63,0
40732,2930,63,0
40733,26924,63,0
40734,34160,63,0
40735,29412,63,0
40736,23155,63,0
40737,18859,63,0
40738,31684,63,0
40739,32345,63,0
40740,44406,63,0
40741,20723,63,0
40742,5218,63,0
40743,13814,63,0
40744,46105,63,0
40745,1996,63,0
40746,31301,63,0
40747,13671,63,0
40748,22522,63,0
40749,25197,63,0
40750,40318,63,0
40751,43897,63,0
40752,12478,63,0
40753,37614,63,0
40754,36720,63,0
40755,15158,63,0
40756,4705,63,0
40757,21881,63,0
40758,20074,63,0
40759,42608,63,0
40760,34486,63,0
40761,40863,63,0
40762,42451,63,0
40763,448,63,0
40764,20880,63,0
40765,41525,63,0
40766,42867,63,0
40767,50126,63,0
40768,10131,63,0
40769,6746,63,0
40770,43590,63,0
40771,31634,63,0
40772,7368,63,0
40773,362,63,0
40774,38469,63,0
40775,7683,63,0
40776,12685,63,0
40777,9127,63,0
40778,9273,63,0
40779,13791,63,0
40780,23123,63,0
40781,49846,63,0
40782,26905,63,0
40783,27536,63,0
40784,28222,63,0
40785,21375,63,0
40786,45491,63,0
40787,37334,63,0
40788,6033,63,0
40789,15197,63,0
40790,30227,63,0
40791,430,63,0
40792,50144,63,0
40793,10680,63,0
40794,25402,63,0
40795,21427,63,0
40796,21858,63,0
40797,14889,63,0
40798,31143,63,0
40799,36447,63,0
40800,6142,63,0
40801,12133,63,0
40802,37478,63,0
40803,38246,63,0
40804,43411,63,0
40805,6414,63,0
40806,50367,63,0
40807,39322,63,0
40808,20247,63,0
40809,13125,63,0
40810,26851,63,0
40811,49221,63,0
40812,22045,63,0
40813,48599,63,0
40814,5289,63,0
40815,39024,63,0
40816,42232,63,0
40817,4378,63,0
40818,41328,63,0
40819,5409,63,0
40820,5705,63,0
40821,25719,63,0
40822,49352,63,0
40823,43830,63,0
40824,48463,63,0
40825,1582,63,0
40826,37283,63,0
40827,41374,63,0
40828,24621,63,0
40829,29423,63,0
40830,15307,63,0
40831,26710,63,0
40832,33074,63,0
40833,37399,63,0
40834,10332,63,0
40835,13508,63,0
40836,8914,63,0
40837,19769,63,0
40838,9758,63,0
40839,28152,63,0
40840,5675,63,0
40841,388,63,0
40842,22441,63,0
40843,37339,63,0
40844,19821,63,0
40845,17349,63,0
40846,21022,63,0
40847,4473,63,0
40848,17073,63,0
40849,20750,63,0
40850,25833,63,0
40851,9471,63,0
40852,12670,63,0
40853,16842,63,0
40854,42997,63,0
40855,45835,63,0
40856,20608,63,0
40857,10096,63,0
40858,5109,63,0
40859,44175,63,0
40860,3221,63,0
40861,48306,63,0
40862,36370,63,0
40863,41177,63,0
40864,496,63,0
40865,18835,63,0
40866,39010,63,0
40867,48580,63,0
40868,40450,63,0
40869,11705,63,0
40870,7960,63,0
40871,17522,63,0
40872,23593,63,0
40873,30147,63,0
40874,25462,63,0
40875,1420,63,0
40876,32130,63,0
40877,6287,63,0
40878,43510,63,0
40879,44255,63,0
40880,19940,63,0
40881,8600,63,0
40882,15337,63,0
40883,46575,63,0
40884,48456,63,0
40885,20223,63,0
40886,27990,63,0
40887,40932,63,0
40888,19703,63,0
40889,29285,63,0
40890,14897,63,0
40891,6491,63,0
40892,16576,63,0
40893,29374,63,0
40894,16192,63,0
40895,49421,63,0
40896,35930,63,0
40897,42879,63,0
40898,10254,63,0
40899,13057,63,0
40900,25670,63,0
40901,27676,63,0
40902,4373,63,0
40903,33763,63,0
40904,27585,63,0
40905,42414,63,0
40906,9670,63,0
40907,22479,63,0
40908,39429,63,0
40909,42121,63,0
40910,77,63,0
40911,48167,63,0
40912,16783,63,0
40913,47813,63,0
40914,26167,63,0
40915,9934,63,0
40916,30658,63,0
40917,39250,63,0
40918,6433,63,0
40919,50493,63,0
40920,28396,63,0
40921,24655,63,0
40922,11520,63,0
40923,48092,63,0
40924,27814,63,0
40925,754,63,0
40926,37211,63,0
40927,20967,63,0
40928,3055,63,0
40929,41379,63,0
40930,49978,63,0
40931,43236,63,0
40932,41616,63,0
40933,10939,63,0
40934,25142,63,0
40935,11247,63,0
40936,22004,63,0
40937,18250,63,0
40938,26107,63,0
40939,4671,63,0
40940,25082,63,0
40941,45693,63,0
40942,31109,63,0
40943,39508,63,0
40944,20239,63,0
40945,4153,63,0
40946,47954,63,0
40947,32491,63,0
40948,17046,63,0
40949,27490,63,0
40950,13952,63,0
40951,36958,63,0
40952,41661,63,0
40953,4579,63,0
40954,38495,63,0
40955,48182,63,0
40956,28821,63,0
40957,18580,63,0
40958,16404,63,0
40959,28416,63,0
40960,45160,63,0
40961,21348,63,0
40962,38627,63,0
40963,2604,63,0
40964,38194,63,0
40965,28436,63,0
40966,10027,63,0
40967,39577,63,0
40968,48113,63,0
40969,28812,63,0
40970,21519,63,0
40971,23966,63,0
40972,49438,63,0
40973,33724,63,0
40974,40216,63,0
40975,44500,63,0
40976,14295,63,0
40977,21105,63,0
40978,16981,63,0
40979,41666,63,0
40980,32968,63,0
40981,49316,63,0
40982,15554,63,0
40983,2822,63,0
40984,41552,63,0
40985,2391,63,0
40986,24539,63,0
40987,20216,63,0
40988,47223,63,0
40989,37010,63,0
40990,21728,63,0
40991,6446,63,0
40992,41002,63,0
40993,45773,63,0
40994,3646,63,0
40995,33990,63,0
40996,17152,63,0
40997,42756,63,0
40998,36009,63,0
40999,12924,63,0
41000,43305,63,0
41001,12855,63,0
41002,5026,63,0
41003,9823,63,0
41004,45715,63,0
41005,11410,63,0
41006,22162,63,0
41007,48454,63,0
41008,43604,63,0
41009,15354,63,0
41010,12389,63,0
41011,6900,63,0
41012,6983,63,0
41013,33208,63,0
41014,46306,63,0
41015,41740,63,0
41016,40615,63,0
41017,40419,63,0
41018,38855,63,0
41019,36489,63,0
41020,20578,63,0
41021,44042,63,0
41022,48481,63,0
41023,27196,63,0
41024,20407,63,0
41025,7052,63,0
41026,10647,63,0
41027,21045,63,0
41028,28116,63,0
41029,40215,63,0
41030,41462,63,0
41031,26136,63,0
41032,16219,63,0
41033,48794,63,0
41034,50758,63,0
41035,43630,63,0
41036,42391,63,0
41037,48173,63,0
41038,34693,63,0
41039,39251,63,0
41040,29221,63,0
41041,9879,63,0
41042,15606,63,0
41043,12954,63,0
41044,6787,63,0
41045,4995,63,0
41046,13040,63,0
41047,11561,63,0
41048,41935,63,0
41049,25338,63,0
41050,29226,63,0
41051,45012,63,0
41052,2581,63,0
41053,15672,63,0
41054,2673,63,0
41055,39940,63,0
41056,23545,63,0
41057,42797,63,0
41058,47686,63,0
41059,15887,63,0
41060,3329,63,0
41061,34279,63,0
41062,19481,63,0
41063,34289,63,0
41064,135,63,0
41065,46354,63,0
41066,15578,63,0
41067,29115,63,0
41068,19006,63,0
41069,10244,63,0
41070,45889,63,0
41071,20178,63,0
41072,19550,63,0
41073,18262,63,0
41074,40796,63,0
41075,12488,63,0
41076,22570,63,0
41077,7862,63,0
41078,2261,63,0
41079,37029,63,0
41080,25416,63,0
41081,18120,63,0
41082,44876,63,0
41083,43715,63,0
41084,49239,63,0
41085,41546,63,0
41086,23010,63,0
41087,40257,63,0
41088,43470,63,0
41089,46612,63,0
41090,45663,63,0
41091,44786,63,0
41092,22232,63,0
41093,25237,63,0
41094,18201,63,0
41095,27657,63,0
41096,10651,63,0
41097,14440,63,0
41098,33086,63,0
41099,41471,63,0
41100,22560,63,0
41101,18209,63,0
41102,35832,63,0
41103,37341,63,0
41104,8684,63,0
41105,1224,63,0
41106,36814,63,0
41107,10589,63,0
41108,45776,63,0
41109,45937,63,0
41110,40348,63,0
41111,45083,63,0
41112,49032,63,0
41113,16316,63,0
41114,8359,63,0
41115,29937,63,0
41116,13493,63,0
41117,39953,63,0
41118,39211,63,0
41119,37141,63,0
41120,1877,63,0
41121,36578,63,0
41122,21198,63,0
41123,14511,63,0
41124,48042,63,0
41125,19975,63,0
41126,28696,63,0
41127,763,63,0
41128,8798,63,0
41129,36940,63,0
41130,32843,63,0
41131,38886,63,0
41132,48527,63,0
41133,22205,63,0
41134,37348,63,0
41135,42157,63,0
41136,16622,63,0
41137,8237,63,0
41138,44686,63,0
41139,22279,63,0
41140,31470,63,0
41141,14457,63,0
41142,18561,63,0
41143,36841,63,0
41144,24761,63,0
41145,7533,63,0
41146,41091,63,0
41147,36482,63,0
41148,35432,63,0
41149,50014,63,0
41150,8123,63,0
41151,47697,63,0
41152,14215,63,0
41153,24553,63,0
41154,31004,63,0
41155,25352,63,0
41156,48370,63,0
41157,26649,63,0
41158,13433,63,0
41159,39087,63,0
41160,2624,63,0
41161,7670,63,0
41162,37111,63,0
41163,3609,63,0
41164,5596,63,0
41165,35532,63,0
41166,41103,63,0
41167,43440,63,0
41168,12641,63,0
41169,44219,63,0
41170,23677,63,0
41171,50850,63,0
41172,50141,63,0
41173,27009,63,0
41174,5407,63,0
41175,20085,63,0
41176,9263,63,0
41177,27698,63,0
41178,29979,63,0
41179,48900,63,0
41180,45020,63,0
41181,33448,63,0
41182,29883,63,0
41183,11009,63,0
41184,39602,63,0
41185,27121,63,0
41186,40156,63,0
41187,27893,63,0
41188,1112,63,0
41189,42506,63,0
41190,49635,63,0
41191,35281,63,0
41192,1732,63,0
41193,45590,63,0
41194,12995,63,0
41195,13452,63,0
41196,12672,63,0
41197,39968,63,0
41198,28361,63,0
41199,5798,63,0
41200,33828,63,0
41201,12581,63,0
41202,15695,63,0
41203,23069,63,0
41204,23306,63,0
41205,42573,63,0
41206,31864,63,0
41207,912,63,0
41208,32736,63,0
41209,35990,63,0
41210,42397,63,0
41211,16183,63,0
41212,28992,63,0
41213,18280,63,0
41214,41574,63,0
41215,28379,63,0
41216,21828,63,0
41217,14094,63,0
41218,32764,63,0
41219,6937,63,0
41220,20923,63,0
41221,23270,63,0
41222,48329,63,0
41223,41697,63,0
41224,33789,63,0
41225,47590,63,0
41226,24018,63,0
41227,31175,63,0
41228,30995,63,0
41229,50749,63,0
41230,39930,63,0
41231,15492,63,0
41232,39032,63,0
41233,25853,63,0
41234,46669,63,0
41235,43745,63,0
41236,47504,63,0
41237,12033,63,0
41238,39999,63,0
41239,48969,63,0
41240,19874,63,0
41241,7384,63,0
41242,27515,63,0
41243,37798,63,0
41244,42493,63,0
41245,6148,63,0
41246,6231,63,0
41247,15302,63,0
41248,41756,63,0
41249,2899,63,0
41250,41563,63,0
41251,18981,63,0
41252,30256,63,0
41253,39489,63,0
41254,25344,63,0
41255,45232,63,0
41256,6386,63,0
41257,576,63,0
41258,10839,63,0
41259,10146,63,0
41260,2253,63,0
41261,15991,63,0
41262,26468,63,0
41263,33451,63,0
41264,2740,63,0
41265,16335,63,0
41266,5189,63,0
41267,38387,63,0
41268,50161,63,0
41269,328,63,0
41270,13898,63,0
41271,33715,63,0
41272,26617,63,0
41273,18161,63,0
41274,11383,63,0
41275,26467,63,0
41276,10046,63,0
41277,24497,63,0
41278,31033,63,0
41279,25307,63,0
41280,24968,63,0
41281,50142,63,0
41282,18883,63,0
41283,40114,63,0
41284,8785,63,0
41285,32925,63,0
41286,42651,63,0
41287,14811,63,0
41288,9217,63,0
41289,26295,63,0
41290,22460,63,0
41291,5632,63,0
41292,10905,63,0
41293,29877,63,0
41294,26594,63,0
41295,6219,63,0
41296,2480,63,0
41297,48958,63,0
41298,38821,63,0
41299,9509,63,0
41300,32071,63,0
41301,45326,63,0
41302,14085,63,0
41303,8302,63,0
41304,21234,63,0
41305,47976,63,0
41306,39110,63,0
41307,3239,63,0
41308,38196,63,0
41309,14468,63,0
41310,40703,63,0
41311,15517,63,0
41312,20987,63,0
41313,41849,63,0
41314,40275,63,0
41315,7615,63,0
41316,11560,63,0
41317,7829,63,0
41318,15934,63,0
41319,36637,63,0
41320,40494,63,0
41321,23501,63,0
41322,22730,63,0
41323,8730,63,0
41324,43829,63,0
41325,49447,63,0
41326,31491,63,0
41327,21652,63,0
41328,25559,63,0
41329,2780,63,0
41330,26529,63,0
41331,10110,63,0
41332,42429,63,0
41333,5313,63,0
41334,28614,63,0
41335,48462,63,0
41336,3652,63,0
41337,37133,63,0
41338,32695,63,0
41339,44795,63,0
41340,50365,63,0
41341,40521,63,0
41342,20091,63,0
41343,36663,63,0
41344,17222,63,0
41345,46897,63,0
41346,4146,63,0
41347,1243,63,0
41348,16092,63,0
41349,5078,63,0
41350,4573,63,0
41351,2300,63,0
41352,9710,63,0
41353,7853,63,0
41354,28036,63,0
41355,17054,63,0
41356,28908,63,0
41357,40438,63,0
41358,27377,63,0
41359,47505,63,0
41360,42834,63,0
41361,43847,63,0
41362,13622,63,0
41363,4481,63,0
41364,49311,63,0
41365,20907,63,0
41366,15474,63,0
41367,4819,63,0
41368,43792,63,0
41369,36042,63,0
41370,24661,63,0
41371,47872,63,0
41372,17869,63,0
41373,2151,63,0
41374,17469,63,0
41375,31494,63,0
41376,36492,63,0
41377,36134,63,0
41378,32119,63,0
41379,42699,63,0
41380,26117,63,0
41381,28831,63,0
41382,43449,63,0
41383,19178,63,0
41384,43562,63,0
41385,12859,63,0
41386,27135,63,0
41387,44123,63,0
41388,36172,63,0
41389,3994,63,0
41390,13145,63,0
41391,8284,63,0
41392,10747,63,0
41393,5965,63,0
41394,44081,63,0
41395,40865,63,0
41396,27033,63,0
41397,23617,63,0
41398,18881,63,0
41399,34507,63,0
41400,14707,63,0
41401,7393,63,0
41402,41349,63,0
41403,6284,63,0
41404,47282,63,0
41405,29425,63,0
41406,39865,63,0
41407,20944,63,0
41408,38150,63,0
41409,17674,63,0
41410,25049,63,0
41411,16437,63,0
41412,5710,63,0
41413,45168,63,0
41414,15839,63,0
41415,36423,63,0
41416,5617,63,0
41417,48467,63,0
41418,157,63,0
41419,13836,63,0
41420,20892,63,0
41421,42944,63,0
41422,360,63,0
41423,38716,63,0
41424,27690,63,0
41425,45838,63,0
41426,38364,63,0
41427,40108,63,0
41428,43805,63,0
41429,47687,63,0
41430,20081,63,0
41431,4638,63,0
41432,46150,63,0
41433,15254,63,0
41434,439,63,0
41435,4188,63,0
41436,47242,63,0
41437,21288,63,0
41438,42693,63,0
41439,39044,63,0
41440,30142,63,0
41441,12551,63,0
41442,5335,63,0
41443,5763,63,0
41444,2868,63,0
41445,23287,63,0
41446,20447,63,0
41447,1217,63,0
41448,27031,63,0
41449,36451,63,0
41450,17712,63,0
41451,29055,63,0
41452,43687,63,0
41453,15796,63,0
41454,5309,63,0
41455,22158,63,0
41456,43928,63,0
41457,28864,63,0
41458,43871,63,0
41459,23616,63,0
41460,45340,63,0
41461,38764,63,0
41462,23220,63,0
41463,776,63,0
41464,38685,63,0
41465,36254,63,0
41466,40346,63,0
41467,14630,63,0
41468,21772,63,0
41469,47597,63,0
41470,42925,63,0
41471,23391,63,0
41472,21183,63,0
41473,44889,63,0
41474,49719,63,0
41475,27243,63,0
41476,19406,63,0
41477,43775,63,0
41478,6585,63,0
41479,4796,63,0
41480,6125,63,0
41481,36197,63,0
41482,11851,63,0
41483,44721,63,0
41484,8240,63,0
41485,21207,63,0
41486,17993,63,0
41487,25808,63,0
41488,15579,63,0
41489,16090,63,0
41490,49949,63,0
41491,4999,63,0
41492,12198,63,0
41493,12749,63,0
41494,26781,63,0
41495,36847,63,0
41496,9643,63,0
41497,25151,63,0
41498,41664,63,0
41499,28185,63,0
41500,34671,63,0
41501,5615,63,0
41502,6595,63,0
41503,15414,63,0
41504,25184,63,0
41505,36965,63,0
41506,697,63,0
41507,5627,63,0
41508,8597,63,0
41509,43408,63,0
41510,30809,63,0
41511,23269,63,0
41512,39338,63,0
41513,10672,63,0
41514,42021,63,0
41515,45462,63,0
41516,15184,63,0
41517,42616,63,0
41518,28605,63,0
41519,23062,63,0
41520,25041,63,0
41521,43473,63,0
41522,21349,63,0
41523,35049,63,0
41524,7707,63,0
41525,22533,63,0
41526,28153,63,0
41527,15122,63,0
41528,2958,63,0
41529,25242,63,0
41530,15997,63,0
41531,37634,63,0
41532,48968,63,0
41533,26668,63,0
41534,45934,63,0
41535,30891,63,0
41536,45578,63,0
41537,39997,63,0
41538,47278,63,0
41539,41806,63,0
41540,35495,63,0
41541,44394,63,0
41542,4915,63,0
41543,15939,63,0
41544,2118,63,0
41545,29035,63,0
41546,36029,63,0
41547,5287,63,0
41548,4169,63,0
41549,21907,63,0
41550,23298,63,0
41551,38397,63,0
41552,33301,63,0
41553,34297,63,0
41554,22796,63,0
41555,41307,63,0
41556,9801,63,0
41557,16809,63,0
41558,43189,63,0
41559,42492,63,0
41560,48736,63,0
41561,37747,63,0
41562,13669,63,0
41563,6936,63,0
41564,11230,63,0
41565,34175,63,0
41566,4677,63,0
41567,9566,63,0
41568,3014,63,0
41569,31110,63,0
41570,36387,63,0
41571,36089,63,0
41572,1532,63,0
41573,21237,63,0
41574,9584,63,0
41575,5685,63,0
41576,14503,63,0
41577,37758,63,0
41578,50102,63,0
41579,26291,63,0
41580,9070,63,0
41581,26042,63,0
41582,29023,63,0
41583,20246,63,0
41584,8816,63,0
41585,9679,63,0
41586,23286,63,0
41587,8013,63,0
41588,5809,63,0
41589,20976,63,0
41590,39816,63,0
41591,30058,63,0
41592,6555,63,0
41593,24664,63,0
41594,13545,63,0
41595,10695,63,0
41596,42174,63,0
41597,40029,63,0
41598,45580,63,0
41599,17319,63,0
41600,9280,63,0
41601,32361,63,0
41602,17992,63,0
41603,36866,63,0
41604,20672,63,0
41605,41854,63,0
41606,35296,63,0
41607,14177,63,0
41608,1992,63,0
41609,8366,63,0
41610,50674,63,0
41611,40835,63,0
41612,41862,63,0
41613,34873,63,0
41614,9938,63,0
41615,47443,63,0
41616,40827,63,0
41617,23796,63,0
41618,33564,63,0
41619,38543,63,0
41620,24764,63,0
41621,48359,63,0
41622,42104,63,0
41623,30324,63,0
41624,21329,63,0
41625,26637,63,0
41626,3963,63,0
41627,46438,63,0
41628,34534,63,0
41629,21457,63,0
41630,44192,63,0
41631,5640,63,0
41632,42000,63,0
41633,1681,63,0
41634,41909,63,0
41635,20254,63,0
41636,39861,63,0
41637,46279,63,0
41638,9359,63,0
41639,15156,63,0
41640,21610,63,0
41641,11184,63,0
41642,38378,63,0
41643,16785,63,0
41644,24645,63,0
41645,20587,63,0
41646,4920,63,0
41647,18734,63,0
41648,7517,63,0
41649,2157,63,0
41650,8581,63,0
41651,23483,63,0
41652,18163,63,0
41653,4105,63,0
41654,37592,63,0
41655,15249,63,0
41656,41310,63,0
41657,39413,63,0
41658,28127,63,0
41659,6621,63,0
41660,9821,63,0
41661,45956,63,0
41662,28073,63,0
41663,19724,63,0
41664,11488,63,0
41665,11568,63,0
41666,47066,63,0
41667,9534,63,0
41668,9224,63,0
41669,4295,63,0
41670,43724,63,0
41671,27940,63,0
41672,44453,63,0
41673,38032,63,0
41674,19918,63,0
41675,18181,63,0
41676,9065,63,0
41677,9055,63,0
41678,16628,63,0
41679,18486,63,0
41680,4421,63,0
41681,3440,63,0
41682,50639,63,0
41683,43578,63,0
41684,49768,63,0
41685,4414,63,0
41686,42917,63,0
41687,21136,63,0
41688,16506,63,0
41689,39605,63,0
41690,24963,63,0
41691,21552,63,0
41692,326,63,0
41693,910,63,0
41694,46789,63,0
41695,1046,63,0
41696,33085,63,0
41697,36646,63,0
41698,50292,63,0
41699,43911,63,0
41700,37130,63,0
41701,36065,63,0
41702,13993,63,0
41703,8029,63,0
41704,39103,63,0
41705,23858,63,0
41706,38758,63,0
41707,44044,63,0
41708,45720,63,0
41709,7796,63,0
41710,47629,63,0
41711,42303,63,0
41712,39323,63,0
41713,7325,63,0
41714,8557,63,0
41715,28659,63,0
41716,10104,63,0
41717,22917,63,0
41718,19585,63,0
41719,32880,63,0
41720,8551,63,0
41721,24712,63,0
41722,25351,63,0
41723,29281,63,0
41724,5069,63,0
41725,8227,63,0
41726,39139,63,0
41727,25437,63,0
41728,41871,63,0
41729,25765,63,0
41730,23844,63,0
41731,10724,63,0
41732,34047,63,0
41733,38212,63,0
41734,27337,63,0
41735,22784,63,0
41736,46156,63,0
41737,13013,63,0
41738,18907,63,0
41739,27632,63,0
41740,41214,63,0
41741,3970,63,0
41742,41928,63,0
41743,44959,63,0
41744,41957,63,0
41745,22907,63,0
41746,30920,63,0
41747,38446,63,0
41748,25565,63,0
41749,26415,63,0
41750,44982,63,0
41751,28207,63,0
41752,15803,63,0
41753,25429,63,0
41754,48843,63,0
41755,46529,63,0
41756,22450,63,0
41757,48275,63,0
41758,35268,63,0
41759,2024,63,0
41760,18523,63,0
41761,33057,63,0
41762,19380,63,0
41763,27204,63,0
41764,7116,63,0
41765,16156,63,0
41766,16082,63,0
41767,26644,63,0
41768,46932,63,0
41769,46473,63,0
41770,22759,63,0
41771,35962,63,0
41772,30639,63,0
41773,18990,63,0
41774,8980,63,0
41775,16364,63,0
41776,17517,63,0
41777,6442,63,0
41778,22115,63,0
41779,36796,63,0
41780,45815,63,0
41781,19278,63,0
41782,24824,63,0
41783,42580,63,0
41784,9158,63,0
41785,34174,63,0
41786,7095,63,0
41787,6382,63,0
41788,19008,63,0
41789,15923,63,0
41790,17563,63,0
41791,31181,63,0
41792,9868,63,0
41793,16960,63,0
41794,19788,63,0
41795,29806,63,0
41796,32103,63,0
41797,36321,63,0
41798,45960,63,0
41799,46671,63,0
41800,14374,63,0
41801,32156,63,0
41802,42798,63,0
41803,20147,63,0
41804,35608,63,0
41805,36882,63,0
41806,36877,63,0
41807,50218,63,0
41808,27505,63,0
41809,20624,63,0
41810,34386,63,0
41811,43002,63,0
41812,42398,63,0
41813,47570,63,0
41814,32162,63,0
41815,21244,63,0
41816,47154,63,0
41817,4244,63,0
41818,15936,63,0
41819,45748,63,0
41820,50366,63,0
41821,6815,63,0
41822,44273,63,0
41823,2871,63,0
41824,19771,63,0
41825,41016,63,0
41826,20709,63,0
41827,3664,63,0
41828,36717,63,0
41829,28076,63,0
41830,49258,63,0
41831,25300,63,0
41832,39069,63,0
41833,9548,63,0
41834,35707,63,0
41835,14814,63,0
41836,20012,63,0
41837,22898,63,0
41838,25309,63,0
41839,26792,63,0
41840,40408,63,0
41841,11273,63,0
41842,33878,63,0
41843,14655,63,0
41844,2701,63,0
41845,44613,63,0
41846,49518,63,0
41847,8911,63,0
41848,17488,63,0
41849,9256,63,0
41850,29752,63,0
41851,41713,63,0
41852,50093,63,0
41853,48255,63,0
41854,17429,63,0
41855,37837,63,0
41856,15734,63,0
41857,15396,63,0
41858,17588,63,0
41859,36268,63,0
41860,48,63,0
41861,21624,63,0
41862,32932,63,0
41863,26142,63,0
41864,33909,63,0
41865,23529,63,0
41866,36354,63,0
41867,844,63,0
41868,31162,63,0
41869,40488,63,0
41870,45900,63,0
41871,5058,63,0
41872,42554,63,0
41873,45129,63,0
41874,39714,63,0
41875,12347,63,0
41876,2980,63,0
41877,50053,63,0
41878,46425,63,0
41879,23707,63,0
41880,33138,63,0
41881,14687,63,0
41882,20782,63,0
41883,8213,63,0
41884,40894,63,0
41885,40394,63,0
41886,45044,63,0
41887,23212,63,0
41888,39792,63,0
41889,41360,63,0
41890,3418,63,0
41891,28760,63,0
41892,15933,63,0
41893,47908,63,0
41894,37507,63,0
41895,25390,63,0
41896,25566,63,0
41897,20087,63,0
41898,19753,63,0
41899,10561,63,0
41900,4475,63,0
41901,37944,63,0
41902,40182,63,0
41903,40048,63,0
41904,14552,63,0
41905,35614,63,0
41906,41501,63,0
41907,44170,63,0
41908,4101,63,0
41909,26287,63,0
41910,40329,63,0
41911,31362,63,0
41912,23665,63,0
41913,16542,63,0
41914,45443,63,0
41915,44510,63,0
41916,5715,63,0
41917,14798,63,0
41918,50171,63,0
41919,41003,63,0
41920,32289,63,0
41921,7751,63,0
41922,10689,63,0
41923,46199,63,0
41924,43246,63,0
41925,18436,63,0
41926,8729,63,0
41927,29371,63,0
41928,44414,63,0
41929,42947,63,0
41930,35823,63,0
41931,36444,63,0
41932,9436,63,0
41933,21556,63,0
41934,9472,63,0
41935,36080,63,0
41936,46921,63,0
41937,38990,63,0
41938,15553,63,0
41939,48544,63,0
41940,19825,63,0
41941,46130,63,0
41942,14450,63,0
41943,9629,63,0
41944,11441,63,0
41945,17324,63,0
41946,27732,63,0
41947,50804,63,0
41948,5422,63,0
41949,28893,63,0
41950,27358,63,0
41951,26525,63,0
41952,34405,63,0
41953,49228,63,0
41954,39102,63,0
41955,42128,63,0
41956,16072,63,0
41957,25879,63,0
41958,23334,63,0
41959,23590,63,0
41960,48824,63,0
41961,6981,63,0
41962,2400,63,0
41963,5484,63,0
41964,4291,63,0
41965,9151,63,0
41966,46979,63,0
41967,4477,63,0
41968,50563,63,0
41969,7714,63,0
41970,40203,63,0
41971,11583,63,0
41972,42789,63,0
41973,47094,63,0
41974,28666,63,0
41975,37273,63,0
41976,23700,63,0
41977,11305,63,0
41978,37001,63,0
41979,17460,63,0
41980,28211,63,0
41981,40512,63,0
41982,2094,63,0
41983,38167,63,0
41984,20795,63,0
41985,43616,63,0
41986,12539,63,0
41987,16430,63,0
41988,37824,63,0
41989,31670,63,0
41990,5239,63,0
41991,50190,63,0
41992,25457,63,0
41993,43342,63,0
41994,21272,63,0
41995,29737,63,0
41996,472,63,0
41997,50914,63,0
41998,22366,63,0
41999,45867,63,0
42000,19163,63,0
42001,41394,63,0
42002,43723,63,0
42003,16245,63,0
42004,28388,63,0
42005,16432,63,0
42006,41773,63,0
42007,15406,63,0
42008,36048,63,0
42009,8818,63,0
42010,44046,63,0
42011,48586,63,0
42012,5556,63,0
42013,5618,63,0
42014,15707,63,0
42015,33292,63,0
42016,39864,63,0
42017,41934,63,0
42018,47814,63,0
42019,8104,63,0
42020,9746,63,0
42021,30738,63,0
42022,28145,63,0
42023,8631,63,0
42024,30598,63,0
42025,40704,63,0
42026,28390,63,0
42027,206,63,0
42028,38263,63,0
42029,47285,63,0
42030,9524,63,0
42031,45825,63,0
42032,48153,63,0
42033,5717,63,0
42034,22009,63,0
42035,3938,63,0
42036,17954,63,0
42037,3338,63,0
42038,10191,63,0
42039,39622,63,0
42040,13689,63,0
42041,24506,63,0
42042,2749,63,0
42043,1713,63,0
42044,42930,63,0
42045,21555,63,0
42046,12668,63,0
42047,19382,63,0
42048,48502,63,0
42049,44093,63,0
42050,24273,63,0
42051,7703,63,0
42052,32642,63,0
42053,42547,63,0
42054,17462,63,0
42055,22490,63,0
42056,47617,63,0
42057,39944,63,0
42058,28024,63,0
42059,26104,63,0
42060,7518,63,0
42061,2065,63,0
42062,38186,63,0
42063,43547,63,0
42064,42245,63,0
42065,45558,63,0
42066,44539,63,0
42067,28031,63,0
42068,14438,63,0
42069,35161,63,0
42070,22021,63,0
42071,18467,63,0
42072,19803,63,0
42073,9132,63,0
42074,9558,63,0
42075,12729,63,0
42076,2522,63,0
42077,8470,63,0
42078,32805,63,0
42079,8679,63,0
42080,46208,63,0
42081,29089,63,0
42082,22285,63,0
42083,27929,63,0
42084,41817,63,0
42085,32791,63,0
42086,15395,63,0
42087,19392,63,0
42088,5402,63,0
42089,45135,63,0
42090,45854,63,0
42091,18494,63,0
42092,50666,63,0
42093,12649,63,0
42094,41685,63,0
42095,8530,63,0
42096,22343,63,0
42097,40873,63,0
42098,1916,63,0
42099,4157,63,0
42100,35493,63,0
42101,23642,63,0
42102,8134,63,0
42103,43923,63,0
42104,49604,63,0
42105,1636,63,0
42106,13680,63,0
42107,45745,63,0
42108,26790,63,0
42109,11580,63,0
42110,18443,63,0
42111,45628,63,0
42112,47512,63,0
42113,50191,63,0
42114,1018,63,0
42115,39907,63,0
42116,9177,63,0
42117,27441,63,0
42118,35783,63,0
42119,50575,63,0
42120,19743,63,0
42121,2273,63,0
42122,27173,63,0
42123,19412,63,0
42124,24897,63,0
42125,39078,63,0
42126,16528,63,0
42127,9768,63,0
42128,11126,63,0
42129,32870,63,0
42130,39236,63,0
42131,43935,63,0
42132,22709,63,0
42133,41326,63,0
42134,5435,63,0
42135,18081,63,0
42136,41115,63,0
42137,6034,63,0
42138,31179,63,0
42139,6339,63,0
42140,23113,63,0
42141,5904,63,0
42142,47716,63,0
42143,6612,63,0
42144,19567,63,0
42145,43502,63,0
42146,8928,63,0
42147,46962,63,0
42148,24741,63,0
42149,26499,63,0
42150,31190,63,0
42151,23040,63,0
42152,46876,63,0
42153,1417,63,0
42154,29946,63,0
42155,44218,63,0
42156,38119,63,0
42157,28879,63,0
42158,33461,63,0
42159,33720,63,0
42160,23577,63,0
42161,13611,63,0
42162,43251,63,0
42163,310,63,0
42164,3854,63,0
42165,10566,63,0
42166,42196,63,0
42167,39980,63,0
42168,31916,63,0
42169,16397,63,0
42170,7295,63,0
42171,41579,63,0
42172,12466,63,0
42173,36912,63,0
42174,40082,63,0
42175,8521,63,0
42176,9274,63,0
42177,31402,63,0
42178,42402,63,0
42179,16710,63,0
42180,44929,63,0
42181,40859,63,0
42182,30905,63,0
42183,2345,63,0
42184,6447,63,0
42185,38530,63,0
42186,26903,63,0
42187,13170,63,0
42188,41554,63,0
42189,44948,63,0
42190,43199,63,0
42191,32209,63,0
42192,8252,63,0
42193,26321,63,0
42194,33512,63,0
42195,21651,63,0
42196,13616,63,0
42197,46961,63,0
42198,16265,63,0
42199,4417,63,0
42200,41206,63,0
42201,37396,63,0
42202,50811,63,0
42203,426,63,0
42204,9623,63,0
42205,18203,63,0
42206,30990,63,0
42207,1302,63,0
42208,42336,63,0
42209,23802,63,0
42210,32653,63,0
42211,8826,63,0
42212,41265,63,0
42213,16024,63,0
42214,8667,63,0
42215,11007,63,0
42216,10020,63,0
42217,49730,63,0
42218,26197,63,0
42219,46613,63,0
42220,2448,63,0
42221,36510,63,0
42222,5794,63,0
42223,17484,63,0
42224,27878,63,0
42225,15471,63,0
42226,45957,63,0
42227,27535,63,0
42228,21368,63,0
42229,40583,63,0
42230,23063,63,0
42231,41243,63,0
42232,22575,63,0
42233,49594,63,0
42234,40717,63,0
42235,40225,63,0
42236,21549,63,0
42237,32567,63,0
42238,22619,63,0
42239,6218,63,0
42240,42085,63,0
42241,23684,63,0
42242,25768,63,0
42243,9716,63,0
42244,44505,63,0
42245,32790,63,0
42246,1262,63,0
42247,39057,63,0
42248,26736,63,0
42249,27520,63,0
42250,16896,63,0
42251,42907,63,0
42252,43363,63,0
42253,34947,63,0
42254,36692,63,0
42255,29402,63,0
42256,8652,63,0
42257,36518,63,0
42258,1697,63,0
42259,16067,63,0
42260,38160,63,0
42261,47279,63,0
42262,37740,63,0
42263,44225,63,0
42264,40920,63,0
42265,45289,63,0
42266,38903,63,0
42267,47120,63,0
42268,39499,63,0
42269,39021,63,0
42270,41152,63,0
42271,43598,63,0
42272,19219,63,0
42273,49567,63,0
42274,39175,63,0
42275,43419,63,0
42276,9137,63,0
42277,16075,63,0
42278,4170,63,0
42279,1422,63,0
42280,49814,63,0
42281,1553,63,0
42282,28664,63,0
42283,12441,63,0
42284,38575,63,0
42285,47201,63,0
42286,40000,63,0
42287,41285,63,0
42288,2073,63,0
42289,48854,63,0
42290,37128,63,0
42291,48314,63,0
42292,47005,63,0
42293,41742,63,0
42294,5365,63,0
42295,5609,63,0
42296,38596,63,0
42297,22058,63,0
42298,30318,63,0
42299,20623,63,0
42300,20193,63,0
42301,9335,63,0
42302,46530,63,0
42303,14706,63,0
42304,25988,63,0
42305,7412,63,0
42306,46806,63,0
42307,16127,63,0
42308,7973,63,0
42309,22604,63,0
42310,44041,63,0
42311,8817,63,0
42312,38288,63,0
42313,9744,63,0
42314,16347,63,0
42315,36365,63,0
42316,5911,63,0
42317,6077,63,0
42318,40996,63,0
42319,42323,63,0
42320,27876,63,0
42321,31602,63,0
42322,37271,63,0
42323,15769,63,0
42324,31955,63,0
42325,25489,63,0
42326,49147,63,0
42327,34463,63,0
42328,41798,63,0
42329,49193,63,0
42330,37204,63,0
42331,30334,63,0
42332,9638,63,0
42333,17659,63,0
42334,6177,63,0
42335,26200,63,0
42336,5166,63,0
42337,28087,63,0
42338,43346,63,0
42339,457,63,0
42340,728,63,0
42341,17300,63,0
42342,45068,63,0
42343,39601,63,0
42344,20069,63,0
42345,13904,63,0
42346,19566,63,0
42347,42754,63,0
42348,40677,63,0
42349,5332,63,0
42350,1280,63,0
42351,40320,63,0
42352,25552,63,0
42353,9381,63,0
42354,8791,63,0
42355,43779,63,0
42356,9339,63,0
42357,13696,63,0
42358,24358,63,0
42359,50199,63,0
42360,38863,63,0
42361,6864,63,0
42362,9887,63,0
42363,40980,63,0
42364,25203,63,0
42365,24928,63,0
42366,13417,63,0
42367,22136,63,0
42368,26773,63,0
42369,40115,63,0
42370,1991,63,0
42371,200,63,0
42372,5487,63,0
42373,49564,63,0
42374,40604,63,0
42375,31506,63,0
42376,49104,63,0
42377,11072,63,0
42378,48328,63,0
42379,41644,63,0
42380,50895,63,0
42381,48071,63,0
42382,39760,63,0
42383,3521,63,0
42384,15289,63,0
42385,11548,63,0
42386,36611,63,0
42387,21224,63,0
42388,17237,63,0
42389,405,63,0
42390,28215,63,0
42391,39734,63,0
42392,38190,63,0
42393,48825,63,0
42394,50897,63,0
42395,43534,63,0
42396,49872,63,0
42397,42763,63,0
42398,26757,63,0
42399,26238,63,0
42400,41905,63,0
42401,27883,63,0
42402,41985,63,0
42403,8767,63,0
42404,40702,63,0
42405,36941,63,0
42406,32765,63,0
42407,12073,63,0
42408,1287,63,0
42409,50327,63,0
42410,24818,63,0
42411,29765,63,0
42412,46053,63,0
42413,39513,63,0
42414,42066,63,0
42415,26072,63,0
42416,45076,63,0
42417,23132,63,0
42418,11348,63,0
42419,247,63,0
42420,45074,63,0
42421,46636,63,0
42422,21026,63,0
42423,30335,63,0
42424,41615,63,0
42425,46173,63,0
42426,5633,63,0
42427,29031,63,0
42428,41101,63,0
42429,15841,63,0
42430,1495,63,0
42431,14673,63,0
42432,41465,63,0
42433,37147,63,0
42434,28987,63,0
42435,8400,63,0
42436,13042,63,0
42437,19642,63,0
42438,26624,63,0
42439,27985,63,0
42440,43188,63,0
42441,6851,63,0
42442,20767,63,0
42443,12428,63,0
42444,5297,63,0
42445,16937,63,0
42446,20369,63,0
42447,37468,63,0
42448,43247,63,0
42449,21365,63,0
42450,17166,63,0
42451,15246,63,0
42452,26966,63,0
42453,39926,63,0
42454,36974,63,0
42455,3843,63,0
42456,44034,63,0
42457,6236,63,0
42458,13288,63,0
42459,18267,63,0
42460,16010,63,0
42461,38178,63,0
42462,21115,63,0
42463,6456,63,0
42464,13168,63,0
42465,4108,63,0
42466,8325,63,0
42467,43238,63,0
42468,49191,63,0
42469,30759,63,0
42470,45401,63,0
42471,49555,63,0
42472,16869,63,0
42473,38251,63,0
42474,19207,63,0
42475,3651,63,0
42476,32280,63,0
42477,40594,63,0
42478,45802,63,0
42479,50403,63,0
42480,24629,63,0
42481,16926,63,0
42482,2810,63,0
42483,45592,63,0
42484,4296,63,0
42485,27159,63,0
42486,43095,63,0
42487,12609,63,0
42488,11067,63,0
42489,6241,63,0
42490,23180,63,0
42491,34776,63,0
42492,14653,63,0
42493,6958,63,0
42494,43033,63,0
42495,13211,63,0
42496,43323,63,0
42497,42006,63,0
42498,9956,63,0
42499,23828,63,0
42500,4391,63,0
42501,33264,63,0
42502,1228,63,0
42503,48583,63,0
42504,2811,63,0
42505,33141,63,0
42506,28104,63,0
42507,20866,63,0
42508,36404,63,0
42509,47955,63,0
42510,46017,63,0
42511,46256,63,0
42512,8756,63,0
42513,26583,63,0
42514,37115,63,0
42515,20969,63,0
42516,29395,63,0
42517,11566,63,0
42518,41440,63,0
42519,34583,63,0
42520,48641,63,0
42521,10067,63,0
42522,39820,63,0
42523,44174,63,0
42524,40039,63,0
42525,40747,63,0
42526,23159,63,0
42527,38351,63,0
42528,34348,63,0
42529,48693,63,0
42530,49833,63,0
42531,14391,63,0
42532,7361,63,0
42533,8991,63,0
42534,10728,63,0
42535,44360,63,0
42536,12534,63,0
42537,12358,63,0
42538,37596,63,0
42539,49453,63,0
42540,39833,63,0
42541,916,63,0
42542,15867,63,0
42543,33436,63,0
42544,45098,63,0
42545,22850,63,0
42546,6454,63,0
42547,965,63,0
42548,45262,63,0
42549,36376,63,0
42550,33644,63,0
42551,46408,63,0
42552,44030,63,0
42553,15228,63,0
42554,34095,63,0
42555,5529,63,0
42556,15084,63,0
42557,32159,63,0
42558,47536,63,0
42559,46764,63,0
42560,20674,63,0
42561,7838,63,0
42562,7841,63,0
42563,22008,63,0
42564,40397,63,0
42565,18613,63,0
42566,38062,63,0
42567,49290,63,0
42568,30640,63,0
42569,46486,63,0
42570,8206,63,0
42571,44060,63,0
42572,42024,63,0
42573,38594,63,0
42574,18963,63,0
42575,37315,63,0
42576,22416,63,0
42577,26944,63,0
42578,26844,63,0
42579,27146,63,0
42580,27757,63,0
42581,44062,63,0
42582,16642,63,0
42583,39386,63,0
42584,8381,63,0
42585,33296,63,0
42586,36615,63,0
42587,16320,63,0
42588,6318,63,0
42589,35602,63,0
42590,5955,63,0
42591,3735,63,0
42592,29742,63,0
42593,6821,63,0
42594,38729,63,0
42595,37539,63,0
42596,38660,63,0
42597,8723,63,0
42598,47192,63,0
42599,47472,63,0
42600,36076,63,0
42601,9880,63,0
42602,13058,63,0
42603,47745,63,0
42604,39858,63,0
42605,5552,63,0
42606,3545,63,0
42607,36906,63,0
42608,31126,63,0
42609,1479,63,0
42610,25621,63,0
42611,6732,63,0
42612,5831,63,0
42613,36803,63,0
42614,3197,63,0
42615,23996,63,0
42616,2640,63,0
42617,27403,63,0
42618,17972,63,0
42619,46224,63,0
42620,19164,63,0
42621,31334,63,0
42622,36178,63,0
42623,24590,63,0
42624,40744,63,0
42625,39538,63,0
42626,48013,63,0
42627,36970,63,0
42628,7035,63,0
42629,28544,63,0
42630,10771,63,0
42631,29399,63,0
42632,40296,63,0
42633,32101,63,0
42634,8685,63,0
42635,18606,63,0
42636,14675,63,0
42637,35551,63,0
42638,30392,63,0
42639,28880,63,0
42640,37526,63,0
42641,6161,63,0
42642,37810,63,0
42643,4956,63,0
42644,901,63,0
42645,2506,63,0
42646,44415,63,0
42647,25749,63,0
42648,44382,63,0
42649,48072,63,0
42650,23195,63,0
42651,8232,63,0
42652,43004,63,0
42653,3673,63,0
42654,45244,63,0
42655,7109,63,0
42656,22082,63,0
42657,9639,63,0
42658,39641,63,0
42659,21536,63,0
42660,38208,63,0
42661,7353,63,0
42662,13329,63,0
42663,16120,63,0
42664,44703,63,0
42665,9358,63,0
42666,28232,63,0
42667,14799,63,0
42668,45467,63,0
42669,47965,63,0
42670,23621,63,0
42671,23898,63,0
42672,3397,63,0
42673,9993,63,0
42674,20550,63,0
42675,7931,63,0
42676,7969,63,0
42677,2791,63,0
42678,26047,63,0
42679,49353,63,0
42680,29356,63,0
42681,22470,63,0
42682,1346,63,0
42683,19801,63,0
42684,10897,63,0
42685,7230,63,0
42686,33809,63,0
42687,16630,63,0
42688,39162,63,0
42689,39628,63,0
42690,4820,63,0
42691,10052,63,0
42692,14353,63,0
42693,27273,63,0
42694,42434,63,0
42695,30054,63,0
42696,20425,63,0
42697,39740,63,0
42698,29853,63,0
42699,46641,63,0
42700,45330,63,0
42701,48313,63,0
42702,29483,63,0
42703,29773,63,0
42704,42929,63,0
42705,36131,63,0
42706,28182,63,0
42707,14557,63,0
42708,33148,63,0
42709,46482,63,0
42710,41160,63,0
42711,22857,63,0
42712,48790,63,0
42713,39883,63,0
42714,6903,63,0
42715,7415,63,0
42716,22737,63,0
42717,20777,63,0
42718,5107,63,0
42719,42447,63,0
42720,37639,63,0
42721,45064,63,0
42722,35032,63,0
42723,11901,63,0
42724,7343,63,0
42725,23428,63,0
42726,19914,63,0
42727,9346,63,0
42728,17803,63,0
42729,18199,63,0
42730,12476,63,0
42731,41257,63,0
42732,36283,63,0
42733,17896,63,0
42734,25389,63,0
42735,48560,63,0
42736,2474,63,0
42737,44497,63,0
42738,25248,63,0
42739,25713,63,0
42740,16646,63,0
42741,1700,63,0
42742,6704,63,0
42743,36804,63,0
42744,39118,63,0
42745,29837,63,0
42746,36672,63,0
42747,24523,63,0
42748,5153,63,0
42749,19898,63,0
42750,47630,63,0
42751,5483,63,0
42752,37985,63,0
42753,30664,63,0
42754,20130,63,0
42755,35136,63,0
42756,27226,63,0
42757,1502,63,0
42758,6004,63,0
42759,42377,63,0
42760,7355,63,0
42761,48068,63,0
42762,28126,63,0
42763,41835,63,0
42764,46914,63,0
42765,19608,63,0
42766,19410,63,0
42767,7457,63,0
42768,4326,63,0
42769,2840,63,0
42770,50031,63,0
42771,20817,63,0
42772,20671,63,0
42773,37862,63,0
42774,44722,63,0
42775,30635,63,0
42776,1463,63,0
42777,18688,63,0
42778,26392,63,0
42779,29846,63,0
42780,37770,63,0
42781,46039,63,0
42782,1339,63,0
42783,36522,63,0
42784,40141,63,0
42785,27689,63,0
42786,43031,63,0
42787,22495,63,0
42788,50656,63,0
42789,5817,63,0
42790,9059,63,0
42791,28897,63,0
42792,44328,63,0
42793,39152,63,0
42794,41516,63,0
42795,30040,63,0
42796,31516,63,0
42797,15063,63,0
42798,6928,63,0
42799,37445,63,0
42800,18425,63,0
42801,42926,63,0
42802,34623,63,0
42803,37288,63,0
42804,41848,63,0
42805,6109,63,0
42806,30797,63,0
42807,34167,63,0
42808,27887,63,0
42809,38250,63,0
42810,11937,63,0
42811,39885,63,0
42812,45455,63,0
42813,9202,63,0
42814,2035,63,0
42815,49207,63,0
42816,13536,63,0
42817,4076,63,0
42818,35376,63,0
42819,28101,63,0
42820,44557,63,0
42821,24679,63,0
42822,18078,63,0
42823,37833,63,0
42824,26822,63,0
42825,28434,63,0
42826,11543,63,0
42827,47301,63,0
42828,39179,63,0
42829,46546,63,0
42830,1293,63,0
42831,49469,63,0
42832,4331,63,0
42833,22764,63,0
42834,38584,63,0
42835,39013,63,0
42836,21454,63,0
42837,17597,63,0
42838,42737,63,0
42839,40548,63,0
42840,45204,63,0
42841,49120,63,0
42842,31716,63,0
42843,15793,63,0
42844,42632,63,0
42845,31872,63,0
42846,3094,63,0
42847,25188,63,0
42848,41280,63,0
42849,28357,63,0
42850,33604,63,0
42851,8297,63,0
42852,42948,63,0
42853,15831,63,0
42854,15367,63,0
42855,21319,63,0
42856,33562,63,0
42857,16154,63,0
42858,38914,63,0
42859,13542,63,0
42860,11536,63,0
42861,42105,63,0
42862,5572,63,0
42863,7557,63,0
42864,8406,63,0
42865,4124,63,0
42866,44065,63,0
42867,48460,63,0
42868,6072,63,0
42869,26950,63,0
42870,2275,63,0
42871,49867,63,0
42872,14223,63,0
42873,40852,63,0
42874,21378,63,0
42875,40528,63,0
42876,36955,63,0
42877,43414,63,0
42878,14711,63,0
42879,41671,63,0
42880,23008,63,0
42881,39167,63,0
42882,35184,63,0
42883,49939,63,0
42884,40728,63,0
42885,904,63,0
42886,14972,63,0
42887,40854,63,0
42888,40695,63,0
42889,34080,63,0
42890,33225,63,0
42891,43425,63,0
42892,40047,63,0
42893,50764,63,0
42894,6725,63,0
42895,39113,63,0
42896,44224,63,0
42897,28086,63,0
42898,707,63,0
42899,34964,63,0
42900,48779,63,0
42901,18035,63,0
42902,43633,63,0
42903,39915,63,0
42904,25851,63,0
42905,45668,63,0
42906,32961,63,0
42907,2498,63,0
42908,15585,63,0
42909,13404,63,0
42910,35529,63,0
42911,3626,63,0
42912,22503,63,0
42913,38420,63,0
42914,22583,63,0
42915,19636,63,0
42916,45724,63,0
42917,43357,63,0
42918,906,63,0
42919,49750,63,0
42920,40860,63,0
42921,30008,63,0
42922,32569,63,0
42923,21592,63,0
42924,40526,63,0
42925,28748,63,0
42926,47982,63,0
42927,674,63,0
42928,8603,63,0
42929,4561,63,0
42930,23371,63,0
42931,25798,63,0
42932,36968,63,0
42933,46030,63,0
42934,16917,63,0
42935,8340,63,0
42936,24757,63,0
42937,49990,63,0
42938,8456,63,0
42939,43310,63,0
42940,18929,63,0
42941,44475,63,0
42942,45883,63,0
42943,8522,63,0
42944,26168,63,0
42945,23941,63,0
42946,13162,63,0
42947,28034,63,0
42948,46300,63,0
42949,9762,63,0
42950,48868,63,0
42951,49486,63,0
42952,40683,63,0
42953,14394,63,0
42954,12338,63,0
42955,37135,63,0
42956,19802,63,0
42957,23671,63,0
42958,49103,63,0
42959,43577,63,0
42960,11017,63,0
42961,2826,63,0
42962,6081,63,0
42963,15273,63,0
42964,38513,63,0
42965,42130,63,0
42966,34528,63,0
42967,43845,63,0
42968,22324,63,0
42969,25308,63,0
42970,40391,63,0
42971,25392,63,0
42972,18328,63,0
42973,23936,63,0
42974,26063,63,0
42975,23305,63,0
42976,8491,63,0
42977,27492,63,0
42978,38943,63,0
42979,4694,63,0
42980,45279,63,0
42981,39617,63,0
42982,28070,63,0
42983,25204,63,0
42984,41999,63,0
42985,34906,63,0
42986,49720,63,0
42987,25753,63,0
42988,9309,63,0
42989,49861,63,0
42990,24647,63,0
42991,27076,63,0
42992,13850,63,0
42993,33464,63,0
42994,29920,63,0
42995,15130,63,0
42996,8662,63,0
42997,6240,63,0
42998,36757,63,0
42999,42537,63,0
43000,27433,63,0
43001,4379,63,0
43002,42400,63,0
43003,28212,63,0
43004,39752,63,0
43005,8668,63,0
43006,42443,63,0
43007,16670,63,0
43008,23082,63,0
43009,44023,63,0
43010,41606,63,0
43011,19666,63,0
43012,37658,63,0
43013,41149,63,0
43014,26511,63,0
43015,33305,63,0
43016,48993,63,0
43017,29196,63,0
43018,23679,63,0
43019,30290,63,0
43020,22883,63,0
43021,3340,63,0
43022,1779,63,0
43023,36154,63,0
43024,7307,63,0
43025,38412,63,0
43026,47844,63,0
43027,28412,63,0
43028,38965,63,0
43029,26244,63,0
43030,50263,63,0
43031,6462,63,0
43032,5520,63,0
43033,44769,63,0
43034,10124,63,0
43035,50041,63,0
43036,41751,63,0
43037,23271,63,0
43038,9198,63,0
43039,4947,63,0
43040,48546,63,0
43041,28600,63,0
43042,39184,63,0
43043,46606,63,0
43044,40684,63,0
43045,41076,63,0
43046,43482,63,0
43047,2988,63,0
43048,12177,63,0
43049,16569,63,0
43050,37073,63,0
43051,22233,63,0
43052,26359,63,0
43053,25667,63,0
43054,36318,63,0
43055,48929,63,0
43056,19167,63,0
43057,43976,63,0
43058,4683,63,0
43059,48452,63,0
43060,17127,63,0
43061,3244,63,0
43062,8264,63,0
43063,45645,63,0
43064,40293,63,0
43065,43467,63,0
43066,43474,63,0
43067,8874,63,0
43068,4754,63,0
43069,1432,63,0
43070,26266,63,0
43071,44622,63,0
43072,42393,63,0
43073,48975,63,0
43074,49031,63,0
43075,1602,63,0
43076,20041,63,0
43077,26024,63,0
43078,35303,63,0
43079,14048,63,0
43080,3365,63,0
43081,15037,63,0
43082,42610,63,0
43083,41415,63,0
43084,2864,63,0
43085,19665,63,0
43086,41125,63,0
43087,3030,63,0
43088,43320,63,0
43089,37711,63,0
43090,39625,63,0
43091,22391,63,0
43092,26347,63,0
43093,27219,63,0
43094,617,63,0
43095,43308,63,0
43096,10184,63,0
43097,16282,63,0
43098,43288,63,0
43099,8454,63,0
43100,20942,63,0
43101,40952,63,0
43102,33047,63,0
43103,47240,63,0
43104,42459,63,0
43105,19756,63,0
43106,26235,63,0
43107,47295,63,0
43108,21504,63,0
43109,6630,63,0
43110,49866,63,0
43111,9223,63,0
43112,14241,63,0
43113,24683,63,0
43114,7569,63,0
43115,37756,63,0
43116,44813,63,0
43117,38173,63,0
43118,49532,63,0
43119,37582,63,0
43120,38382,63,0
43121,47233,63,0
43122,11868,63,0
43123,28979,63,0
43124,43263,63,0
43125,18984,63,0
43126,10118,63,0
43127,48266,63,0
43128,28479,63,0
43129,5002,63,0
43130,49909,63,0
43131,10405,63,0
43132,28372,63,0
43133,38677,63,0
43134,17376,63,0
43135,27576,63,0
43136,27489,63,0
43137,48084,63,0
43138,36495,63,0
43139,45639,63,0
43140,26029,63,0
43141,40750,63,0
43142,25859,63,0
43143,41766,63,0
43144,40068,63,0
43145,39813,63,0
43146,1564,63,0
43147,7820,63,0
43148,10665,63,0
43149,4988,63,0
43150,25377,63,0
43151,8317,63,0
43152,35826,63,0
43153,44866,63,0
43154,36629,63,0
43155,4747,63,0
43156,35279,63,0
43157,44395,63,0
43158,41542,63,0
43159,10577,63,0
43160,49784,63,0
43161,28961,63,0
43162,7244,63,0
43163,42052,63,0
43164,32056,63,0
43165,9630,63,0
43166,611,63,0
43167,15784,63,0
43168,37405,63,0
43169,45269,63,0
43170,35338,63,0
43171,33603,63,0
43172,6976,63,0
43173,34218,63,0
43174,38702,63,0
43175,39789,63,0
43176,46079,63,0
43177,23429,63,0
43178,47615,63,0
43179,9409,63,0
43180,9411,63,0
43181,20673,63,0
43182,9674,63,0
43183,16563,63,0
43184,15429,63,0
43185,7766,63,0
43186,6844,63,0
43187,21067,63,0
43188,27605,63,0
43189,17038,63,0
43190,28147,63,0
43191,45860,63,0
43192,22220,63,0
43193,40363,63,0
43194,25075,63,0
43195,33124,63,0
43196,36684,63,0
43197,41430,63,0
43198,32059,63,0
43199,4856,63,0
43200,8478,63,0
43201,27905,63,0
43202,5918,63,0
43203,45509,63,0
43204,12997,63,0
43205,47712,63,0
43206,37980,63,0
43207,47017,63,0
43208,5138,63,0
43209,38498,63,0
43210,7485,63,0
43211,37349,63,0
43212,42258,63,0
43213,1452,63,0
43214,42077,63,0
43215,49372,63,0
43216,43269,63,0
43217,36179,63,0
43218,22852,63,0
43219,8258,63,0
43220,43420,63,0
43221,42660,63,0
43222,44958,63,0
43223,49230,63,0
43224,28093,63,0
43225,9308,63,0
43226,8721,63,0
43227,46025,63,0
43228,36598,63,0
43229,45013,63,0
43230,14367,63,0
43231,46505,63,0
43232,26409,63,0
43233,11462,63,0
43234,11517,63,0
43235,47001,63,0
43236,24763,63,0
43237,37014,63,0
43238,36320,63,0
43239,25934,63,0
43240,40869,63,0
43241,35258,63,0
43242,20125,63,0
43243,4588,63,0
43244,12214,63,0
43245,42411,63,0
43246,26302,63,0
43247,49890,63,0
43248,8108,63,0
43249,22573,63,0
43250,45939,63,0
43251,16474,63,0
43252,22401,63,0
43253,20150,63,0
43254,40143,63,0
43255,21189,63,0
43256,25336,63,0
43257,9492,63,0
43258,1285,63,0
43259,30915,63,0
43260,45678,63,0
43261,16862,63,0
43262,28097,63,0
43263,46239,63,0
43264,48498,63,0
43265,50710,63,0
43266,44045,63,0
43267,43210,63,0
43268,38529,63,0
43269,46628,63,0
43270,14078,63,0
43271,31039,63,0
43272,20097,63,0
43273,46355,63,0
43274,21757,63,0
43275,41706,63,0
43276,20657,63,0
43277,6656,63,0
43278,25548,63,0
43279,23646,63,0
43280,13235,63,0
43281,12270,63,0
43282,39880,63,0
43283,41893,63,0
43284,29858,63,0
43285,44321,63,0
43286,19868,63,0
43287,29392,63,0
43288,46564,63,0
43289,2517,63,0
43290,25593,63,0
43291,12635,63,0
43292,48406,63,0
43293,38573,63,0
43294,5974,63,0
43295,42916,63,0
43296,13212,63,0
43297,3083,63,0
43298,3769,63,0
43299,35050,63,0
43300,42112,63,0
43301,14968,63,0
43302,17585,63,0
43303,17442,63,0
43304,18536,63,0
43305,35610,63,0
43306,25093,63,0
43307,5829,63,0
43308,2816,63,0
43309,4213,63,0
43310,5677,63,0
43311,23139,63,0
43312,50464,63,0
43313,40690,63,0
43314,25444,63,0
43315,50219,63,0
43316,12472,63,0
43317,29263,63,0
43318,40898,63,0
43319,41882,63,0
43320,17559,63,0
43321,33613,63,0
43322,21477,63,0
43323,22473,63,0
43324,43491,63,0
43325,49184,63,0
43326,37067,63,0
43327,29926,63,0
43328,28304,63,0
43329,9682,63,0
43330,5606,63,0
43331,16944,63,0
43332,11064,63,0
43333,25096,63,0
43334,5728,63,0
43335,12084,63,0
43336,21027,63,0
43337,50750,63,0
43338,47693,63,0
43339,40396,63,0
43340,24677,63,0
43341,14550,63,0
43342,27117,63,0
43343,17997,63,0
43344,28109,63,0
43345,25523,63,0
43346,8632,63,0
43347,45258,63,0
43348,7923,63,0
43349,15633,63,0
43350,15573,63,0
43351,19060,63,0
43352,15813,63,0
43353,23415,63,0
43354,1354,63,0
43355,45196,63,0
43356,46029,63,0
43357,33737,63,0
43358,43245,63,0
43359,39808,63,0
43360,7094,63,0
43361,26443,63,0
43362,33015,63,0
43363,43499,63,0
43364,42313,63,0
43365,29172,63,0
43366,44438,63,0
43367,5201,63,0
43368,47169,63,0
43369,4725,63,0
43370,28088,63,0
43371,22785,63,0
43372,27811,63,0
43373,1334,63,0
43374,44537,63,0
43375,40564,63,0
43376,36750,63,0
43377,42500,63,0
43378,33287,63,0
43379,16215,63,0
43380,14635,63,0
43381,42557,63,0
43382,23967,63,0
43383,2747,63,0
43384,29441,63,0
43385,23818,63,0
43386,43968,63,0
43387,286,63,0
43388,2135,63,0
43389,28508,63,0
43390,8653,63,0
43391,787,63,0
43392,8318,63,0
43393,15236,63,0
43394,40123,63,0
43395,3755,63,0
43396,37419,63,0
43397,13772,63,0
43398,44104,63,0
43399,19509,63,0
43400,22047,63,0
43401,10522,63,0
43402,35752,63,0
43403,16678,63,0
43404,9302,63,0
43405,2209,63,0
43406,50796,63,0
43407,26445,63,0
43408,17547,63,0
43409,44216,63,0
43410,48044,63,0
43411,20872,63,0
43412,5466,63,0
43413,47272,63,0
43414,36706,63,0
43415,41695,63,0
43416,37427,63,0
43417,16679,63,0
43418,26883,63,0
43419,15060,63,0
43420,48058,63,0
43421,7373,63,0
43422,21698,63,0
43423,36928,63,0
43424,20551,63,0
43425,46739,63,0
43426,48918,63,0
43427,1698,63,0
43428,36922,63,0
43429,23553,63,0
43430,13877,63,0
43431,15880,63,0
43432,23075,63,0
43433,49585,63,0
43434,40465,63,0
43435,13569,63,0
43436,17464,63,0
43437,39086,63,0
43438,22701,63,0
43439,47761,63,0
43440,44999,63,0
43441,19680,63,0
43442,321,63,0
43443,36304,63,0
43444,1484,63,0
43445,16626,63,0
43446,21761,63,0
43447,21174,63,0
43448,34908,63,0
43449,41483,63,0
43450,46907,63,0
43451,5119,63,0
43452,9140,63,0
43453,19398,63,0
43454,11545,63,0
43455,20036,63,0
43456,11514,63,0
43457,49355,63,0
43458,50135,63,0
43459,35722,63,0
43460,43671,63,0
43461,4721,63,0
43462,19701,63,0
43463,33228,63,0
43464,8760,63,0
43465,47743,63,0
43466,28603,63,0
43467,17392,63,0
43468,48145,63,0
43469,35016,63,0
43470,1472,63,0
43471,9053,63,0
43472,38638,63,0
43473,43980,63,0
43474,10042,63,0
43475,10611,63,0
43476,13982,63,0
43477,5449,63,0
43478,41599,63,0
43479,24973,63,0
43480,49334,63,0
43481,10624,63,0
43482,49500,63,0
43483,30213,63,0
43484,37816,63,0
43485,14692,63,0
43486,40653,63,0
43487,24058,63,0
43488,20165,63,0
43489,25388,63,0
43490,19425,63,0
43491,35259,63,0
43492,40989,63,0
43493,29861,63,0
43494,17815,63,0
43495,34870,63,0
43496,30210,63,0
43497,18933,63,0
43498,7051,63,0
43499,23093,63,0
43500,22996,63,0
43501,27529,63,0
43502,17346,63,0
43503,29880,63,0
43504,2086,63,0
43505,30840,63,0
43506,24612,63,0
43507,49263,63,0
43508,22018,63,0
43509,2377,63,0
43510,45703,63,0
43511,4502,63,0
43512,39939,63,0
43513,5621,63,0
43514,40810,63,0
43515,37483,63,0
43516,50362,63,0
43517,17880,63,0
43518,32141,63,0
43519,8267,63,0
43520,47480,63,0
43521,45275,63,0
43522,47281,63,0
43523,8982,63,0
43524,40741,63,0
43525,24609,63,0
43526,41775,63,0
43527,23237,63,0
43528,41359,63,0
43529,2090,63,0
43530,47039,63,0
43531,2451,63,0
43532,46277,63,0
43533,36040,63,0
43534,48548,63,0
43535,39238,63,0
43536,29219,63,0
43537,36037,63,0
43538,8634,63,0
43539,41148,63,0
43540,43230,63,0
43541,50048,63,0
43542,17995,63,0
43543,5766,63,0
43544,44245,63,0
43545,21061,63,0
43546,41780,63,0
43547,41199,63,0
43548,45154,63,0
43549,8529,63,0
43550,40302,63,0
43551,31050,63,0
43552,3688,63,0
43553,842,63,0
43554,40953,63,0
43555,39182,63,0
43556,518,63,0
43557,35502,63,0
43558,48108,63,0
43559,36487,63,0
43560,44162,63,0
43561,19464,63,0
43562,45349,63,0
43563,17033,63,0
43564,50427,63,0
43565,48653,63,0
43566,36903,63,0
43567,36819,63,0
43568,8150,63,0
43569,37433,63,0
43570,22245,63,0
43571,39991,63,0
43572,10915,63,0
43573,26300,63,0
43574,44134,63,0
43575,38618,63,0
43576,38947,63,0
43577,47423,63,0
43578,4965,63,0
43579,4714,63,0
43580,34337,63,0
43581,32840,63,0
43582,17581,63,0
43583,35666,63,0
43584,46676,63,0
43585,34999,63,0
43586,35606,63,0
43587,39965,63,0
43588,43530,63,0
43589,13730,63,0
43590,45833,63,0
43591,38129,63,0
43592,37187,63,0
43593,2984,63,0
43594,49798,63,0
43595,16116,63,0
43596,15922,63,0
43597,4903,63,0
43598,23789,63,0
43599,45614,63,0
43600,20757,63,0
43601,50198,63,0
43602,521,63,0
43603,38247,63,0
43604,42412,63,0
43605,26713,63,0
43606,1345,63,0
43607,40734,63,0
43608,42237,63,0
43609,37731,63,0
43610,45350,63,0
43611,44173,63,0
43612,30718,63,0
43613,33211,63,0
43614,11677,63,0
43615,8509,63,0
43616,2224,63,0
43617,12484,63,0
43618,44604,63,0
43619,40856,63,0
43620,39613,63,0
43621,4435,63,0
43622,46434,63,0
43623,25902,63,0
43624,565,63,0
43625,37960,63,0
43626,41081,63,0
43627,1267,63,0
43628,32427,63,0
43629,2027,63,0
43630,17725,63,0
43631,23680,63,0
43632,6678,63,0
43633,10929,63,0
43634,5356,63,0
43635,10011,63,0
43636,5377,63,0
43637,6942,63,0
43638,41382,63,0
43639,25133,63,0
43640,37511,63,0
43641,42337,63,0
43642,9075,63,0
43643,24597,63,0
43644,42933,63,0
43645,43327,63,0
43646,49154,63,0
43647,28440,63,0
43648,16155,63,0
43649,42340,63,0
43650,31532,63,0
43651,5940,63,0
43652,27818,63,0
43653,9204,63,0
43654,39850,63,0
43655,45852,63,0
43656,37119,63,0
43657,36390,63,0
43658,9962,63,0
43659,9869,63,0
43660,12171,63,0
43661,2001,63,0
43662,14231,63,0
43663,19716,63,0
43664,4218,63,0
43665,20356,63,0
43666,24571,63,0
43667,36528,63,0
43668,5046,63,0
43669,12474,63,0
43670,38042,63,0
43671,40198,63,0
43672,28105,63,0
43673,16189,63,0
43674,25688,63,0
43675,40003,63,0
43676,10120,63,0
43677,42675,63,0
43678,653,63,0
43679,20843,63,0
43680,38034,63,0
43681,11269,63,0
43682,956,63,0
43683,43203,63,0
43684,10039,63,0
43685,44283,63,0
43686,25855,63,0
43687,46605,63,0
43688,9019,63,0
43689,40462,63,0
43690,5864,63,0
43691,17798,63,0
43692,39788,63,0
43693,31164,63,0
43694,44012,63,0
43695,20638,63,0
43696,8552,63,0
43697,7486,63,0
43698,45438,63,0
43699,36724,63,0
43700,20053,63,0
43701,6615,63,0
43702,11231,63,0
43703,1959,63,0
43704,9559,63,0
43705,42603,63,0
43706,40828,63,0
43707,18527,63,0
43708,26780,63,0
43709,22807,63,0
43710,1054,63,0
43711,29251,63,0
43712,21304,63,0
43713,41364,63,0
43714,16202,63,0
43715,48959,63,0
43716,23956,63,0
43717,7937,63,0
43718,21031,63,0
43719,23190,63,0
43720,6521,63,0
43721,12105,63,0
43722,27345,63,0
43723,31713,63,0
43724,19310,63,0
43725,43046,63,0
43726,1644,63,0
43727,792,63,0
43728,15140,63,0
43729,44558,63,0
43730,16836,63,0
43731,18369,63,0
43732,26149,63,0
43733,33023,63,0
43734,26916,63,0
43735,49115,63,0
43736,11152,63,0
43737,16769,63,0
43738,29001,63,0
43739,41824,63,0
43740,33144,63,0
43741,44752,63,0
43742,4757,63,0
43743,38461,63,0
43744,1092,63,0
43745,21561,63,0
43746,4759,63,0
43747,42419,63,0
43748,25627,63,0
43749,14858,63,0
43750,36986,63,0
43751,39089,63,0
43752,44167,63,0
43753,8946,63,0
43754,23022,63,0
43755,38734,63,0
43756,8218,63,0
43757,16791,63,0
43758,49485,63,0
43759,50555,63,0
43760,15507,63,0
43761,29855,63,0
43762,8089,63,0
43763,38841,63,0
43764,6233,63,0
43765,23058,63,0
43766,16512,63,0
43767,23057,63,0
43768,6766,63,0
43769,1227,63,0
43770,33135,63,0
43771,43906,63,0
43772,34512,63,0
43773,10050,63,0
43774,43173,63,0
43775,50113,63,0
43776,30957,63,0
43777,4704,63,0
43778,43993,63,0
43779,49028,63,0
43780,13458,63,0
43781,1363,63,0
43782,41850,63,0
43783,42359,63,0
43784,50315,63,0
43785,6597,63,0
43786,14279,63,0
43787,11390,63,0
43788,5444,63,0
43789,7560,63,0
43790,39029,63,0
43791,4907,63,0
43792,28650,63,0
43793,42541,63,0
43794,50363,63,0
43795,37787,63,0
43796,38553,63,0
43797,5977,63,0
43798,15809,63,0
43799,39519,63,0
43800,16180,63,0
43801,48735,63,0
43802,41158,63,0
43803,325,63,0
43804,20924,63,0
43805,37603,63,0
43806,39548,63,0
43807,26065,63,0
43808,26955,63,0
43809,37064,63,0
43810,37164,63,0
43811,27664,63,0
43812,7134,63,0
43813,38952,63,0
43814,47234,63,0
43815,6486,63,0
43816,35609,63,0
43817,45331,63,0
43818,26650,63,0
43819,14838,63,0
43820,9176,63,0
43821,23592,63,0
43822,5437,63,0
43823,3864,63,0
43824,39876,63,0
43825,39956,63,0
43826,21773,63,0
43827,38421,63,0
43828,14874,63,0
43829,7996,63,0
43830,21258,63,0
43831,37691,63,0
43832,2863,63,0
43833,4342,63,0
43834,37602,63,0
43835,21410,63,0
43836,31813,63,0
43837,45094,63,0
43838,31636,63,0
43839,19482,63,0
43840,11458,63,0
43841,1645,63,0
43842,10913,63,0
43843,27709,63,0
43844,25477,63,0
43845,7621,63,0
43846,41906,63,0
43847,17907,63,0
43848,29304,63,0
43849,14918,63,0
43850,49655,63,0
43851,48962,63,0
43852,1249,63,0
43853,25715,63,0
43854,26740,63,0
43855,25568,63,0
43856,5034,63,0
43857,23699,63,0
43858,43176,63,0
43859,6267,63,0
43860,30260,63,0
43861,38681,63,0
43862,9752,63,0
43863,5910,63,0
43864,46263,63,0
43865,3953,63,0
43866,42383,63,0
43867,40966,63,0
43868,737,63,0
43869,39407,63,0
43870,42512,63,0
43871,49458,63,0
43872,2277,63,0
43873,46399,63,0
43874,29813,63,0
43875,6916,63,0
43876,4246,63,0
43877,38999,63,0
43878,41889,63,0
43879,50347,63,0
43880,20714,63,0
43881,27996,63,0
43882,40404,63,0
43883,49309,63,0
43884,13006,63,0
43885,9249,63,0
43886,40930,63,0
43887,3373,63,0
43888,45564,63,0
43889,28877,63,0
43890,19169,63,0
43891,50778,63,0
43892,8032,63,0
43893,10023,63,0
43894,21878,63,0
43895,43924,63,0
43896,45109,63,0
43897,36781,63,0
43898,21435,63,0
43899,41978,63,0
43900,33887,63,0
43901,715,63,0
43902,40138,63,0
43903,17645,63,0
43904,48909,63,0
43905,3668,63,0
43906,35091,63,0
43907,15007,63,0
43908,47860,63,0
43909,37166,63,0
43910,31808,63,0
43911,40162,63,0
43912,46368,63,0
43913,34569,63,0
43914,39347,63,0
43915,41860,63,0
43916,32936,63,0
43917,37643,63,0
43918,23654,63,0
43919,9206,63,0
43920,18302,63,0
43921,17259,63,0
43922,30396,63,0
43923,17133,63,0
43924,26797,63,0
43925,23138,63,0
43926,8396,63,0
43927,29418,63,0
43928,14485,63,0
43929,47441,63,0
43930,6775,63,0
43931,43441,63,0
43932,44955,63,0
43933,46925,63,0
43934,43334,63,0
43935,2729,63,0
43936,42468,63,0
43937,43465,63,0
43938,21034,63,0
43939,15798,63,0
43940,12813,63,0
43941,27545,63,0
43942,30921,63,0
43943,42148,63,0
43944,33760,63,0
43945,20420,63,0
43946,9549,63,0
43947,50309,63,0
43948,37397,63,0
43949,36987,63,0
43950,800,63,0
43951,39216,63,0
43952,9986,63,0
43953,7948,63,0
43954,43635,63,0
43955,30108,63,0
43956,8065,63,0
43957,48745,63,0
43958,28524,63,0
43959,47861,63,0
43960,25182,63,0
43961,41715,63,0
43962,42548,63,0
43963,19138,63,0
43964,39036,63,0
43965,716,63,0
43966,21149,63,0
43967,23637,63,0
43968,35102,63,0
43969,17115,63,0
43970,12536,63,0
43971,1350,63,0
43972,41236,63,0
43973,39170,63,0
43974,15775,63,0
43975,10149,63,0
43976,10204,63,0
43977,24948,63,0
43978,40549,63,0
43979,40558,63,0
43980,6964,63,0
43981,646,63,0
43982,19522,63,0
43983,38029,63,0
43984,15681,63,0
43985,2081,63,0
43986,42219,63,0
43987,34155,63,0
43988,11884,63,0
43989,21037,63,0
43990,13172,63,0
43991,39366,63,0
43992,13048,63,0
43993,25680,63,0
43994,32091,63,0
43995,17970,63,0
43996,16225,63,0
43997,9971,63,0
43998,1765,63,0
43999,25640,63,0
44000,46840,63,0
44001,41159,63,0
44002,12509,63,0
44003,49710,63,0
44004,28107,63,0
44005,14080,63,0
44006,40208,63,0
44007,27982,63,0
44008,49223,63,0
44009,18827,63,0
44010,37077,63,0
44011,7818,63,0
44012,35334,63,0
44013,10707,63,0
44014,5286,63,0
44015,43126,63,0
44016,48433,63,0
44017,28321,63,0
44018,3274,63,0
44019,44220,63,0
44020,46850,63,0
44021,24832,63,0
44022,41921,63,0
44023,32100,63,0
44024,14189,63,0
44025,4270,63,0
44026,31022,63,0
44027,2145,63,0
44028,32337,63,0
44029,10365,63,0
44030,27473,63,0
44031,42095,63,0
44032,27895,63,0
44033,19910,63,0
44034,29327,63,0
44035,49151,63,0
44036,46503,63,0
44037,16278,63,0
44038,32709,63,0
44039,38004,63,0
44040,41503,63,0
44041,23771,63,0
44042,46242,63,0
44043,47417,63,0
44044,26419,63,0
44045,40537,63,0
44046,42987,63,0
44047,3782,63,0
44048,44441,63,0
44049,36082,63,0
44050,45622,63,0
44051,23841,63,0
44052,20095,63,0
44053,50397,63,0
44054,31524,63,0
44055,34783,63,0
44056,44272,63,0
44057,45834,63,0
44058,6801,63,0
44059,46461,63,0
44060,8806,63,0
44061,28906,63,0
44062,20968,63,0
44063,37799,63,0
44064,11097,63,0
44065,16236,63,0
44066,42094,63,0
44067,28457,63,0
44068,44566,63,0
44069,33989,63,0
44070,42873,63,0
44071,6726,63,0
44072,35709,63,0
44073,34808,63,0
44074,50594,63,0
44075,15583,63,0
44076,22424,63,0
44077,42163,63,0
44078,2302,63,0
44079,3682,63,0
44080,30686,63,0
44081,23015,63,0
44082,17608,63,0
44083,5720,63,0
44084,9318,63,0
44085,41779,63,0
44086,28850,63,0
44087,19558,63,0
44088,17605,63,0
44089,37269,63,0
44090,38256,63,0
44091,36467,63,0
44092,4651,63,0
44093,43835,63,0
44094,8230,63,0
44095,37545,63,0
44096,9835,63,0
44097,33638,63,0
44098,22402,63,0
44099,25302,63,0
44100,44246,63,0
44101,19387,63,0
44102,12241,63,0
44103,48746,63,0
44104,11477,63,0
44105,4710,63,0
44106,20849,63,0
44107,9501,63,0
44108,43262,63,0
44109,34807,63,0
44110,42410,63,0
44111,21666,63,0
44112,38496,63,0
44113,34328,63,0
44114,3348,63,0
44115,1389,63,0
44116,21179,63,0
44117,41421,63,0
44118,20005,63,0
44119,10959,63,0
44120,1428,63,0
44121,44307,63,0
44122,26682,63,0
44123,49236,63,0
44124,5775,63,0
44125,9705,63,0
44126,17137,63,0
44127,38910,63,0
44128,27801,63,0
44129,17343,63,0
44130,33352,63,0
44131,17515,63,0
44132,36985,63,0
44133,36767,63,0
44134,33555,63,0
44135,7968,63,0
44136,15468,63,0
44137,23302,63,0
44138,8323,63,0
44139,49645,63,0
44140,38515,63,0
44141,22632,63,0
44142,42487,63,0
44143,15702,63,0
44144,16592,63,0
44145,25222,63,0
44146,6157,63,0
44147,5134,63,0
44148,28333,63,0
44149,1380,63,0
44150,15528,63,0
44151,23427,63,0
44152,28418,63,0
44153,33635,63,0
44154,29271,63,0
44155,17946,63,0
44156,6455,63,0
44157,42934,63,0
44158,49251,63,0
44159,27215,63,0
44160,37388,63,0
44161,7408,63,0
44162,7706,63,0
44163,26503,63,0
44164,41025,63,0
44165,9396,63,0
44166,5415,63,0
44167,45439,63,0
44168,21501,63,0
44169,34894,63,0
44170,1352,63,0
44171,12984,63,0
44172,36602,63,0
44173,22687,63,0
44174,47254,63,0
44175,21763,63,0
44176,50221,63,0
44177,20159,63,0
44178,23581,63,0
44179,26696,63,0
44180,6128,63,0
44181,31594,63,0
44182,42806,63,0
44183,7344,63,0
44184,46933,63,0
44185,7940,63,0
44186,42054,63,0
44187,19501,63,0
44188,44548,63,0
44189,40387,63,0
44190,6173,63,0
44191,36953,63,0
44192,15888,63,0
44193,23434,63,0
44194,8640,63,0
44195,20276,63,0
44196,25965,63,0
44197,5065,63,0
44198,50832,63,0
44199,48088,63,0
44200,30765,63,0
44201,45066,63,0
44202,21230,63,0
44203,38671,63,0
44204,10148,63,0
44205,9542,63,0
44206,20820,63,0
44207,303,63,0
44208,38100,63,0
44209,10004,63,0
44210,12631,63,0
44211,23493,63,0
44212,49286,63,0
44213,39800,63,0
44214,15738,63,0
44215,44923,63,0
44216,45601,63,0
44217,33052,63,0
44218,3036,63,0
44219,41066,63,0
44220,46450,63,0
44221,22258,63,0
44222,44205,63,0
44223,43429,63,0
44224,13870,63,0
44225,44993,63,0
44226,4635,63,0
44227,16003,63,0
44228,45892,63,0
44229,43642,63,0
44230,41993,63,0
44231,24605,63,0
44232,5683,63,0
44233,37502,63,0
44234,2229,63,0
44235,33812,63,0
44236,22327,63,0
44237,22686,63,0
44238,3064,63,0
44239,22928,63,0
44240,41794,63,0
44241,6594,63,0
44242,40579,63,0
44243,35459,63,0
44244,22903,63,0
44245,46609,63,0
44246,4536,63,0
44247,43350,63,0
44248,8601,63,0
44249,44957,63,0
44250,2602,63,0
44251,516,63,0
44252,37452,63,0
44253,12870,63,0
44254,34818,63,0
44255,44704,63,0
44256,42801,63,0
44257,9355,63,0
44258,8498,63,0
44259,44967,63,0
44260,45031,63,0
44261,37051,63,0
44262,21631,63,0
44263,28481,63,0
44264,42534,63,0
44265,13012,63,0
44266,20961,63,0
44267,19131,63,0
44268,3845,63,0
44269,43204,63,0
44270,20035,63,0
44271,38204,63,0
44272,27418,63,0
44273,22007,63,0
44274,24734,63,0
44275,41778,63,0
44276,45797,63,0
44277,27483,63,0
44278,44511,63,0
44279,32109,63,0
44280,37372,63,0
44281,38512,63,0
44282,28227,63,0
44283,22488,63,0
44284,31736,63,0
44285,25802,63,0
44286,5891,63,0
44287,11641,63,0
44288,17270,63,0
44289,39910,63,0
44290,37654,63,0
44291,43145,63,0
44292,46384,63,0
44293,27959,63,0
44294,323,63,0
44295,40644,63,0
44296,9073,63,0
44297,48979,63,0
44298,45764,63,0
44299,1588,63,0
44300,43463,63,0
44301,25758,63,0
44302,3037,63,0
44303,5704,63,0
44304,38740,63,0
44305,41770,63,0
44306,16065,63,0
44307,7919,63,0
44308,17321,63,0
44309,11196,63,0
44310,50086,63,0
44311,3865,63,0
44312,45869,63,0
44313,16604,63,0
44314,36945,63,0
44315,19057,63,0
44316,19643,63,0
44317,31305,63,0
44318,44884,63,0
44319,5566,63,0
44320,40963,63,0
44321,37981,63,0
44322,42779,63,0
44323,21788,63,0
44324,32999,63,0
44325,26002,63,0
44326,11408,63,0
44327,12047,63,0
44328,41973,63,0
44329,29110,63,0
44330,50817,63,0
44331,26364,63,0
44332,36773,63,0
44333,9921,63,0
44334,2970,63,0
44335,10702,63,0
44336,14054,63,0
44337,23186,63,0
44338,12821,63,0
44339,19154,63,0
44340,26958,63,0
44341,40815,63,0
44342,8683,63,0
44343,11782,63,0
44344,5203,63,0
44345,31406,63,0
44346,37528,63,0
44347,45255,63,0
44348,4233,63,0
44349,42142,63,0
44350,42731,63,0
44351,45206,63,0
44352,19532,63,0
44353,22419,63,0
44354,38148,63,0
44355,40018,63,0
44356,9602,63,0
44357,13302,63,0
44358,14499,63,0
44359,30908,63,0
44360,28622,63,0
44361,43705,63,0
44362,7091,63,0
44363,44736,63,0
44364,47733,63,0
44365,41451,63,0
44366,42126,63,0
44367,2754,63,0
44368,7133,63,0
44369,36525,63,0
44370,49740,63,0
44371,37006,63,0
44372,43907,63,0
44373,45394,63,0
44374,8596,63,0
44375,46901,63,0
44376,44184,63,0
44377,7380,63,0
44378,9212,63,0
44379,15646,63,0
44380,33090,63,0
44381,19497,63,0
44382,32981,63,0
44383,49531,63,0
44384,19541,63,0
44385,22927,63,0
44386,32502,63,0
44387,24829,63,0
44388,5947,63,0
44389,50204,63,0
44390,24789,63,0
44391,1566,63,0
44392,794,63,0
44393,49803,63,0
44394,16360,63,0
44395,39317,63,0
44396,14850,63,0
44397,10579,63,0
44398,20233,63,0
44399,11166,63,0
44400,7886,63,0
44401,46094,63,0
44402,8431,63,0
44403,40464,63,0
44404,50047,63,0
44405,7469,63,0
44406,8855,63,0
44407,17045,63,0
44408,43783,63,0
44409,25354,63,0
44410,23908,63,0
44411,36591,63,0
44412,36072,63,0
44413,50833,63,0
44414,5396,63,0
44415,35827,63,0
44416,45604,63,0
44417,12835,63,0
44418,40531,63,0
44419,32951,63,0
44420,19374,63,0
44421,39430,63,0
44422,17770,63,0
44423,28793,63,0
44424,34351,63,0
44425,8098,63,0
44426,14674,63,0
44427,28981,63,0
44428,22706,63,0
44429,11783,63,0
44430,47513,63,0
44431,22196,63,0
44432,21498,63,0
44433,46555,63,0
44434,36523,63,0
44435,39348,63,0
44436,34540,63,0
44437,26234,63,0
44438,9622,63,0
44439,45385,63,0
44440,16865,63,0
44441,21923,63,0
44442,22869,63,0
44443,7676,63,0
44444,10583,63,0
44445,45607,63,0
44446,42521,63,0
44447,42964,63,0
44448,19659,63,0
44449,27471,63,0
44450,24786,63,0
44451,48847,63,0
44452,10717,63,0
44453,30900,63,0
44454,29102,63,0
44455,16624,63,0
44456,1615,63,0
44457,49295,63,0
44458,43091,63,0
44459,21355,63,0
44460,18444,63,0
44461,4629,63,0
44462,868,63,0
44463,43328,63,0
44464,48910,63,0
44465,40060,63,0
44466,16855,63,0
44467,45414,63,0
44468,41073,63,0
44469,783,63,0
44470,19061,63,0
44471,19915,63,0
44472,15984,63,0
44473,29403,63,0
44474,42460,63,0
44475,19580,63,0
44476,28313,63,0
44477,12926,63,0
44478,44602,63,0
44479,10837,63,0
44480,41813,63,0
44481,13596,63,0
44482,42183,63,0
44483,19034,63,0
44484,26038,63,0
44485,39475,63,0
44486,5367,63,0
44487,19337,63,0
44488,4041,63,0
44489,28159,63,0
44490,16651,63,0
44491,47679,63,0
44492,7020,63,0
44493,49359,63,0
44494,40131,63,0
44495,41924,63,0
44496,5334,63,0
44497,23955,63,0
44498,13273,63,0
44499,27499,63,0
44500,14272,63,0
44501,43809,63,0
44502,8516,63,0
44503,26305,63,0
44504,47933,63,0
44505,36441,63,0
44506,34508,63,0
44507,44608,63,0
44508,38915,63,0
44509,6980,63,0
44510,21748,63,0
44511,19266,63,0
44512,19758,63,0
44513,25458,63,0
44514,49375,63,0
44515,36730,63,0
44516,34560,63,0
44517,37829,63,0
44518,49932,63,0
44519,8208,63,0
44520,274,63,0
44521,39506,63,0
44522,8342,63,0
44523,39534,63,0
44524,14240,63,0
44525,19113,63,0
44526,46491,63,0
44527,45389,63,0
44528,20870,63,0
44529,16448,63,0
44530,43231,63,0
44531,50642,63,0
44532,33831,63,0
44533,13035,63,0
44534,46051,63,0
44535,36966,63,0
44536,49466,63,0
44537,18632,63,0
44538,45561,63,0
44539,16673,63,0
44540,11787,63,0
44541,49273,63,0
44542,4866,63,0
44543,50818,63,0
44544,25273,63,0
44545,13915,63,0
44546,9013,63,0
44547,20835,63,0
44548,4135,63,0
44549,37844,63,0
44550,15909,63,0
44551,43692,63,0
44552,25925,63,0
44553,37967,63,0
44554,45445,63,0
44555,26838,63,0
44556,42823,63,0
44557,40777,63,0
44558,27984,63,0
44559,44057,63,0
44560,10074,63,0
44561,42666,63,0
44562,46554,63,0
44563,43985,63,0
44564,8249,63,0
44565,15890,63,0
44566,42221,63,0
44567,39811,63,0
44568,2865,63,0
44569,49553,63,0
44570,18501,63,0
44571,49121,63,0
44572,10783,63,0
44573,5646,63,0
44574,29298,63,0
44575,40012,63,0
44576,38588,63,0
44577,11886,63,0
44578,10140,63,0
44579,43270,63,0
44580,19112,63,0
44581,41531,63,0
44582,42900,63,0
44583,6921,63,0
44584,4099,63,0
44585,3746,63,0
44586,8525,63,0
44587,22565,63,0
44588,31347,63,0
44589,43239,63,0
44590,18562,63,0
44591,5951,63,0
44592,37677,63,0
44593,16686,63,0
44594,4693,63,0
44595,43688,63,0
44596,4847,63,0
44597,12003,63,0
44598,35965,63,0
44599,2556,63,0
44600,1680,63,0
44601,39410,63,0
44602,15967,63,0
44603,21241,63,0
44604,41146,63,0
44605,47345,63,0
44606,46791,63,0
44607,10223,63,0
44608,1141,63,0
44609,32064,63,0
44610,41727,63,0
44611,36021,63,0
44612,40649,63,0
44613,12577,63,0
44614,10794,63,0
44615,20986,63,0
44616,44690,63,0
44617,41219,63,0
44618,44027,63,0
44619,9734,63,0
44620,14863,63,0
44621,8875,63,0
44622,39199,63,0
44623,19686,63,0
44624,21475,63,0
44625,23003,63,0
44626,8000,63,0
44627,37148,63,0
44628,19513,63,0
44629,37894,63,0
44630,26113,63,0
44631,36909,63,0
44632,10806,63,0
44633,12518,63,0
44634,6174,63,0
44635,45231,63,0
44636,45885,63,0
44637,12833,63,0
44638,37918,63,0
44639,34605,63,0
44640,39163,63,0
44641,10057,63,0
44642,16060,63,0
44643,985,63,0
44644,47882,63,0
44645,43369,63,0
44646,9977,63,0
44647,44630,63,0
44648,41162,63,0
44649,48443,63,0
44650,37025,63,0
44651,40498,63,0
44652,47764,63,0
44653,20790,63,0
44654,5691,63,0
44655,45556,63,0
44656,46257,63,0
44657,9560,63,0
44658,7704,63,0
44659,39003,63,0
44660,11515,63,0
44661,7819,63,0
44662,13929,63,0
44663,4425,63,0
44664,3781,63,0
44665,21625,63,0
44666,22006,63,0
44667,39111,63,0
44668,29890,63,0
44669,28939,63,0
44670,36980,63,0
44671,43094,63,0
44672,27779,63,0
44673,38754,63,0
44674,5169,63,0
44675,30462,63,0
44676,41273,63,0
44677,22032,63,0
44678,46437,63,0
44679,1849,63,0
44680,8484,63,0
44681,30725,63,0
44682,39491,63,0
44683,27851,63,0
44684,38917,63,0
44685,46066,63,0
44686,1099,63,0
44687,11923,63,0
44688,17199,63,0
44689,47932,63,0
44690,37937,63,0
44691,5355,63,0
44692,1938,63,0
44693,50110,63,0
44694,42342,63,0
44695,47065,63,0
44696,48677,63,0
44697,9382,63,0
44698,16199,63,0
44699,19076,63,0
44700,8580,63,0
44701,12525,63,0
44702,20175,63,0
44703,13640,63,0
44704,34635,63,0
44705,29272,63,0
44706,44645,63,0
44707,38259,63,0
44708,6012,63,0
44709,38987,63,0
44710,22184,63,0
44711,47523,63,0
44712,48828,63,0
44713,9481,63,0
44714,37136,63,0
44715,23609,63,0
44716,46833,63,0
44717,40641,63,0
44718,7803,63,0
44719,29768,63,0
44720,15601,63,0
44721,12633,63,0
44722,1188,63,0
44723,28377,63,0
44724,31988,63,0
44725,21110,63,0
44726,45997,63,0
44727,5828,63,0
44728,40105,63,0
44729,37576,63,0
44730,33793,63,0
44731,30430,63,0
44732,37623,63,0
44733,50643,63,0
44734,13717,63,0
44735,5580,63,0
44736,42244,63,0
44737,50050,63,0
44738,8690,63,0
44739,50346,63,0
44740,21478,63,0
44741,1549,63,0
44742,46918,63,0
44743,8840,63,0
44744,35633,63,0
44745,9875,63,0
44746,17034,63,0
44747,15883,63,0
44748,37933,63,0
44749,35734,63,0
44750,9334,63,0
44751,45505,63,0
44752,22188,63,0
44753,8477,63,0
44754,34526,63,0
44755,9361,63,0
44756,8140,63,0
44757,49002,63,0
44758,7237,63,0
44759,17347,63,0
44760,30461,63,0
44761,41799,63,0
44762,31302,63,0
44763,43453,63,0
44764,8887,63,0
44765,29354,63,0
44766,18175,63,0
44767,28161,63,0
44768,26087,63,0
44769,4368,63,0
44770,40286,63,0
44771,39470,63,0
44772,24817,63,0
44773,25469,63,0
44774,40274,63,0
44775,3972,63,0
44776,9884,63,0
44777,29882,63,0
44778,33494,63,0
44779,42905,63,0
44780,3824,63,0
44781,40925,63,0
44782,41997,63,0
44783,5664,63,0
44784,47082,63,0
44785,9115,63,0
44786,35576,63,0
44787,5853,63,0
44788,18612,63,0
44789,45784,63,0
44790,28330,63,0
44791,42846,63,0
44792,3511,63,0
44793,50077,63,0
44794,50156,63,0
44795,9978,63,0
44796,1870,63,0
44797,24078,63,0
44798,36738,63,0
44799,47834,63,0
44800,42957,63,0
44801,37281,63,0
44802,48902,63,0
44803,16922,63,0
44804,42143,63,0
44805,10510,63,0
44806,5272,63,0
44807,10040,63,0
44808,42491,63,0
44809,7784,63,0
44810,43879,63,0
44811,23455,63,0
44812,860,63,0
44813,13529,63,0
44814,5229,63,0
44815,18352,63,0
44816,46182,63,0
44817,36476,63,0
44818,39728,63,0
44819,41611,63,0
44820,10330,63,0
44821,5059,63,0
44822,45758,63,0
44823,5110,63,0
44824,32098,63,0
44825,18607,63,0
44826,46282,63,0
44827,40886,63,0
44828,44881,63,0
44829,34963,63,0
44830,46154,63,0
44831,45831,63,0
44832,18341,63,0
44833,7057,63,0
44834,44284,63,0
44835,43867,63,0
44836,42566,63,0
44837,6962,63,0
44838,25394,63,0
44839,40578,63,0
44840,42520,63,0
44841,24069,63,0
44842,18357,63,0
44843,49066,63,0
44844,4261,63,0
44845,4829,63,0
44846,45285,63,0
44847,4332,63,0
44848,50160,63,0
44849,11321,63,0
44850,5959,63,0
44851,14458,63,0
44852,50345,63,0
44853,24217,63,0
44854,10461,63,0
44855,9362,63,0
44856,41544,63,0
44857,44254,63,0
44858,34057,63,0
44859,26447,63,0
44860,40803,63,0
44861,26099,63,0
44862,13670,63,0
44863,18295,63,0
44864,39666,63,0
44865,39951,63,0
44866,44333,63,0
44867,38559,63,0
44868,36277,63,0
44869,30236,63,0
44870,15032,63,0
44871,43832,63,0
44872,40360,63,0
44873,35793,63,0
44874,45108,63,0
44875,20715,63,0
44876,35076,63,0
44877,41950,63,0
44878,25160,63,0
44879,41283,63,0
44880,31855,63,0
44881,7352,63,0
44882,16737,63,0
44883,40907,63,0
44884,5746,63,0
44885,19157,63,0
44886,47418,63,0
44887,26404,63,0
44888,48582,63,0
44889,25043,63,0
44890,4168,63,0
44891,8964,63,0
44892,15832,63,0
44893,20127,63,0
44894,30139,63,0
44895,38218,63,0
44896,6975,63,0
44897,11473,63,0
44898,23524,63,0
44899,42299,63,0
44900,35478,63,0
44901,16648,63,0
44902,12659,63,0
44903,45345,63,0
44904,17380,63,0
44905,28585,63,0
44906,21993,63,0
44907,15829,63,0
44908,42648,63,0
44909,32711,63,0
44910,42617,63,0
44911,2866,63,0
44912,38763,63,0
44913,12786,63,0
44914,40678,63,0
44915,23887,63,0
44916,21270,63,0
44917,21242,63,0
44918,36530,63,0
44919,4498,63,0
44920,49786,63,0
44921,12740,63,0
44922,6117,63,0
44923,959,63,0
44924,9094,63,0
44925,42963,63,0
44926,42992,63,0
44927,12378,63,0
44928,36231,63,0
44929,11151,63,0
44930,26733,63,0
44931,36532,63,0
44932,5199,63,0
44933,46412,63,0
44934,46854,63,0
44935,42214,63,0
44936,25672,63,0
44937,34436,63,0
44938,39845,63,0
44939,8120,63,0
44940,18134,63,0
44941,35278,63,0
44942,42698,63,0
44943,8757,63,0
44944,42494,63,0
44945,40472,63,0
44946,9688,63,0
44947,38825,63,0
44948,23551,63,0
44949,49674,63,0
44950,45926,63,0
44951,41274,63,0
44952,44186,63,0
44953,38305,63,0
44954,38217,63,0
44955,11880,63,0
44956,43975,63,0
44957,46195,63,0
44958,46184,63,0
44959,49986,63,0
44960,46238,63,0
44961,17735,63,0
44962,48961,63,0
44963,36798,63,0
44964,48019,63,0
44965,724,63,0
44966,19858,63,0
44967,20670,63,0
44968,27315,63,0
44969,11427,63,0
44970,42958,63,0
44971,49315,63,0
44972,49809,63,0
44973,27459,63,0
44974,36499,63,0
44975,45073,63,0
44976,30781,63,0
44977,38440,63,0
44978,43716,63,0
44979,19282,63,0
44980,15104,63,0
44981,49651,63,0
44982,49670,63,0
44983,46992,63,0
44984,49970,63,0
44985,28538,63,0
44986,21662,63,0
44987,41062,63,0
44988,966,63,0
44989,43739,63,0
44990,39745,63,0
44991,40991,63,0
44992,33882,63,0
44993,26845,63,0
44994,41939,63,0
44995,25919,63,0
44996,18893,63,0
44997,10826,63,0
44998,34051,63,0
44999,23252,63,0
45000,15602,63,0
45001,23352,63,0
45002,6702,63,0
45003,31230,63,0
45004,40794,63,0
45005,25347,63,0
45006,17766,63,0
45007,22198,63,0
45008,6963,63,0
45009,9342,63,0
45010,47988,63,0
45011,6043,63,0
45012,35629,63,0
45013,33107,63,0
45014,2064,63,0
45015,35053,63,0
45016,35401,63,0
45017,29918,63,0
45018,8809,63,0
45019,4623,63,0
45020,26701,63,0
45021,32715,63,0
45022,15062,63,0
45023,14086,63,0
45024,1120,63,0
45025,42292,63,0
45026,41991,63,0
45027,43209,63,0
45028,44530,63,0
45029,25121,63,0
45030,40120,63,0
45031,38720,63,0
45032,14099,63,0
45033,26170,63,0
45034,19077,63,0
45035,46010,63,0
45036,8859,63,0
45037,23424,63,0
45038,37366,63,0
45039,43535,63,0
45040,46292,63,0
45041,36827,63,0
45042,36834,63,0
45043,11615,63,0
45044,9593,63,0
45045,27916,63,0
45046,41144,63,0
45047,23459,63,0
45048,37847,63,0
45049,48172,63,0
45050,7291,63,0
45051,1197,63,0
45052,39104,63,0
45053,41351,63,0
45054,33658,63,0
45055,40995,63,0
45056,34762,63,0
45057,17503,63,0
45058,12514,63,0
45059,41818,63,0
45060,18971,63,0
45061,11464,63,0
45062,42257,63,0
45063,40116,63,0
45064,7649,63,0
45065,39006,63,0
45066,38192,63,0
45067,15420,63,0
45068,37011,63,0
45069,7131,63,0
45070,42744,63,0
45071,45810,63,0
45072,3501,63,0
45073,9895,63,0
45074,22319,63,0
45075,47427,63,0
45076,21495,63,0
45077,39532,63,0
45078,50421,63,0
45079,21294,63,0
45080,36621,63,0
45081,46579,63,0
45082,1761,63,0
45083,45925,63,0
45084,33458,63,0
45085,20017,63,0
45086,17276,63,0
45087,3508,63,0
45088,19574,63,0
45089,41290,63,0
45090,48675,63,0
45091,49507,63,0
45092,12510,63,0
45093,37850,63,0
45094,25329,63,0
45095,32092,63,0
45096,35266,63,0
45097,49341,63,0
45098,9871,63,0
45099,9139,63,0
45100,22105,63,0
45101,19429,63,0
45102,43380,63,0
45103,18837,63,0
45104,47598,63,0
45105,36978,63,0
45106,39931,63,0
45107,4140,63,0
45108,18842,63,0
45109,45982,63,0
45110,33309,63,0
45111,42781,63,0
45112,44091,63,0
45113,8094,63,0
45114,32738,63,0
45115,44715,63,0
45116,36703,63,0
45117,35714,63,0
45118,27327,63,0
45119,44532,63,0
45120,3165,63,0
45121,14105,63,0
45122,9336,63,0
45123,50101,63,0
45124,2649,63,0
45125,36889,63,0
45126,50913,63,0
45127,33420,63,0
45128,40417,63,0
45129,25384,63,0
45130,50415,63,0
45131,26820,63,0
45132,41289,63,0
45133,25147,63,0
45134,49761,63,0
45135,1961,63,0
45136,16971,63,0
45137,47248,63,0
45138,43997,63,0
45139,38463,63,0
45140,20481,63,0
45141,856,63,0
45142,12838,63,0
45143,49839,63,0
45144,45507,63,0
45145,37859,63,0
45146,37275,63,0
45147,49840,63,0
45148,49533,63,0
45149,44904,63,0
45150,950,63,0
45151,20981,63,0
45152,10599,63,0
45153,32135,63,0
45154,27172,63,0
45155,7206,63,0
45156,46543,63,0
45157,40373,63,0
45158,25776,63,0
45159,36132,63,0
45160,40705,63,0
45161,40629,63,0
45162,14595,63,0
45163,9453,63,0
45164,6480,63,0
45165,21243,63,0
45166,16955,63,0
45167,43561,63,0
45168,38732,63,0
45169,40471,63,0
45170,23338,63,0
45171,28329,63,0
45172,50280,63,0
45173,37590,63,0
45174,28447,63,0
45175,6632,63,0
45176,32281,63,0
45177,43224,63,0
45178,26489,63,0
45179,50340,63,0
45180,12626,63,0
45181,3151,63,0
45182,50251,63,0
45183,24695,63,0
45184,39584,63,0
45185,18665,63,0
45186,35273,63,0
45187,48457,63,0
45188,5742,63,0
45189,6877,63,0
45190,34020,63,0
45191,13482,63,0
45192,42539,63,0
45193,33442,63,0
45194,15849,63,0
45195,3339,63,0
45196,13672,63,0
45197,30922,63,0
45198,37560,63,0
45199,10553,63,0
45200,13958,63,0
45201,37471,63,0
45202,12992,63,0
45203,3564,63,0
45204,38609,63,0
45205,35422,63,0
45206,27414,63,0
45207,25668,63,0
45208,23054,63,0
45209,29138,63,0
45210,8117,63,0
45211,25366,63,0
45212,14638,63,0
45213,5431,63,0
45214,845,63,0
45215,43637,63,0
45216,49395,63,0
45217,26124,63,0
45218,49910,63,0
45219,6049,63,0
45220,3829,63,0
45221,14555,63,0
45222,40779,63,0
45223,36943,63,0
45224,43614,63,0
45225,45546,63,0
45226,40109,63,0
45227,41545,63,0
45228,31981,63,0
45229,50491,63,0
45230,19031,63,0
45231,47055,63,0
45232,21332,63,0
45233,27383,63,0
45234,10150,63,0
45235,4939,63,0
45236,28252,63,0
45237,45205,63,0
45238,49673,63,0
45239,21476,63,0
45240,19663,63,0
45241,10313,63,0
45242,15344,63,0
45243,47925,63,0
45244,41839,63,0
45245,9676,63,0
45246,30420,63,0
45247,32959,63,0
45248,25077,63,0
45249,12327,63,0
45250,39854,63,0
45251,16752,63,0
45252,45332,63,0
45253,36340,63,0
45254,29223,63,0
45255,29893,63,0
45256,26036,63,0
45257,48418,63,0
45258,4519,63,0
45259,13193,63,0
45260,37003,63,0
45261,33468,63,0
45262,13119,63,0
45263,48648,63,0
45264,24854,63,0
45265,2009,63,0
45266,45337,63,0
45267,13274,63,0
45268,34300,63,0
45269,46215,63,0
45270,14092,63,0
45271,42599,63,0
45272,20489,63,0
45273,7949,63,0
45274,28081,63,0
45275,36335,63,0
45276,25492,63,0
45277,42986,63,0
45278,11688,63,0
45279,43706,63,0
45280,50162,63,0
45281,48948,63,0
45282,17075,63,0
45283,40819,63,0
45284,44603,63,0
45285,31359,63,0
45286,43179,63,0
45287,24752,63,0
45288,45011,63,0
45289,44818,63,0
45290,37957,63,0
45291,39362,63,0
45292,47478,63,0
45293,49099,63,0
45294,895,63,0
45295,16579,63,0
45296,45498,63,0
45297,22183,63,0
45298,39983,63,0
45299,23351,63,0
45300,12318,63,0
45301,22934,63,0
45302,1260,63,0
45303,7246,63,0
45304,6919,63,0
45305,26830,63,0
45306,19584,63,0
45307,26192,63,0
45308,7897,63,0
45309,24814,63,0
45310,5123,63,0
45311,9413,63,0
45312,47924,63,0
45313,38480,63,0
45314,40984,63,0
45315,24974,63,0
45316,39541,63,0
45317,14529,63,0
45318,8390,63,0
45319,25659,63,0
45320,44330,63,0
45321,39253,63,0
45322,14785,63,0
45323,6888,63,0
45324,7458,63,0
45325,50291,63,0
45326,27271,63,0
45327,5453,63,0
45328,36567,63,0
45329,43962,63,0
45330,9552,63,0
45331,13763,63,0
45332,38901,63,0
45333,40065,63,0
45334,22967,63,0
45335,44276,63,0
45336,16871,63,0
45337,19021,63,0
45338,35107,63,0
45339,48281,63,0
45340,12907,63,0
45341,15823,63,0
45342,26068,63,0
45343,41842,63,0
45344,17175,63,0
45345,10345,63,0
45346,7555,63,0
45347,41749,63,0
45348,3891,63,0
45349,38266,63,0
45350,20749,63,0
45351,31044,63,0
45352,50432,63,0
45353,24066,63,0
45354,29034,63,0
45355,30184,63,0
45356,20132,63,0
45357,9098,63,0
45358,39726,63,0
45359,1654,63,0
45360,7576,63,0
45361,37323,63,0
45362,45485,63,0
45363,40636,63,0
45364,38016,63,0
45365,22051,63,0
45366,12628,63,0
45367,21910,63,0
45368,25276,63,0
45369,41188,63,0
45370,35132,63,0
45371,41605,63,0
45372,13342,63,0
45373,32435,63,0
45374,13591,63,0
45375,23726,63,0
45376,6965,63,0
45377,36212,63,0
45378,41829,63,0
45379,15375,63,0
45380,22282,63,0
45381,20525,63,0
45382,11279,63,0
45383,14445,63,0
45384,49138,63,0
45385,40567,63,0
45386,7127,63,0
45387,33906,63,0
45388,5973,63,0
45389,36589,63,0
45390,42645,63,0
45391,194,63,0
45392,50330,63,0
45393,9193,63,0
45394,42692,63,0
45395,40435,63,0
45396,25992,63,0
45397,33667,63,0
45398,6435,63,0
45399,4288,63,0
45400,25905,63,0
45401,36152,63,0
45402,43237,63,0
45403,31781,63,0
45404,12498,63,0
45405,43086,63,0
45406,40316,63,0
45407,12660,63,0
45408,46119,63,0
45409,12222,63,0
45410,1741,63,0
45411,49339,63,0
45412,13344,63,0
45413,36633,63,0
45414,5642,63,0
45415,21431,63,0
45416,24595,63,0
45417,36854,63,0
45418,40249,63,0
45419,36442,63,0
45420,8151,63,0
45421,37684,63,0
45422,3044,63,0
45423,43622,63,0
45424,49554,63,0
45425,4248,63,0
45426,24708,63,0
45427,13521,63,0
45428,11991,63,0
45429,1809,63,0
45430,3179,63,0
45431,19682,63,0
45432,41134,63,0
45433,44997,63,0
45434,43961,63,0
45435,5204,63,0
45436,21744,63,0
45437,4143,63,0
45438,11852,63,0
45439,22860,63,0
45440,38946,63,0
45441,42462,63,0
45442,13996,63,0
45443,5718,63,0
45444,45694,63,0
45445,10402,63,0
45446,31464,63,0
45447,17819,63,0
45448,27945,63,0
45449,42870,63,0
45450,40607,63,0
45451,36331,63,0
45452,16834,63,0
45453,48139,63,0
45454,38564,63,0
45455,29342,63,0
45456,38433,63,0
45457,45118,63,0
45458,4695,63,0
45459,46090,63,0
45460,43019,63,0
45461,43358,63,0
45462,19279,63,0
45463,22170,63,0
45464,22181,63,0
45465,29878,63,0
45466,37002,63,0
45467,3172,63,0
45468,1238,63,0
45469,26800,63,0
45470,41624,63,0
45471,10932,63,0
45472,9311,63,0
45473,31018,63,0
45474,37860,63,0
45475,50810,63,0
45476,43719,63,0
45477,17506,63,0
45478,22754,63,0
45479,9805,63,0
45480,43617,63,0
45481,50264,63,0
45482,931,63,0
45483,32785,63,0
45484,858,63,0
45485,26078,63,0
45486,28565,63,0
45487,50049,63,0
45488,39377,63,0
45489,45063,63,0
45490,43182,63,0
45491,36588,63,0
45492,2920,63,0
45493,11552,63,0
45494,18796,63,0
45495,6713,63,0
45496,42535,63,0
45497,20252,63,0
45498,44274,63,0
45499,33126,63,0
45500,17885,63,0
45501,21450,63,0
45502,34826,63,0
45503,3594,63,0
45504,15944,63,0
45505,38136,63,0
45506,42620,63,0
45507,31066,63,0
45508,40326,63,0
45509,43539,63,0
45510,27470,63,0
45511,10211,63,0
45512,36429,63,0
45513,36200,63,0
45514,4426,63,0
45515,39452,63,0
45516,17680,63,0
45517,42467,63,0
45518,49265,63,0
45519,26550,63,0
45520,35964,63,0
45521,19834,63,0
45522,44076,63,0
45523,47627,63,0
45524,8409,63,0
45525,46044,63,0
45526,19373,63,0
45527,27382,63,0
45528,46019,63,0
45529,13724,63,0
45530,12980,63,0
45531,35196,63,0
45532,36232,63,0
45533,23172,63,0
45534,8765,63,0
45535,45040,63,0
45536,41458,63,0
45537,42239,63,0
45538,38014,63,0
45539,26372,63,0
45540,37848,63,0
45541,35406,63,0
45542,21466,63,0
45543,30398,63,0
45544,45655,63,0
45545,3509,63,0
45546,20333,63,0
45547,24511,63,0
45548,28672,63,0
45549,22234,63,0
45550,26408,63,0
45551,16872,63,0
45552,27953,63,0
45553,48946,63,0
45554,42080,63,0
45555,28340,63,0
45556,3971,63,0
45557,24,63,0
45558,23142,63,0
45559,10883,63,0
45560,41761,63,0
45561,6520,63,0
45562,50731,63,0
45563,28916,63,0
45564,20370,63,0
45565,14510,63,0
45566,644,63,0
45567,39626,63,0
45568,42162,63,0
45569,27246,63,0
45570,4415,63,0
45571,4408,63,0
45572,7552,63,0
45573,15835,63,0
45574,9691,63,0
45575,45341,63,0
45576,46484,63,0
45577,61,63,0
45578,26318,63,0
45579,37146,63,0
45580,38997,63,0
45581,6740,63,0
45582,7005,63,0
45583,31651,63,0
45584,33752,63,0
45585,12139,63,0
45586,35039,63,0
45587,7617,63,0
45588,6691,63,0
45589,19195,63,0
45590,36954,63,0
45591,37361,63,0
45592,4067,63,0
45593,2242,63,0
45594,39318,63,0
45595,6475,63,0
45596,43462,63,0
45597,37036,63,0
45598,42436,63,0
45599,49098,63,0
45600,45388,63,0
45601,36018,63,0
45602,43697,63,0
45603,7892,63,0
45604,43581,63,0
45605,22755,63,0
45606,22463,63,0
45607,38820,63,0
45608,4344,63,0
45609,31336,63,0
45610,20959,63,0
45611,23792,63,0
45612,44268,63,0
45613,493,63,0
45614,4525,63,0
45615,4600,63,0
45616,43177,63,0
45617,5254,63,0
45618,2408,63,0
45619,43731,63,0
45620,35605,63,0
45621,38606,63,0
45622,16454,63,0
45623,23411,63,0
45624,3973,63,0
45625,35636,63,0
45626,5909,63,0
45627,26097,63,0
45628,34315,63,0
45629,5524,63,0
45630,28920,63,0
45631,15968,63,0
45632,43152,63,0
45633,45936,63,0
45634,50488,63,0
45635,18720,63,0
45636,473,63,0
45637,37811,63,0
45638,6061,63,0
45639,50900,63,0
45640,44562,63,0
45641,44965,63,0
45642,36097,63,0
45643,36736,63,0
45644,27114,63,0
45645,31597,63,0
45646,26535,63,0
45647,11264,63,0
45648,8367,63,0
45649,10082,63,0
45650,22797,63,0
45651,4806,63,0
45652,40811,63,0
45653,38380,63,0
45654,23248,63,0
45655,37700,63,0
45656,46142,63,0
45657,23651,63,0
45658,13746,63,0
45659,6348,63,0
45660,48272,63,0
45661,21095,63,0
45662,12132,63,0
45663,48982,63,0
45664,4179,63,0
45665,3302,63,0
45666,36584,63,0
45667,31517,63,0
45668,15928,63,0
45669,39927,63,0
45670,28023,63,0
45671,11918,63,0
45672,14509,63,0
45673,36242,63,0
45674,42249,63,0
45675,619,63,0
45676,46630,63,0
45677,44709,63,0
45678,45969,63,0
45679,37928,63,0
45680,8156,63,0
45681,14226,63,0
45682,38788,63,0
45683,3663,63,0
45684,24736,63,0
45685,6302,63,0
45686,40282,63,0
45687,46849,63,0
45688,15151,63,0
45689,44182,63,0
45690,5679,63,0
45691,49481,63,0
45692,16676,63,0
45693,25102,63,0
45694,39345,63,0
45695,48894,63,0
45696,33088,63,0
45697,40051,63,0
45698,46862,63,0
45699,28736,63,0
45700,17291,63,0
45701,2978,63,0
45702,11396,63,0
45703,39401,63,0
45704,36956,63,0
45705,49678,63,0
45706,19190,63,0
45707,18996,63,0
45708,44345,63,0
45709,44160,63,0
45710,5874,63,0
45711,28955,63,0
45712,8113,63,0
45713,48826,63,0
45714,44127,63,0
45715,35128,63,0
45716,10957,63,0
45717,12544,63,0
45718,13983,63,0
45719,25214,63,0
45720,8306,63,0
45721,25163,63,0
45722,34316,63,0
45723,20632,63,0
45724,21981,63,0
45725,20042,63,0
45726,45433,63,0
45727,6777,63,0
45728,22508,63,0
45729,1466,63,0
45730,50557,63,0
45731,45799,63,0
45732,44582,63,0
45733,37755,63,0
45734,39551,63,0
45735,42281,63,0
45736,50096,63,0
45737,9163,63,0
45738,27786,63,0
45739,37142,63,0
45740,9320,63,0
45741,36870,63,0
45742,5242,63,0
45743,11837,63,0
45744,10179,63,0
45745,39549,63,0
45746,34799,63,0
45747,11338,63,0
45748,29142,63,0
45749,45173,63,0
45750,23704,63,0
45751,46197,63,0
45752,43393,63,0
45753,43754,63,0
45754,12401,63,0
45755,22375,63,0
45756,18164,63,0
45757,41075,63,0
45758,11977,63,0
45759,42060,63,0
45760,4904,63,0
45761,24904,63,0
45762,6258,63,0
45763,44234,63,0
45764,40614,63,0
45765,45595,63,0
45766,34410,63,0
45767,43088,63,0
45768,23655,63,0
45769,49679,63,0
45770,24860,63,0
45771,44800,63,0
45772,41335,63,0
45773,22527,63,0
45774,26384,63,0
45775,39229,63,0
45776,28201,63,0
45777,12942,63,0
45778,44358,63,0
45779,40489,63,0
45780,41585,63,0
45781,31905,63,0
45782,21541,63,0
45783,9514,63,0
45784,5992,63,0
45785,11634,63,0
45786,44250,63,0
45787,22577,63,0
45788,33848,63,0
45789,31361,63,0
45790,9331,63,0
45791,12500,63,0
45792,6274,63,0
45793,37690,63,0
45794,42177,63,0
45795,45716,63,0
45796,18017,63,0
45797,13678,63,0
45798,35647,63,0
45799,3695,63,0
45800,9818,63,0
45801,6591,63,0
45802,9842,63,0
45803,16272,63,0
45804,29338,63,0
45805,44011,63,0
45806,44543,63,0
45807,28131,63,0
45808,26363,63,0
45809,46976,63,0
45810,25572,63,0
45811,38858,63,0
45812,38505,63,0
45813,26196,63,0
45814,7461,63,0
45815,29831,63,0
45816,38303,63,0
45817,13305,63,0
45818,23599,63,0
45819,6187,63,0
45820,13827,63,0
45821,42110,63,0
45822,48389,63,0
45823,44598,63,0
45824,36604,63,0
45825,43178,63,0
45826,38158,63,0
45827,31492,63,0
45828,37652,63,0
45829,32862,63,0
45830,26005,63,0
45831,26261,63,0
45832,37899,63,0
45833,43415,63,0
45834,15773,63,0
45835,23120,63,0
45836,24610,63,0
45837,18525,63,0
45838,44215,63,0
45839,48086,63,0
45840,21595,63,0
45841,6113,63,0
45842,20906,63,0
45843,28776,63,0
45844,10712,63,0
45845,41630,63,0
45846,2858,63,0
45847,12639,63,0
45848,22742,63,0
45849,41931,63,0
45850,7039,63,0
45851,26102,63,0
45852,45400,63,0
45853,49979,63,0
45854,28905,63,0
45855,44376,63,0
45856,7193,63,0
45857,5252,63,0
45858,24807,63,0
45859,4746,63,0
45860,4558,63,0
45861,26076,63,0
45862,38191,63,0
45863,38224,63,0
45864,7135,63,0
45865,28876,63,0
45866,762,63,0
45867,31598,63,0
45868,21596,63,0
45869,32112,63,0
45870,38137,63,0
45871,9637,63,0
45872,37611,63,0
45873,28885,63,0
45874,26745,63,0
45875,30667,63,0
45876,17025,63,0
45877,37561,63,0
45878,9506,63,0
45879,40482,63,0
45880,38424,63,0
45881,7785,63,0
45882,46590,63,0
45883,41251,63,0
45884,43501,63,0
45885,27442,63,0
45886,39329,63,0
45887,42672,63,0
45888,43098,63,0
45889,15154,63,0
45890,19316,63,0
45891,28972,63,0
45892,4225,63,0
45893,16107,63,0
45894,44222,63,0
45895,47315,63,0
45896,39294,63,0
45897,40184,63,0
45898,42335,63,0
45899,11821,63,0
45900,11379,63,0
45901,19454,63,0
45902,43060,63,0
45903,5577,63,0
45904,7573,63,0
45905,6814,63,0
45906,7783,63,0
45907,47511,63,0
45908,46975,63,0
45909,30643,63,0
45910,5568,63,0
45911,36537,63,0
45912,891,63,0
45913,40874,63,0
45914,16892,63,0
45915,24809,63,0
45916,32939,63,0
45917,43316,63,0
45918,43184,63,0
45919,46881,63,0
45920,7571,63,0
45921,7303,63,0
45922,41489,63,0
45923,24747,63,0
45924,16415,63,0
45925,41327,63,0
45926,42920,63,0
45927,43114,63,0
45928,41788,63,0
45929,4052,63,0
45930,22494,63,0
45931,35154,63,0
45932,34441,63,0
45933,23076,63,0
45934,30910,63,0
45935,42655,63,0
45936,45072,63,0
45937,8216,63,0
45938,50494,63,0
45939,16659,63,0
45940,17750,63,0
45941,45023,63,0
45942,45081,63,0
45943,29323,63,0
45944,27740,63,0
45945,10911,63,0
45946,11836,63,0
45947,10851,63,0
45948,21897,63,0
45949,37749,63,0
45950,42558,63,0
45951,20658,63,0
45952,8078,63,0
45953,12783,63,0
45954,8819,63,0
45955,26930,63,0
45956,28229,63,0
45957,3386,63,0
45958,14023,63,0
45959,27633,63,0
45960,36496,63,0
45961,21509,63,0
45962,44761,63,0
45963,28430,63,0
45964,34000,63,0
45965,38894,63,0
45966,28238,63,0
45967,43349,63,0
45968,45465,63,0
45969,10620,63,0
45970,42403,63,0
45971,41969,63,0
45972,47393,63,0
45973,671,63,0
45974,7460,63,0
45975,46191,63,0
45976,10093,63,0
45977,41450,63,0
45978,9551,63,0
45979,35232,63,0
45980,24943,63,0
45981,4380,63,0
45982,41964,63,0
45983,7002,63,0
45984,20519,63,0
45985,36561,63,0
45986,10324,63,0
45987,27937,63,0
45988,45537,63,0
45989,28907,63,0
45990,6408,63,0
45991,6904,63,0
45992,869,63,0
45993,49264,63,0
45994,24728,63,0
45995,5108,63,0
45996,9192,63,0
45997,17070,63,0
45998,49190,63,0
45999,14672,63,0
46000,39957,63,0
46001,49769,63,0
46002,34551,63,0
46003,43010,63,0
46004,20360,63,0
46005,7414,63,0
46006,19073,63,0
46007,46727,63,0
46008,12739,63,0
46009,43100,63,0
46010,40551,63,0
46011,44037,63,0
46012,41304,63,0
46013,47103,63,0
46014,9333,63,0
46015,46647,63,0
46016,50481,63,0
46017,19677,63,0
46018,8520,63,0
46019,41417,63,0
46020,36357,63,0
46021,25563,63,0
46022,42657,63,0
46023,43028,63,0
46024,47332,63,0
46025,2832,63,0
46026,4007,63,0
46027,35735,63,0
46028,11771,63,0
46029,17292,63,0
46030,48320,63,0
46031,49129,63,0
46032,19520,63,0
46033,454,63,0
46034,31499,63,0
46035,37181,63,0
46036,25570,63,0
46037,21442,63,0
46038,35301,63,0
46039,16112,63,0
46040,3421,63,0
46041,19937,63,0
46042,9030,63,0
46043,4226,63,0
46044,6977,63,0
46045,42721,63,0
46046,4091,63,0
46047,40374,63,0
46048,9084,63,0
46049,4648,63,0
46050,28325,63,0
46051,17332,63,0
46052,41120,63,0
46053,4935,63,0
46054,35221,63,0
46055,46289,63,0
46056,40378,63,0
46057,40260,63,0
46058,28548,63,0
46059,15931,63,0
46060,37267,63,0
46061,5282,63,0
46062,45566,63,0
46063,50599,63,0
46064,6190,63,0
46065,44966,63,0
46066,23256,63,0
46067,8908,63,0
46068,6724,63,0
46069,15556,63,0
46070,18273,63,0
46071,40871,63,0
46072,33977,63,0
46073,15590,63,0
46074,25209,63,0
46075,35978,63,0
46076,24848,63,0
46077,3047,63,0
46078,27542,63,0
46079,26953,63,0
46080,25639,63,0
46081,37861,63,0
46082,7456,63,0
46083,28626,63,0
46084,9512,63,0
46085,12768,63,0
46086,8614,63,0
46087,27601,63,0
46088,38822,63,0
46089,24791,63,0
46090,42844,63,0
46091,24906,63,0
46092,26147,63,0
46093,4559,63,0
46094,27392,63,0
46095,40902,63,0
46096,13164,63,0
46097,7950,63,0
46098,5573,63,0
46099,26570,63,0
46100,47178,63,0
46101,37320,63,0
46102,46161,63,0
46103,4804,63,0
46104,12578,63,0
46105,29674,63,0
46106,47085,63,0
46107,11913,63,0
46108,45344,63,0
46109,2771,63,0
46110,19045,63,0
46111,10737,63,0
46112,25636,63,0
46113,41795,63,0
46114,13617,63,0
46115,42404,63,0
46116,10701,63,0
46117,37902,63,0
46118,19408,63,0
46119,46977,63,0
46120,40254,63,0
46121,45539,63,0
46122,6716,63,0
46123,39009,63,0
46124,19699,63,0
46125,26971,63,0
46126,44858,63,0
46127,11413,63,0
46128,14806,63,0
46129,4412,63,0
46130,9499,63,0
46131,9582,63,0
46132,6603,63,0
46133,36381,63,0
46134,19067,63,0
46135,32794,63,0
46136,19647,63,0
46137,17754,63,0
46138,44067,63,0
46139,49595,63,0
46140,19648,63,0
46141,33213,63,0
46142,15830,63,0
46143,7453,63,0
46144,20781,63,0
46145,37929,63,0
46146,45313,63,0
46147,44816,63,0
46148,8486,63,0
46149,43615,63,0
46150,17002,63,0
46151,50596,63,0
46152,12426,63,0
46153,7527,63,0
46154,9315,63,0
46155,36716,63,0
46156,45881,63,0
46157,20491,63,0
46158,37504,63,0
46159,45384,63,0
46160,5443,63,0
46161,14713,63,0
46162,34937,63,0
46163,79,63,0
46164,43838,63,0
46165,37531,63,0
46166,5928,63,0
46167,9465,63,0
46168,39862,63,0
46169,44540,63,0
46170,46552,63,0
46171,34196,63,0
46172,374,63,0
46173,46536,63,0
46174,1964,63,0
46175,34122,63,0
46176,41737,63,0
46177,6279,63,0
46178,30387,63,0
46179,38890,63,0
46180,43325,63,0
46181,21334,63,0
46182,45540,63,0
46183,17296,63,0
46184,10838,63,0
46185,46252,63,0
46186,42824,63,0
46187,342,63,0
46188,40347,63,0
46189,40284,63,0
46190,12618,63,0
46191,22838,63,0
46192,22256,63,0
46193,4190,63,0
46194,8397,63,0
46195,26683,63,0
46196,8797,63,0
46197,18601,63,0
46198,5155,63,0
46199,2759,63,0
46200,36551,63,0
46201,33338,63,0
46202,37112,63,0
46203,19596,63,0
46204,13635,63,0
46205,24560,63,0
46206,8041,63,0
46207,24870,63,0
46208,50335,63,0
46209,42416,63,0
46210,41256,63,0
46211,45220,63,0
46212,42538,63,0
46213,48176,63,0
46214,24765,63,0
46215,44227,63,0
46216,49586,63,0
46217,13823,63,0
46218,42304,63,0
46219,36768,63,0
46220,41433,63,0
46221,38243,63,0
46222,44455,63,0
46223,19231,63,0
46224,27182,63,0
46225,2557,63,0
46226,47947,63,0
46227,36426,63,0
46228,10834,63,0
46229,2849,63,0
46230,43343,63,0
46231,5137,63,0
46232,40490,63,0
46233,43129,63,0
46234,6458,63,0
46235,45962,63,0
46236,28352,63,0
46237,7337,63,0
46238,37840,63,0
46239,36398,63,0
46240,41816,63,0
46241,40034,63,0
46242,10886,63,0
46243,23152,63,0
46244,19230,63,0
46245,2139,63,0
46246,21171,63,0
46247,43621,63,0
46248,30192,63,0
46249,34433,63,0
46250,7757,63,0
46251,17194,63,0
46252,42454,63,0
46253,42869,63,0
46254,7041,63,0
46255,9032,63,0
46256,6985,63,0
46257,30661,63,0
46258,26631,63,0
46259,27131,63,0
46260,29116,63,0
46261,27058,63,0
46262,14515,63,0
46263,25648,63,0
46264,18349,63,0
46265,43500,63,0
46266,25465,63,0
46267,6370,63,0
46268,37608,63,0
46269,36498,63,0
46270,38819,63,0
46271,27166,63,0
46272,17894,63,0
46273,42382,63,0
46274,36383,63,0
46275,44445,63,0
46276,36711,63,0
46277,20599,63,0
46278,35420,63,0
46279,5539,63,0
46280,12684,63,0
46281,12834,63,0
46282,27207,63,0
46283,48226,63,0
46284,35203,63,0
46285,19136,63,0
46286,9272,63,0
46287,39877,63,0
46288,15985,63,0
46289,17317,63,0
46290,15960,63,0
46291,2022,63,0
46292,45861,63,0
46293,43428,63,0
46294,13994,63,0
46295,42583,63,0
46296,6094,63,0
46297,39465,63,0
46298,20593,63,0
46299,38109,63,0
46300,16714,63,0
46301,9532,63,0
46302,11879,63,0
46303,35966,63,0
46304,39750,63,0
46305,39244,63,0
46306,44354,63,0
46307,43194,63,0
46308,12142,63,0
46309,23119,63,0
46310,31171,63,0
46311,14562,63,0
46312,22086,63,0
46313,43507,63,0
46314,4503,63,0
46315,2187,63,0
46316,35462,63,0
46317,36609,63,0
46318,28660,63,0
46319,37962,63,0
46320,10493,63,0
46321,6899,63,0
46322,14481,63,0
46323,9259,63,0
46324,32803,63,0
46325,39838,63,0
46326,27804,63,0
46327,5269,63,0
46328,20290,63,0
46329,13199,63,0
46330,9299,63,0
46331,45704,63,0
46332,30467,63,0
46333,10086,63,0
46334,47175,63,0
46335,27716,63,0
46336,26475,63,0
46337,9601,63,0
46338,32566,63,0
46339,44931,63,0
46340,8966,63,0
46341,44547,63,0
46342,2885,63,0
46343,25530,63,0
46344,46334,63,0
46345,37910,63,0
46346,46883,63,0
46347,47664,63,0
46348,11663,63,0
46349,42969,63,0
46350,28060,63,0
46351,45837,63,0
46352,14632,63,0
46353,26204,63,0
46354,23115,63,0
46355,13571,63,0
46356,20910,63,0
46357,28688,63,0
46358,39892,63,0
46359,47309,63,0
46360,5930,63,0
46361,39732,63,0
46362,23615,63,0
46363,43333,63,0
46364,44095,63,0
46365,37137,63,0
46366,47173,63,0
46367,44368,63,0
46368,49444,63,0
46369,6381,63,0
46370,50016,63,0
46371,30609,63,0
46372,17128,63,0
46373,22700,63,0
46374,18211,63,0
46375,42536,63,0
46376,9959,63,0
46377,33721,63,0
46378,40916,63,0
46379,8322,63,0
46380,45461,63,0
46381,18269,63,0
46382,38803,63,0
46383,44771,63,0
46384,32493,63,0
46385,27892,63,0
46386,12508,63,0
46387,45432,63,0
46388,27002,63,0
46389,18879,63,0
46390,4197,63,0
46391,33925,63,0
46392,6015,63,0
46393,38582,63,0
46394,11260,63,0
46395,18854,63,0
46396,45391,63,0
46397,6988,63,0
46398,22672,63,0
46399,42247,63,0
46400,45339,63,0
46401,27232,63,0
46402,20373,63,0
46403,2520,63,0
46404,24513,63,0
46405,6727,63,0
46406,40362,63,0
46407,14479,63,0
46408,49259,63,0
46409,35372,63,0
46410,14248,63,0
46411,42001,63,0
46412,20588,63,0
46413,12435,63,0
46414,11660,63,0
46415,43370,63,0
46416,46922,63,0
46417,47214,63,0
46418,50009,63,0
46419,17176,63,0
46420,45348,63,0
46421,19483,63,0
46422,44907,63,0
46423,15759,63,0
46424,40350,63,0
46425,16715,63,0
46426,26152,63,0
46427,11522,63,0
46428,22439,63,0
46429,21983,63,0
46430,44928,63,0
46431,48637,63,0
46432,4321,63,0
46433,39844,63,0
46434,35450,63,0
46435,28638,63,0
46436,45568,63,0
46437,39141,63,0
46438,5733,63,0
46439,5413,63,0
46440,27583,63,0
46441,48891,63,0
46442,17892,63,0
46443,42578,63,0
46444,30417,63,0
46445,5205,63,0
46446,6556,63,0
46447,19847,63,0
46448,10996,63,0
46449,27408,63,0
46450,39030,63,0
46451,505,63,0
46452,50447,63,0
46453,4781,63,0
46454,22817,63,0
46455,44527,63,0
46456,4258,63,0
46457,44009,63,0
46458,7564,63,0
46459,38255,63,0
46460,45199,63,0
46461,47141,63,0
46462,16970,63,0
46463,11763,63,0
46464,12695,63,0
46465,43061,63,0
46466,13517,63,0
46467,35443,63,0
46468,13195,63,0
46469,50017,63,0
46470,4269,63,0
46471,35682,63,0
46472,43442,63,0
46473,25317,63,0
46474,44980,63,0
46475,42297,63,0
46476,43606,63,0
46477,9479,63,0
46478,35622,63,0
46479,36891,63,0
46480,9371,63,0
46481,48739,63,0
46482,13014,63,0
46483,17871,63,0
46484,5380,63,0
46485,7235,63,0
46486,44137,63,0
46487,44544,63,0
46488,38006,63,0
46489,16821,63,0
46490,23752,63,0
46491,37182,63,0
46492,15082,63,0
46493,1966,63,0
46494,9260,63,0
46495,38622,63,0
46496,28351,63,0
46497,30925,63,0
46498,25591,63,0
46499,26048,63,0
46500,34529,63,0
46501,3458,63,0
46502,4727,63,0
46503,20500,63,0
46504,46861,63,0
46505,36911,63,0
46506,9508,63,0
46507,1864,63,0
46508,25088,63,0
46509,16565,63,0
46510,49968,63,0
46511,36735,63,0
46512,19923,63,0
46513,46586,63,0
46514,25042,63,0
46515,40699,63,0
46516,9313,63,0
46517,43536,63,0
46518,23912,63,0
46519,7142,63,0
46520,2773,63,0
46521,41774,63,0
46522,41836,63,0
46523,25083,63,0
46524,22322,63,0
46525,8766,63,0
46526,12810,63,0
46527,6534,63,0
46528,10585,63,0
46529,29865,63,0
46530,8698,63,0
46531,28741,63,0
46532,37041,63,0
46533,1575,63,0
46534,28522,63,0
46535,8845,63,0
46536,41336,63,0
46537,36369,63,0
46538,4770,63,0
46539,25305,63,0
46540,43586,63,0
46541,49249,63,0
46542,37519,63,0
46543,12280,63,0
46544,38181,63,0
46545,33219,63,0
46546,40071,63,0
46547,39106,63,0
46548,42186,63,0
46549,30333,63,0
46550,37667,63,0
46551,35658,63,0
46552,5807,63,0
46553,27354,63,0
46554,25337,63,0
46555,42275,63,0
46556,28686,63,0
46557,5366,63,0
46558,29724,63,0
46559,39535,63,0
46560,49474,63,0
46561,25405,63,0
46562,46247,63,0
46563,15136,63,0
46564,23614,63,0
46565,4868,63,0
46566,1002,63,0
46567,24805,63,0
46568,5983,63,0
46569,32224,63,0
46570,32219,63,0
46571,5400,63,0
46572,43430,63,0
46573,4550,63,0
46574,33176,63,0
46575,39444,63,0
46576,37303,63,0
46577,33332,63,0
46578,20978,63,0
46579,14453,63,0
46580,43354,63,0
46581,28194,63,0
46582,46672,63,0
46583,41956,63,0
46584,1609,63,0
46585,45049,63,0
46586,33714,63,0
46587,23067,63,0
46588,42473,63,0
46589,22414,63,0
46590,17847,63,0
46591,3995,63,0
46592,4522,63,0
46593,23713,63,0
46594,25020,63,0
46595,43986,63,0
46596,36993,63,0
46597,23089,63,0
46598,22612,63,0
46599,4102,63,0
46600,9569,63,0
46601,34979,63,0
46602,45611,63,0
46603,46504,63,0
46604,9595,63,0
46605,21124,63,0
46606,40036,63,0
46607,7585,63,0
46608,17032,63,0
46609,45276,63,0
46610,13224,63,0
46611,42109,63,0
46612,39556,63,0
46613,6297,63,0
46614,22131,63,0
46615,36737,63,0
46616,39284,63,0
46617,10790,63,0
46618,8287,63,0
46619,37532,63,0
46620,2117,63,0
46621,41670,63,0
46622,43374,63,0
46623,10160,63,0
46624,43403,63,0
46625,20160,63,0
46626,5265,63,0
46627,1145,63,0
46628,45751,63,0
46629,50619,63,0
46630,41156,63,0
46631,43874,63,0
46632,10003,63,0
46633,4922,63,0
46634,35017,63,0
46635,36785,63,0
46636,36652,63,0
46637,15638,63,0
46638,5676,63,0
46639,20646,63,0
46640,19924,63,0
46641,41412,63,0
46642,28332,63,0
46643,44995,63,0
46644,18505,63,0
46645,8447,63,0
46646,45352,63,0
46647,10225,63,0
46648,22124,63,0
46649,40736,63,0
46650,35969,63,0
46651,19792,63,0
46652,49313,63,0
46653,28335,63,0
46654,38138,63,0
46655,13037,63,0
46656,25948,63,0
46657,19846,63,0
46658,21153,63,0
46659,37917,63,0
46660,28844,63,0
46661,14053,63,0
46662,43920,63,0
46663,36690,63,0
46664,44550,63,0
46665,46666,63,0
46666,43489,63,0
46667,37278,63,0
46668,49940,63,0
46669,21470,63,0
46670,43432,63,0
46671,41971,63,0
46672,929,63,0
46673,2592,63,0
46674,16428,63,0
46675,13547,63,0
46676,8257,63,0
46677,38737,63,0
46678,48936,63,0
46679,48760,63,0
46680,44834,63,0
46681,6364,63,0
46682,45183,63,0
46683,23105,63,0
46684,27587,63,0
46685,9427,63,0
46686,3840,63,0
46687,33304,63,0
46688,13802,63,0
46689,27081,63,0
46690,9390,63,0
46691,3380,63,0
46692,35857,63,0
46693,45242,63,0
46694,5308,63,0
46695,48125,63,0
46696,44301,63,0
46697,34630,63,0
46698,4402,63,0
46699,12379,63,0
46700,3026,63,0
46701,29269,63,0
46702,50620,63,0
46703,48099,63,0
46704,27784,63,0
46705,15518,63,0
46706,25324,63,0
46707,6644,63,0
46708,48305,63,0
46709,50869,63,0
46710,36345,63,0
46711,21125,63,0
46712,41962,63,0
46713,44314,63,0
46714,47142,63,0
46715,4666,63,0
46716,17049,63,0
46717,4909,63,0
46718,26414,63,0
46719,48273,63,0
46720,50831,63,0
46721,19531,63,0
46722,45830,63,0
46723,9109,63,0
46724,37163,63,0
46725,8526,63,0
46726,35095,63,0
46727,36863,63,0
46728,30895,63,0
46729,40132,63,0
46730,48886,63,0
46731,8136,63,0
46732,37554,63,0
46733,6823,63,0
46734,15819,63,0
46735,10430,63,0
46736,3819,63,0
46737,41168,63,0
46738,25114,63,0
46739,47633,63,0
46740,26337,63,0
46741,14796,63,0
46742,11133,63,0
46743,50411,63,0
46744,38438,63,0
46745,46429,63,0
46746,491,63,0
46747,3392,63,0
46748,15982,63,0
46749,48999,63,0
46750,45216,63,0
46751,11567,63,0
46752,20647,63,0
46753,5848,63,0
46754,50841,63,0
46755,48888,63,0
46756,40496,63,0
46757,22347,63,0
46758,16511,63,0
46759,37986,63,0
46760,15191,63,0
46761,6997,63,0
46762,16660,63,0
46763,43079,63,0
46764,38927,63,0
46765,37362,63,0
46766,34681,63,0
46767,46431,63,0
46768,43720,63,0
46769,46967,63,0
46770,13610,63,0
46771,44652,63,0
46772,41116,63,0
46773,34585,63,0
46774,22260,63,0
46775,43348,63,0
46776,36710,63,0
46777,1505,63,0
46778,24751,63,0
46779,10165,63,0
46780,10861,63,0
46781,9400,63,0
46782,42084,63,0
46783,36410,63,0
46784,39109,63,0
46785,28582,63,0
46786,4968,63,0
46787,45130,63,0
46788,5430,63,0
46789,34664,63,0
46790,27267,63,0
46791,42589,63,0
46792,19707,63,0
46793,41088,63,0
46794,43401,63,0
46795,27896,63,0
46796,37662,63,0
46797,37216,63,0
46798,36351,63,0
46799,45306,63,0
46800,9547,63,0
46801,37234,63,0
46802,36459,63,0
46803,15866,63,0
46804,45219,63,0
46805,23946,63,0
46806,8255,63,0
46807,9907,63,0
46808,28722,63,0
46809,507,63,0
46810,27488,63,0
46811,5116,63,0
46812,40913,63,0
46813,24929,63,0
46814,40430,63,0
46815,48059,63,0
46816,26176,63,0
46817,24529,63,0
46818,37754,63,0
46819,41822,63,0
46820,7162,63,0
46821,24857,63,0
46822,4987,63,0
46823,1513,63,0
46824,4458,63,0
46825,25952,63,0
46826,28445,63,0
46827,34520,63,0
46828,37344,63,0
46829,37806,63,0
46830,34170,63,0
46831,42215,63,0
46832,28130,63,0
46833,21604,63,0
46834,38948,63,0
46835,19880,63,0
46836,46331,63,0
46837,49268,63,0
46838,38535,63,0
46839,13629,63,0
46840,48522,63,0
46841,44670,63,0
46842,49743,63,0
46843,49205,63,0
46844,11563,63,0
46845,5213,63,0
46846,7851,63,0
46847,38139,63,0
46848,35310,63,0
46849,44197,63,0
46850,17550,63,0
46851,14748,63,0
46852,13918,63,0
46853,45451,63,0
46854,5975,63,0
46855,22935,63,0
46856,40802,63,0
46857,12315,63,0
46858,26998,63,0
46859,42552,63,0
46860,42913,63,0
46861,36358,63,0
46862,17079,63,0
46863,41668,63,0
46864,4327,63,0
46865,2289,63,0
46866,8708,63,0
46867,27142,63,0
46868,702,63,0
46869,39278,63,0
46870,49000,63,0
46871,534,63,0
46872,50279,63,0
46873,46545,63,0
46874,719,63,0
46875,36876,63,0
46876,43818,63,0
46877,2527,63,0
46878,7320,63,0
46879,41802,63,0
46880,19715,63,0
46881,29671,63,0
46882,13869,63,0
46883,46283,63,0
46884,40172,63,0
46885,46386,63,0
46886,6385,63,0
46887,27841,63,0
46888,6907,63,0
46889,11120,63,0
46890,23817,63,0
46891,18545,63,0
46892,44013,63,0
46893,23406,63,0
46894,21422,63,0
46895,24646,63,0
46896,13128,63,0
46897,21905,63,0
46898,49926,63,0
46899,41937,63,0
46900,4401,63,0
46901,4885,63,0
46902,44312,63,0
46903,6886,63,0
46904,33867,63,0
46905,28115,63,0
46906,47614,63,0
46907,29792,63,0
46908,16590,63,0
46909,8066,63,0
46910,40751,63,0
46911,47024,63,0
46912,12785,63,0
46913,34677,63,0
46914,49163,63,0
46915,23333,63,0
46916,44033,63,0
46917,22643,63,0
46918,13912,63,0
46919,25369,63,0
46920,37099,63,0
46921,16625,63,0
46922,46168,63,0
46923,38920,63,0
46924,25550,63,0
46925,45750,63,0
46926,43165,63,0
46927,12527,63,0
46928,6100,63,0
46929,7186,63,0
46930,34819,63,0
46931,16429,63,0
46932,13415,63,0
46933,40130,63,0
46934,43232,63,0
46935,28030,63,0
46936,15861,63,0
46937,31052,63,0
46938,8605,63,0
46939,15445,63,0
46940,6333,63,0
46941,2015,63,0
46942,42562,63,0
46943,23097,63,0
46944,630,63,0
46945,14954,63,0
46946,22080,63,0
46947,40550,63,0
46948,45989,63,0
46949,26339,63,0
46950,39935,63,0
46951,39219,63,0
46952,32818,63,0
46953,9076,63,0
46954,40770,63,0
46955,48517,63,0
46956,7827,63,0
46957,9469,63,0
46958,46435,63,0
46959,22513,63,0
46960,17916,63,0
46961,17246,63,0
46962,49733,63,0
46963,19747,63,0
46964,4976,63,0
46965,26272,63,0
46966,31474,63,0
46967,5967,63,0
46968,26699,63,0
46969,41407,63,0
46970,43213,63,0
46971,17870,63,0
46972,49162,63,0
46973,36917,63,0
46974,33116,63,0
46975,7284,63,0
46976,6761,63,0
46977,43406,63,0
46978,37845,63,0
46979,7815,63,0
46980,39523,63,0
46981,44018,63,0
46982,44576,63,0
46983,27247,63,0
46984,29523,63,0
46985,20836,63,0
46986,40308,63,0
46987,2682,63,0
46988,4084,63,0
46989,45390,63,0
46990,4448,63,0
46991,11935,63,0
46992,43277,63,0
46993,30447,63,0
46994,39757,63,0
46995,46950,63,0
46996,46218,63,0
46997,41821,63,0
46998,40157,63,0
46999,46202,63,0
47000,43746,63,0
47001,33325,63,0
47002,22939,63,0
47003,9395,63,0
47004,7823,63,0
47005,40202,63,0
47006,4793,63,0
47007,13425,63,0
47008,20598,63,0
47009,14346,63,0
47010,43915,63,0
47011,46680,63,0
47012,19512,63,0
47013,15325,63,0
47014,36770,63,0
47015,50769,63,0
47016,46285,63,0
47017,37913,63,0
47018,46588,63,0
47019,19159,63,0
47020,6048,63,0
47021,4608,63,0
47022,45612,63,0
47023,27479,63,0
47024,14375,63,0
47025,46863,63,0
47026,40466,63,0
47027,23625,63,0
47028,4901,63,0
47029,44775,63,0
47030,9621,63,0
47031,36235,63,0
47032,31272,63,0
47033,17303,63,0
47034,19933,63,0
47035,9988,63,0
47036,27726,63,0
47037,6133,63,0
47038,41619,63,0
47039,11210,63,0
47040,27528,63,0
47041,12521,63,0
47042,36405,63,0
47043,11910,63,0
47044,7779,63,0
47045,40477,63,0
47046,6996,63,0
47047,40135,63,0
47048,39842,63,0
47049,7878,63,0
47050,9450,63,0
47051,48939,63,0
47052,39520,63,0
47053,7331,63,0
47054,4343,63,0
47055,20037,63,0
47056,37694,63,0
47057,37641,63,0
47058,36574,63,0
47059,14091,63,0
47060,35902,63,0
47061,8633,63,0
47062,9903,63,0
47063,42691,63,0
47064,8939,63,0
47065,26879,63,0
47066,49106,63,0
47067,39296,63,0
47068,27309,63,0
47069,36753,63,0
47070,14351,63,0
47071,43925,63,0
47072,32686,63,0
47073,16151,63,0
47074,20282,63,0
47075,19786,63,0
47076,44801,63,0
47077,41873,63,0
47078,48763,63,0
47079,13549,63,0
47080,25642,63,0
47081,42187,63,0
47082,38149,63,0
47083,16946,63,0
47084,48956,63,0
47085,4278,63,0
47086,38211,63,0
47087,42932,63,0
47088,49344,63,0
47089,43468,63,0
47090,543,63,0
47091,13255,63,0
47092,42146,63,0
47093,6631,63,0
47094,47000,63,0
47095,37741,63,0
47096,41308,63,0
47097,42606,63,0
47098,23781,63,0
47099,36315,63,0
47100,43524,63,0
47101,45060,63,0
47102,28523,63,0
47103,7575,63,0
47104,49200,63,0
47105,36353,63,0
47106,21671,63,0
47107,10630,63,0
47108,42156,63,0
47109,38502,63,0
47110,28673,63,0
47111,21578,63,0
47112,15097,63,0
47113,50751,63,0
47114,28419,63,0
47115,42880,63,0
47116,28826,63,0
47117,7179,63,0
47118,27911,63,0
47119,40858,63,0
47120,47095,63,0
47121,12583,63,0
47122,27145,63,0
47123,9270,63,0
47124,17831,63,0
47125,42302,63,0
47126,6483,63,0
47127,7192,63,0
47128,40721,63,0
47129,13955,63,0
47130,34241,63,0
47131,13702,63,0
47132,39878,63,0
47133,28941,63,0
47134,4418,63,0
47135,1343,63,0
47136,47143,63,0
47137,378,63,0
47138,50571,63,0
47139,43916,63,0
47140,36575,63,0
47141,25002,63,0
47142,43991,63,0
47143,41958,63,0
47144,1102,63,0
47145,38951,63,0
47146,46099,63,0
47147,15651,63,0
47148,7722,63,0
47149,10997,63,0
47150,19939,63,0
47151,26884,63,0
47152,29307,63,0
47153,26582,63,0
47154,34579,63,0
47155,8867,63,0
47156,14195,63,0
47157,8295,63,0
47158,38193,63,0
47159,19934,63,0
47160,37656,63,0
47161,43205,63,0
47162,48775,63,0
47163,44810,63,0
47164,26483,63,0
47165,26442,63,0
47166,9931,63,0
47167,10998,63,0
47168,50570,63,0
47169,6210,63,0
47170,23217,63,0
47171,49504,63,0
47172,8469,63,0
47173,36755,63,0
47174,21079,63,0
47175,12940,63,0
47176,30265,63,0
47177,3394,63,0
47178,6572,63,0
47179,18311,63,0
47180,7268,63,0
47181,50702,63,0
47182,41745,63,0
47183,18886,63,0
47184,36527,63,0
47185,7063,63,0
47186,39590,63,0
47187,26336,63,0
47188,39412,63,0
47189,23511,63,0
47190,9072,63,0
47191,28828,63,0
47192,8563,63,0
47193,43497,63,0
47194,28862,63,0
47195,3620,63,0
47196,44525,63,0
47197,49647,63,0
47198,11228,63,0
47199,19932,63,0
47200,27897,63,0
47201,22767,63,0
47202,2861,63,0
47203,4455,63,0
47204,48399,63,0
47205,36512,63,0
47206,10895,63,0
47207,17385,63,0
47208,39855,63,0
47209,43722,63,0
47210,25152,63,0
47211,8734,63,0
47212,44048,63,0
47213,49124,63,0
47214,9429,63,0
47215,25554,63,0
47216,427,63,0
47217,49727,63,0
47218,40325,63,0
47219,41435,63,0
47220,20249,63,0
47221,22976,63,0
47222,7309,63,0
47223,9851,63,0
47224,36468,63,0
47225,43882,63,0
47226,30389,63,0
47227,43366,63,0
47228,25931,63,0
47229,36776,63,0
47230,44637,63,0
47231,40501,63,0
47232,761,63,0
47233,16578,63,0
47234,16978,63,0
47235,9050,63,0
47236,35145,63,0
47237,23892,63,0
47238,47119,63,0
47239,23245,63,0
47240,6116,63,0
47241,5432,63,0
47242,13734,63,0
47243,38962,63,0
47244,3134,63,0
47245,34078,63,0
47246,2635,63,0
47247,47458,63,0
47248,46784,63,0
47249,40672,63,0
47250,18157,63,0
47251,9148,63,0
47252,42432,63,0
47253,43945,63,0
47254,10056,63,0
47255,19265,63,0
47256,10205,63,0
47257,46519,63,0
47258,44069,63,0
47259,704,63,0
47260,5342,63,0
47261,42635,63,0
47262,40238,63,0
47263,49952,63,0
47264,10329,63,0
47265,15605,63,0
47266,8654,63,0
47267,433,63,0
47268,6300,63,0
47269,40934,63,0
47270,36880,63,0
47271,36648,63,0
47272,35588,63,0
47273,45420,63,0
47274,23746,63,0
47275,4062,63,0
47276,1587,63,0
47277,43579,63,0
47278,4916,63,0
47279,39530,63,0
47280,47541,63,0
47281,26869,63,0
47282,43711,63,0
47283,2040,63,0
47284,28367,63,0
47285,29004,63,0
47286,24514,63,0
47287,16951,63,0
47288,50098,63,0
47289,42584,63,0
47290,45370,63,0
47291,43781,63,0
47292,48432,63,0
47293,39396,63,0
47294,44850,63,0
47295,7479,63,0
47296,40014,63,0
47297,38037,63,0
47298,6170,63,0
47299,44122,63,0
47300,9477,63,0
47301,25310,63,0
47302,16835,63,0
47303,45211,63,0
47304,40479,63,0
47305,41789,63,0
47306,6226,63,0
47307,3430,63,0
47308,42489,63,0
47309,911,63,0
47310,5658,63,0
47311,40005,63,0
47312,6277,63,0
47313,33594,63,0
47314,46971,63,0
47315,47544,63,0
47316,23072,63,0
47317,41992,63,0
47318,20275,63,0
47319,9393,63,0
47320,42850,63,0
47321,40650,63,0
47322,43372,63,0
47323,39014,63,0
47324,35819,63,0
47325,42872,63,0
47326,43485,63,0
47327,45218,63,0
47328,5020,63,0
47329,8244,63,0
47330,39655,63,0
47331,12951,63,0
47332,23691,63,0
47333,11048,63,0
47334,40375,63,0
47335,27467,63,0
47336,41711,63,0
47337,44646,63,0
47338,3393,63,0
47339,4337,63,0
47340,50227,63,0
47341,8345,63,0
47342,28525,63,0
47343,3709,63,0
47344,26465,63,0
47345,6371,63,0
47346,12433,63,0
47347,45125,63,0
47348,5098,63,0
47349,6893,63,0
47350,38921,63,0
47351,24043,63,0
47352,46778,63,0
47353,22802,63,0
47354,37062,63,0
47355,50874,63,0
47356,12470,63,0
47357,42983,63,0
47358,4945,63,0
47359,41504,63,0
47360,41041,63,0
47361,37574,63,0
47362,47893,63,0
47363,9200,63,0
47364,46460,63,0
47365,21371,63,0
47366,11237,63,0
47367,37360,63,0
47368,17223,63,0
47369,33626,63,0
47370,33913,63,0
47371,27504,63,0
47372,25262,63,0
47373,755,63,0
47374,34817,63,0
47375,46511,63,0
47376,3533,63,0
47377,5707,63,0
47378,20544,63,0
47379,43883,63,0
47380,17493,63,0
47381,30696,63,0
47382,14290,63,0
47383,1458,63,0
47384,45042,63,0
47385,35440,63,0
47386,48269,63,0
47387,5438,63,0
47388,31948,63,0
47389,48812,63,0
47390,29273,63,0
47391,4569,63,0
47392,8949,63,0
47393,587,63,0
47394,37132,63,0
47395,26926,63,0
47396,46607,63,0
47397,24042,63,0
47398,47347,63,0
47399,13229,63,0
47400,21597,63,0
47401,41404,63,0
47402,22101,63,0
47403,10879,63,0
47404,7570,63,0
47405,20553,63,0
47406,26783,63,0
47407,46439,63,0
47408,44142,63,0
47409,37382,63,0
47410,28602,63,0
47411,17113,63,0
47412,18230,63,0
47413,17320,63,0
47414,571,63,0
47415,28504,63,0
47416,26945,63,0
47417,36740,63,0
47418,5106,63,0
47419,44593,63,0
47420,11272,63,0
47421,14000,63,0
47422,45351,63,0
47423,34376,63,0
47424,14442,63,0
47425,22466,63,0
47426,13345,63,0
47427,31416,63,0
47428,21904,63,0
47429,41790,63,0
47430,11159,63,0
47431,44943,63,0
47432,8430,63,0
47433,44344,63,0
47434,47894,63,0
47435,50407,63,0
47436,41513,63,0
47437,7280,63,0
47438,41641,63,0
47439,948,63,0
47440,7430,63,0
47441,47114,63,0
47442,23997,63,0
47443,37935,63,0
47444,45602,63,0
47445,39421,63,0
47446,47296,63,0
47447,42919,63,0
47448,41438,63,0
47449,5385,63,0
47450,18972,63,0
47451,2179,63,0
47452,1568,63,0
47453,25921,63,0
47454,7340,63,0
47455,1531,63,0
47456,47016,63,0
47457,35975,63,0
47458,45413,63,0
47459,28442,63,0
47460,40616,63,0
47461,27827,63,0
47462,18394,63,0
47463,40134,63,0
47464,16954,63,0
47465,36024,63,0
47466,36288,63,0
47467,41600,63,0
47468,22238,63,0
47469,35195,63,0
47470,46,63,0
47471,37803,63,0
47472,13748,63,0
47473,40646,63,0
47474,6737,63,0
47475,41173,63,0
47476,24611,63,0
47477,19534,63,0
47478,4751,63,0
47479,10202,63,0
47480,3809,63,0
47481,21081,63,0
47482,25560,63,0
47483,19777,63,0
47484,36594,63,0
47485,37569,63,0
47486,37994,63,0
47487,49728,63,0
47488,47535,63,0
47489,46116,63,0
47490,4910,63,0
47491,50323,63,0
47492,34384,63,0
47493,6249,63,0
47494,48270,63,0
47495,43447,63,0
47496,39942,63,0
47497,43639,63,0
47498,4072,63,0
47499,41963,63,0
47500,38525,63,0
47501,8458,63,0
47502,16138,63,0
47503,7391,63,0
47504,48111,63,0
47505,2010,63,0
47506,49169,63,0
47507,22003,63,0
47508,33377,63,0
47509,33506,63,0
47510,8246,63,0
47511,39852,63,0
47512,39169,63,0
47513,26606,63,0
47514,45003,63,0
47515,43364,63,0
47516,10641,63,0
47517,42758,63,0
47518,44650,63,0
47519,41079,63,0
47520,29923,63,0
47521,44105,63,0
47522,29054,63,0
47523,18964,63,0
47524,30771,63,0
47525,2359,63,0
47526,26652,63,0
47527,41809,63,0
47528,47766,63,0
47529,49146,63,0
47530,41807,63,0
47531,45648,63,0
47532,35685,63,0
47533,49006,63,0
47534,28350,63,0
47535,21607,63,0
47536,33576,63,0
47537,9648,63,0
47538,11867,63,0
47539,5241,63,0
47540,28269,63,0
47541,29868,63,0
47542,50322,63,0
47543,9810,63,0
47544,43221,63,0
47545,43322,63,0
47546,42786,63,0
47547,42636,63,0
47548,35260,63,0
47549,36229,63,0
47550,39756,63,0
47551,36743,63,0
47552,5215,63,0
47553,25981,63,0
47554,6096,63,0
47555,45422,63,0
47556,47920,63,0
47557,30953,63,0
47558,43677,63,0
47559,45616,63,0
47560,6305,63,0
47561,47061,63,0
47562,42874,63,0
47563,26361,63,0
47564,37114,63,0
47565,21380,63,0
47566,20663,63,0
47567,8327,63,0
47568,26298,63,0
47569,42544,63,0
47570,40742,63,0
47571,43931,63,0
47572,46028,63,0
47573,48395,63,0
47574,41920,63,0
47575,39188,63,0
47576,1326,63,0
47577,37049,63,0
47578,18057,63,0
47579,37023,63,0
47580,6396,63,0
47581,7684,63,0
47582,37217,63,0
47583,41302,63,0
47584,39186,63,0
47585,39352,63,0
47586,25185,63,0
47587,45304,63,0
47588,30519,63,0
47589,45310,63,0
47590,31901,63,0
47591,40931,63,0
47592,47368,63,0
47593,43024,63,0
47594,45923,63,0
47595,44016,63,0
47596,12677,63,0
47597,33262,63,0
47598,26855,63,0
47599,25500,63,0
47600,41015,63,0
47601,45449,63,0
47602,36316,63,0
47603,49884,63,0
47604,6582,63,0
47605,29536,63,0
47606,2143,63,0
47607,26331,63,0
47608,50456,63,0
47609,37089,63,0
47610,35421,63,0
47611,41204,63,0
47612,40978,63,0
47613,17607,63,0
47614,37210,63,0
47615,1558,63,0
47616,29300,63,0
47617,36892,63,0
47618,12595,63,0
47619,6050,63,0
47620,7503,63,0
47621,46719,63,0
47622,32891,63,0
47623,45419,63,0
47624,3648,63,0
47625,41423,63,0
47626,24794,63,0
47627,43846,63,0
47628,4621,63,0
47629,22089,63,0
47630,13251,63,0
47631,25169,63,0
47632,45243,63,0
47633,9645,63,0
47634,36991,63,0
47635,37769,63,0
47636,8915,63,0
47637,41475,63,0
47638,25399,63,0
47639,48400,63,0
47640,47913,63,0
47641,16859,63,0
47642,44915,63,0
47643,36401,63,0
47644,19621,63,0
47645,43569,63,0
47646,37605,63,0
47647,36816,63,0
47648,42274,63,0
47649,44238,63,0
47650,5865,63,0
47651,39218,63,0
47652,46093,63,0
47653,32714,63,0
47654,9330,63,0
47655,26669,63,0
47656,23601,63,0
47657,26122,63,0
47658,25372,63,0
47659,18335,63,0
47660,43383,63,0
47661,25475,63,0
47662,38012,63,0
47663,50046,63,0
47664,33708,63,0
47665,8283,63,0
47666,16114,63,0
47667,44002,63,0
47668,26553,63,0
47669,39035,63,0
47670,15921,63,0
47671,698,63,0
47672,8347,63,0
47673,29796,63,0
47674,19791,63,0
47675,6576,63,0
47676,13681,63,0
47677,42896,63,0
47678,10080,63,0
47679,11622,63,0
47680,2142,63,0
47681,28041,63,0
47682,39824,63,0
47683,43989,63,0
47684,42772,63,0
47685,42526,63,0
47686,29095,63,0
47687,39378,63,0
47688,44457,63,0
47689,40726,63,0
47690,44385,63,0
47691,40478,63,0
47692,27704,63,0
47693,38126,63,0
47694,6007,63,0
47695,43434,63,0
47696,6733,63,0
47697,23135,63,0
47698,40458,63,0
47699,28058,63,0
47700,50889,63,0
47701,12511,63,0
47702,49925,63,0
47703,27745,63,0
47704,24911,63,0
47705,15770,63,0
47706,37791,63,0
47707,47022,63,0
47708,16991,63,0
47709,18382,63,0
47710,39894,63,0
47711,39212,63,0
47712,36409,63,0
47713,5782,63,0
47714,39341,63,0
47715,16496,63,0
47716,17375,63,0
47717,13074,63,0
47718,4325,63,0
47719,49095,63,0
47720,38018,63,0
47721,5629,63,0
47722,46946,63,0
47723,46381,63,0
47724,33341,63,0
47725,43284,63,0
47726,14338,63,0
47727,38526,63,0
47728,24721,63,0
47729,13606,63,0
47730,39550,63,0
47731,33796,63,0
47732,45280,63,0
47733,25386,63,0
47734,27044,63,0
47735,46034,63,0
47736,15670,63,0
47737,40635,63,0
47738,32288,63,0
47739,6596,63,0
47740,39239,63,0
47741,21550,63,0
47742,50630,63,0
47743,44179,63,0
47744,26371,63,0
47745,44676,63,0
47746,40749,63,0
47747,39738,63,0
47748,44365,63,0
47749,6436,63,0
47750,30726,63,0
47751,20327,63,0
47752,38967,63,0
47753,39119,63,0
47754,34723,63,0
47755,38227,63,0
47756,6543,63,0
47757,19829,63,0
47758,2528,63,0
47759,43151,63,0
47760,16334,63,0
47761,41783,63,0
47762,39920,63,0
47763,38956,63,0
47764,36805,63,0
47765,45762,63,0
47766,45142,63,0
47767,4667,63,0
47768,38818,63,0
47769,23349,63,0
47770,43747,63,0
47771,14447,63,0
47772,21992,63,0
47773,23937,63,0
47774,28900,63,0
47775,38571,63,0
47776,41039,63,0
47777,38603,63,0
47778,46911,63,0
47779,4836,63,0
47780,47256,63,0
47781,50522,63,0
47782,5530,63,0
47783,17851,63,0
47784,49302,63,0
47785,27687,63,0
47786,15666,63,0
47787,5729,63,0
47788,437,63,0
47789,42511,63,0
47790,28374,63,0
47791,46615,63,0
47792,48823,63,0
47793,7074,63,0
47794,44575,63,0
47795,16664,63,0
47796,28866,63,0
47797,28048,63,0
47798,4844,63,0
47799,20441,63,0
47800,40119,63,0
47801,38719,63,0
47802,26806,63,0
47803,8629,63,0
47804,40692,63,0
47805,26892,63,0
47806,808,63,0
47807,29240,63,0
47808,45708,63,0
47809,28331,63,0
47810,11368,63,0
47811,4586,63,0
47812,24977,63,0
47813,5070,63,0
47814,20229,63,0
47815,37797,63,0
47816,50801,63,0
47817,7160,63,0
47818,9726,63,0
47819,9366,63,0
47820,37497,63,0
47821,9421,63,0
47822,29310,63,0
47823,1803,63,0
47824,42563,63,0
47825,43898,63,0
47826,46836,63,0
47827,50865,63,0
47828,21205,63,0
47829,49517,63,0
47830,6294,63,0
47831,37018,63,0
47832,37199,63,0
47833,43375,63,0
47834,5139,63,0
47835,49298,63,0
47836,48766,63,0
47837,28231,63,0
47838,7174,63,0
47839,28629,63,0
47840,43478,63,0
47841,17930,63,0
47842,36458,63,0
47843,42883,63,0
47844,24744,63,0
47845,37368,63,0
47846,27498,63,0
47847,13171,63,0
47848,39180,63,0
47849,41365,63,0
47850,8813,63,0
47851,11323,63,0
47852,44538,63,0
47853,37622,63,0
47854,45436,63,0
47855,38929,63,0
47856,39829,63,0
47857,12495,63,0
47858,12380,63,0
47859,47945,63,0
47860,49582,63,0
47861,841,63,0
47862,36534,63,0
47863,47708,63,0
47864,39725,63,0
47865,34412,63,0
47866,8646,63,0
47867,48536,63,0
47868,6041,63,0
47869,18965,63,0
47870,4643,63,0
47871,49345,63,0
47872,17936,63,0
47873,12110,63,0
47874,5038,63,0
47875,49620,63,0
47876,26734,63,0
47877,8412,63,0
47878,4516,63,0
47879,14326,63,0
47880,23111,63,0
47881,43147,63,0
47882,30235,63,0
47883,16895,63,0
47884,36262,63,0
47885,5063,63,0
47886,10686,63,0
47887,14549,63,0
47888,17927,63,0
47889,6990,63,0
47890,16974,63,0
47891,25930,63,0
47892,40219,63,0
47893,7379,63,0
47894,47600,63,0
47895,8063,63,0
47896,44821,63,0
47897,25861,63,0
47898,10135,63,0
47899,50202,63,0
47900,8773,63,0
47901,25882,63,0
47902,25748,63,0
47903,41309,63,0
47904,27466,63,0
47905,4406,63,0
47906,21677,63,0
47907,20265,63,0
47908,14543,63,0
47909,26908,63,0
47910,25410,63,0
47911,36087,63,0
47912,45456,63,0
47913,25898,63,0
47914,16709,63,0
47915,38760,63,0
47916,37998,63,0
47917,39063,63,0
47918,46452,63,0
47919,40457,63,0
47920,26705,63,0
47921,26902,63,0
47922,43074,63,0
47923,38222,63,0
47924,21892,63,0
47925,73,63,0
47926,10850,63,0
47927,13708,63,0
47928,23445,63,0
47929,7480,63,0
47930,40433,63,0
47931,11103,63,0
47932,1583,63,0
47933,39201,63,0
47934,43479,63,0
47935,39062,63,0
47936,42134,63,0
47937,41210,63,0
47938,33425,63,0
47939,26538,63,0
47940,4317,63,0
47941,43787,63,0
47942,38153,63,0
47943,13307,63,0
47944,49736,63,0
47945,2243,63,0
47946,23633,63,0
47947,6654,63,0
47948,39571,63,0
47949,41698,63,0
47950,22023,63,0
47951,27950,63,0
47952,41414,63,0
47953,44687,63,0
47954,16209,63,0
47955,5296,63,0
47956,37087,63,0
47957,28640,63,0
47958,36408,63,0
47959,23687,63,0
47960,6578,63,0
47961,27952,63,0
47962,29161,63,0
47963,17159,63,0
47964,26280,63,0
47965,278,63,0
47966,12944,63,0
47967,45763,63,0
47968,34798,63,0
47969,27939,63,0
47970,19851,63,0
47971,29278,63,0
47972,22447,63,0
47973,44727,63,0
47974,27650,63,0
47975,5343,63,0
47976,39385,63,0
47977,25175,63,0
47978,49530,63,0
47979,13837,63,0
47980,21770,63,0
47981,4986,63,0
47982,36226,63,0
47983,41189,63,0
47984,5471,63,0
47985,4112,63,0
47986,46627,63,0
47987,41350,63,0
47988,34273,63,0
47989,42945,63,0
47990,40994,63,0
47991,27904,63,0
47992,16145,63,0
47993,7987,63,0
47994,12313,63,0
47995,40569,63,0
47996,43195,63,0
47997,37709,63,0
47998,22055,63,0
47999,8179,63,0
48000,49269,63,0
48001,45503,63,0
48002,5081,63,0
48003,41361,63,0
48004,19223,63,0
48005,8947,63,0
48006,40085,63,0
48007,9153,63,0
48008,43207,63,0
48009,25415,63,0
48010,40091,63,0
48011,23405,63,0
48012,29379,63,0
48013,7867,63,0
48014,37601,63,0
48015,36026,63,0
48016,21399,63,0
48017,40037,63,0
48018,33668,63,0
48019,25711,63,0
48020,17875,63,0
48021,11366,63,0
48022,45460,63,0
48023,25809,63,0
48024,43812,63,0
48025,36662,63,0
48026,47432,63,0
48027,6508,63,0
48028,38996,63,0
48029,37819,63,0
48030,33837,63,0
48031,47326,63,0
48032,10700,63,0
48033,3575,63,0
48034,17655,63,0
48035,25008,63,0
48036,43909,63,0
48037,13608,63,0
48038,46378,63,0
48039,50342,63,0
48040,37953,63,0
48041,44945,63,0
48042,39807,63,0
48043,4814,63,0
48044,42946,63,0
48045,48714,63,0
48046,46158,63,0
48047,45562,63,0
48048,38289,63,0
48049,49697,63,0
48050,39000,63,0
48051,27045,63,0
48052,49698,63,0
48053,47159,63,0
48054,14268,63,0
48055,13658,63,0
48056,47367,63,0
48057,36470,63,0
48058,40597,63,0
48059,9751,63,0
48060,37351,63,0
48061,40431,63,0
48062,34550,63,0
48063,36306,63,0
48064,42435,63,0
48065,34282,63,0
48066,12473,63,0
48067,6571,63,0
48068,50479,63,0
48069,25396,63,0
48070,46877,63,0
48071,6908,63,0
48072,640,63,0
48073,44049,63,0
48074,39631,63,0
48075,21080,63,0
48076,36848,63,0
48077,40771,63,0
48078,24522,63,0
48079,8527,63,0
48080,43848,63,0
48081,38460,63,0
48082,48785,63,0
48083,28382,63,0
48084,11955,63,0
48085,6710,63,0
48086,48950,63,0
48087,27390,63,0
48088,36957,63,0
48089,44698,63,0
48090,12643,63,0
48091,40049,63,0
48092,27426,63,0
48093,12481,63,0
48094,2060,63,0
48095,46181,63,0
48096,44022,63,0
48097,6365,63,0
48098,32139,63,0
48099,44695,63,0
48100,41828,63,0
48101,32355,63,0
48102,38690,63,0
48103,40354,63,0
48104,29692,63,0
48105,44869,63,0
48106,40870,63,0
48107,16165,63,0
48108,15525,63,0
48109,17863,63,0
48110,9855,63,0
48111,5497,63,0
48112,18189,63,0
48113,40273,63,0
48114,18459,63,0
48115,23602,63,0
48116,27763,63,0
48117,36619,63,0
48118,27481,63,0
48119,41499,63,0
48120,16792,63,0
48121,49876,63,0
48122,39155,63,0
48123,42291,63,0
48124,11865,63,0
48125,36999,63,0
48126,49231,63,0
48127,28366,63,0
48128,47960,63,0
48129,45416,63,0
48130,43387,63,0
48131,21709,63,0
48132,1616,63,0
48133,45336,63,0
48134,43464,63,0
48135,40398,63,0
48136,43242,63,0
48137,28807,63,0
48138,20831,63,0
48139,7616,63,0
48140,5125,63,0
48141,38242,63,0
48142,6327,63,0
48143,44258,63,0
48144,47306,63,0
48145,43034,63,0
48146,19074,63,0
48147,36586,63,0
48148,38562,63,0
48149,5403,63,0
48150,45398,63,0
48151,4800,63,0
48152,28708,63,0
48153,44383,63,0
48154,41466,63,0
48155,28671,63,0
48156,38133,63,0
48157,41735,63,0
48158,22192,63,0
48159,7834,63,0
48160,12912,63,0
48161,39888,63,0
48162,39518,63,0
48163,47626,63,0
48164,22910,63,0
48165,27370,63,0
48166,36813,63,0
48167,15127,63,0
48168,40151,63,0
48169,37109,63,0
48170,15828,63,0
48171,24838,63,0
48172,9449,63,0
48173,36554,63,0
48174,2922,63,0
48175,46957,63,0
48176,33384,63,0
48177,3822,63,0
48178,39206,63,0
48179,46531,63,0
48180,40170,63,0
48181,631,63,0
48182,26281,63,0
48183,6979,63,0
48184,41022,63,0
48185,25917,63,0
48186,13032,63,0
48187,9857,63,0
48188,32998,63,0
48189,37075,63,0
48190,34272,63,0
48191,27200,63,0
48192,46824,63,0
48193,28701,63,0
48194,44684,63,0
48195,18457,63,0
48196,22398,63,0
48197,20696,63,0
48198,48661,63,0
48199,36162,63,0
48200,49657,63,0
48201,19564,63,0
48202,41972,63,0
48203,41083,63,0
48204,41750,63,0
48205,45968,63,0
48206,43306,63,0
48207,44403,63,0
48208,46875,63,0
48209,10105,63,0
48210,20548,63,0
48211,25479,63,0
48212,4109,63,0
48213,6091,63,0
48214,6784,63,0
48215,2012,63,0
48216,28815,63,0
48217,41492,63,0
48218,18861,63,0
48219,43214,63,0
48220,12516,63,0
48221,44533,63,0
48222,17247,63,0
48223,10649,63,0
48224,44627,63,0
48225,37118,63,0
48226,2997,63,0
48227,20098,63,0
48228,46526,63,0
48229,50103,63,0
48230,39191,63,0
48231,38152,63,0
48232,492,63,0
48233,1637,63,0
48234,39116,63,0
48235,39079,63,0
48236,33598,63,0
48237,27067,63,0
48238,24614,63,0
48239,13450,63,0
48240,45634,63,0
48241,12184,63,0
48242,3603,63,0
48243,22680,63,0
48244,42993,63,0
48245,17183,63,0
48246,29393,63,0
48247,20561,63,0
48248,47808,63,0
48249,26495,63,0
48250,39697,63,0
48251,46989,63,0
48252,27855,63,0
48253,39735,63,0
48254,37753,63,0
48255,48684,63,0
48256,44702,63,0
48257,17606,63,0
48258,43417,63,0
48259,46617,63,0
48260,37227,63,0
48261,6918,63,0
48262,43202,63,0
48263,20555,63,0
48264,9692,63,0
48265,14978,63,0
48266,46556,63,0
48267,42921,63,0
48268,9500,63,0
48269,6168,63,0
48270,42683,63,0
48271,35241,63,0
48272,44523,63,0
48273,36355,63,0
48274,2914,63,0
48275,42152,63,0
48276,12679,63,0
48277,15807,63,0
48278,26316,63,0
48279,43656,63,0
48280,41831,63,0
48281,39049,63,0
48282,5878,63,0
48283,8751,63,0
48284,39203,63,0
48285,5045,63,0
48286,27933,63,0
48287,44874,63,0
48288,1935,63,0
48289,17145,63,0
48290,27594,63,0
48291,28724,63,0
48292,41235,63,0
48293,43460,63,0
48294,8465,63,0
48295,40535,63,0
48296,41604,63,0
48297,46338,63,0
48298,28029,63,0
48299,48022,63,0
48300,588,63,0
48301,27592,63,0
48302,43244,63,0
48303,46442,63,0
48304,21010,63,0
48305,44594,63,0
48306,28541,63,0
48307,48405,63,0
48308,36347,63,0
48309,48878,63,0
48310,37429,63,0
48311,21899,63,0
48312,43691,63,0
48313,27491,63,0
48314,2735,63,0
48315,27949,63,0
48316,17855,63,0
48317,36282,63,0
48318,4136,63,0
48319,46644,63,0
48320,43761,63,0
48321,49219,63,0
48322,5209,63,0
48323,48504,63,0
48324,36618,63,0
48325,12573,63,0
48326,41084,63,0
48327,23103,63,0
48328,25149,63,0
48329,17582,63,0
48330,7876,63,0
48331,6214,63,0
48332,40101,63,0
48333,49591,63,0
48334,44766,63,0
48335,43421,63,0
48336,36135,63,0
48337,44082,63,0
48338,50631,63,0
48339,44901,63,0
48340,39221,63,0
48341,38840,63,0
48342,23203,63,0
48343,1232,63,0
48344,11205,63,0
48345,12529,63,0
48346,33165,63,0
48347,15881,63,0
48348,781,63,0
48349,33497,63,0
48350,35125,63,0
48351,9475,63,0
48352,2327,63,0
48353,40539,63,0
48354,31723,63,0
48355,720,63,0
48356,41618,63,0
48357,28424,63,0
48358,8014,63,0
48359,45406,63,0
48360,35546,63,0
48361,4096,63,0
48362,7349,63,0
48363,37775,63,0
48364,10236,63,0
48365,48192,63,0
48366,21443,63,0
48367,44435,63,0
48368,10029,63,0
48369,3028,63,0
48370,8437,63,0
48371,8978,63,0
48372,9706,63,0
48373,12264,63,0
48374,8427,63,0
48375,48987,63,0
48376,46618,63,0
48377,24849,63,0
48378,17205,63,0
48379,5061,63,0
48380,39900,63,0
48381,44835,63,0
48382,10725,63,0
48383,33939,63,0
48384,15645,63,0
48385,43727,63,0
48386,36708,63,0
48387,17126,63,0
48388,33653,63,0
48389,1063,63,0
48390,16749,63,0
48391,27279,63,0
48392,11601,63,0
48393,50507,63,0
48394,7170,63,0
48395,523,63,0
48396,38200,63,0
48397,42008,63,0
48398,14483,63,0
48399,37651,63,0
48400,43185,63,0
48401,20547,63,0
48402,34264,63,0
48403,47366,63,0
48404,8285,63,0
48405,47271,63,0
48406,26035,63,0
48407,7599,63,0
48408,49318,63,0
48409,3740,63,0
48410,49336,63,0
48411,13190,63,0
48412,5232,63,0
48413,5814,63,0
48414,4817,63,0
48415,4200,63,0
48416,39914,63,0
48417,36449,63,0
48418,28484,63,0
48419,3139,63,0
48420,41923,63,0
48421,42399,63,0
48422,14228,63,0
48423,15216,63,0
48424,46502,63,0
48425,47622,63,0
48426,8313,63,0
48427,23197,63,0
48428,33533,63,0
48429,37129,63,0
48430,42004,63,0
48431,44124,63,0
48432,36502,63,0
48433,12691,63,0
48434,25178,63,0
48435,26406,63,0
48436,24902,63,0
48437,8537,63,0
48438,2070,63,0
48439,4451,63,0
48440,4264,63,0
48441,28441,63,0
48442,16880,63,0
48443,25838,63,0
48444,23528,63,0
48445,43875,63,0
48446,48109,63,0
48447,10808,63,0
48448,14538,63,0
48449,4750,63,0
48450,31502,63,0
48451,2644,63,0
48452,36822,63,0
48453,40361,63,0
48454,8125,63,0
48455,17692,63,0
48456,11261,63,0
48457,19423,63,0
48458,44991,63,0
48459,2995,63,0
48460,42328,63,0
48461,39492,63,0
48462,2023,63,0
48463,814,63,0
48464,42168,63,0
48465,6152,63,0
48466,41726,63,0
48467,13800,63,0
48468,5502,63,0
48469,43908,63,0
48470,43718,63,0
48471,26299,63,0
48472,44726,63,0
48473,48121,63,0
48474,31466,63,0
48475,13986,63,0
48476,8610,63,0
48477,18380,63,0
48478,45572,63,0
48479,5055,63,0
48480,44157,63,0
48481,41833,63,0
48482,28827,63,0
48483,21154,63,0
48484,37593,63,0
48485,43740,63,0
48486,44230,63,0
48487,26543,63,0
48488,2029,63,0
48489,37390,63,0
48490,41008,63,0
48491,23202,63,0
48492,36777,63,0
48493,36085,63,0
48494,40745,63,0
48495,44549,63,0
48496,41614,63,0
48497,45827,63,0
48498,42507,63,0
48499,39380,63,0
48500,41301,63,0
48501,42465,63,0
48502,45513,63,0
48503,11156,63,0
48504,5161,63,0
48505,34998,63,0
48506,44261,63,0
48507,8967,63,0
48508,28928,63,0
48509,8372,63,0
48510,43613,63,0
48511,19403,63,0
48512,13216,63,0
48513,42904,63,0
48514,49868,63,0
48515,43856,63,0
48516,35407,63,0
48517,41846,63,0
48518,10644,63,0
48519,10730,63,0
48520,30220,63,0
48521,49330,63,0
48522,38654,63,0
48523,22585,63,0
48524,21247,63,0
48525,17758,63,0
48526,37354,63,0
48527,46895,63,0
48528,47549,63,0
48529,48685,63,0
48530,5684,63,0
48531,6628,63,0
48532,37825,63,0
48533,11137,63,0
48534,48191,63,0
48535,201,63,0
48536,50906,63,0
48537,47553,63,0
48538,30685,63,0
48539,49646,63,0
48540,48808,63,0
48541,38001,63,0
48542,25231,63,0
48543,556,63,0
48544,45698,63,0
48545,8364,63,0
48546,12880,63,0
48547,15827,63,0
48548,5532,63,0
48549,42388,63,0
48550,8126,63,0
48551,28925,63,0
48552,16212,63,0
48553,38171,63,0
48554,25816,63,0
48555,41622,63,0
48556,40993,63,0
48557,7199,63,0
48558,40775,63,0
48559,689,63,0
48560,8630,63,0
48561,43852,63,0
48562,37259,63,0
48563,3331,63,0
48564,38465,63,0
48565,14507,63,0
48566,40619,63,0
48567,8116,63,0
48568,17153,63,0
48569,18205,63,0
48570,44040,63,0
48571,21481,63,0
48572,5748,63,0
48573,28894,63,0
48574,4773,63,0
48575,5898,63,0
48576,8842,63,0
48577,39710,63,0
48578,22379,63,0
48579,45328,63,0
48580,14258,63,0
48581,42135,63,0
48582,2987,63,0
48583,12638,63,0
48584,45718,63,0
48585,9583,63,0
48586,20138,63,0
48587,16479,63,0
48588,17120,63,0
48589,45640,63,0
48590,43223,63,0
48591,28988,63,0
48592,36793,63,0
48593,40455,63,0
48594,24535,63,0
48595,36168,63,0
48596,21216,63,0
48597,10685,63,0
48598,40239,63,0
48599,36281,63,0
48600,6026,63,0
48601,44418,63,0
48602,29107,63,0
48603,43229,63,0
48604,11315,63,0
48605,37516,63,0
48606,36823,63,0
48607,43389,63,0
48608,23689,63,0
48609,41915,63,0
48610,43228,63,0
48611,46635,63,0
48612,13790,63,0
48613,9779,63,0
48614,36118,63,0
48615,25135,63,0
48616,25544,63,0
48617,20162,63,0
48618,42394,63,0
48619,45208,63,0
48620,16407,63,0
48621,14199,63,0
48622,19328,63,0
48623,19890,63,0
48624,37990,63,0
48625,14482,63,0
48626,45610,63,0
48627,32294,63,0
48628,27143,63,0
48629,34766,63,0
48630,37991,63,0
48631,49158,63,0
48632,35728,63,0
48633,14062,63,0
48634,39661,63,0
48635,17685,63,0
48636,40383,63,0
48637,40266,63,0
48638,45781,63,0
48639,36289,63,0
48640,49492,63,0
48641,4734,63,0
48642,9585,63,0
48643,13707,63,0
48644,43757,63,0
48645,49617,63,0
48646,37875,63,0
48647,41736,63,0
48648,41631,63,0
48649,28899,63,0
48650,5036,63,0
48651,46761,63,0
48652,24762,63,0
48653,47224,63,0
48654,4257,63,0
48655,44759,63,0
48656,43371,63,0
48657,5881,63,0
48658,41728,63,0
48659,5263,63,0
48660,37737,63,0
48661,48002,63,0
48662,30767,63,0
48663,22550,63,0
48664,49977,63,0
48665,24705,63,0
48666,47868,63,0
48667,27325,63,0
48668,36279,63,0
48669,45079,63,0
48670,7971,63,0
48671,12629,63,0
48672,43376,63,0
48673,12751,63,0
48674,42970,63,0
48675,4322,63,0
48676,41167,63,0
48677,34860,63,0
48678,44209,63,0
48679,40523,63,0
48680,25299,63,0
48681,25885,63,0
48682,5130,63,0
48683,42740,63,0
48684,37553,63,0
48685,43667,63,0
48686,49717,63,0
48687,44416,63,0
48688,5208,63,0
48689,48981,63,0
48690,40918,63,0
48691,4241,63,0
48692,42250,63,0
48693,37285,63,0
48694,8865,63,0
48695,43726,63,0
48696,38565,63,0
48697,34211,63,0
48698,19639,63,0
48699,41229,63,0
48700,2068,63,0
48701,37153,63,0
48702,25927,63,0
48703,5387,63,0
48704,2766,63,0
48705,44462,63,0
48706,45932,63,0
48707,43241,63,0
48708,45677,63,0
48709,45102,63,0
48710,41093,63,0
48711,17106,63,0
48712,32601,63,0
48713,29885,63,0
48714,8546,63,0
48715,21194,63,0
48716,43515,63,0
48717,23261,63,0
48718,28347,63,0
48719,26989,63,0
48720,4615,63,0
48721,44125,63,0
48722,37663,63,0
48723,27509,63,0
48724,27802,63,0
48725,21305,63,0
48726,18044,63,0
48727,41752,63,0
48728,1184,63,0
48729,49385,63,0
48730,44970,63,0
48731,25754,63,0
48732,47253,63,0
48733,39762,63,0
48734,38761,63,0
48735,5132,63,0
48736,24926,63,0
48737,44536,63,0
48738,23322,63,0
48739,26959,63,0
48740,10983,63,0
48741,17350,63,0
48742,37632,63,0
48743,38395,63,0
48744,26665,63,0
48745,12987,63,0
48746,13278,63,0
48747,35994,63,0
48748,8110,63,0
48749,5990,63,0
48750,19607,63,0
48751,43941,63,0
48752,49294,63,0
48753,4805,63,0
48754,34668,63,0
48755,36292,63,0
48756,45527,63,0
48757,19905,63,0
48758,25404,63,0
48759,44607,63,0
48760,38028,63,0
48761,42353,63,0
48762,41454,63,0
48763,13582,63,0
48764,19870,63,0
48765,47905,63,0
48766,6770,63,0
48767,5652,63,0
48768,42755,63,0
48769,44545,63,0
48770,25315,63,0
48771,7417,63,0
48772,38844,63,0
48773,46934,63,0
48774,11255,63,0
48775,8219,63,0
48776,36092,63,0
48777,26595,63,0
48778,37338,63,0
48779,44962,63,0
48780,40593,63,0
48781,44112,63,0
48782,28220,63,0
48783,25464,63,0
48784,47072,63,0
48785,40522,63,0
48786,15457,63,0
48787,21944,63,0
48788,28535,63,0
48789,25123,63,0
48790,43451,63,0
48791,14640,63,0
48792,38106,63,0
48793,44463,63,0
48794,26396,63,0
48795,43471,63,0
48796,14969,63,0
48797,32848,63,0
48798,49951,63,0
48799,10388,63,0
48800,16094,63,0
48801,17700,63,0
48802,6525,63,0
48803,45977,63,0
48804,26482,63,0
48805,23564,63,0
48806,13507,63,0
48807,45153,63,0
48808,22487,63,0
48809,2937,63,0
48810,13485,63,0
48811,44099,63,0
48812,44426,63,0
48813,20509,63,0
48814,37786,63,0
48815,39754,63,0
48816,47162,63,0
48817,41967,63,0
48818,39509,63,0
48819,7310,63,0
48820,21432,63,0
48821,10091,63,0
48822,37644,63,0
48823,14452,63,0
48824,15233,63,0
48825,27242,63,0
48826,21209,63,0
48827,25029,63,0
48828,25900,63,0
48829,8997,63,0
48830,46757,63,0
48831,34806,63,0
48832,37925,63,0
48833,44206,63,0
48834,21088,63,0
48835,29713,63,0
48836,2836,63,0
48837,47690,63,0
48838,25280,63,0
48839,25110,63,0
48840,17578,63,0
48841,42902,63,0
48842,12612,63,0
48843,36427,63,0
48844,3551,63,0
48845,40617,63,0
48846,15294,63,0
48847,39448,63,0
48848,41278,63,0
48849,44437,63,0
48850,46205,63,0
48851,15324,63,0
48852,37293,63,0
48853,25957,63,0
48854,43215,63,0
48855,25157,63,0
48856,37408,63,0
48857,26960,63,0
48858,40338,63,0
48859,42114,63,0
48860,6535,63,0
48861,16495,63,0
48862,2061,63,0
48863,37823,63,0
48864,45823,63,0
48865,46411,63,0
48866,8055,63,0
48867,30846,63,0
48868,22727,63,0
48869,45608,63,0
48870,46254,63,0
48871,9881,63,0
48872,35035,63,0
48873,21616,63,0
48874,24021,63,0
48875,49707,63,0
48876,42690,63,0
48877,47333,63,0
48878,964,63,0
48879,43096,63,0
48880,9947,63,0
48881,41837,63,0
48882,48261,63,0
48883,46553,63,0
48884,43461,63,0
48885,8434,63,0
48886,31485,63,0
48887,18594,63,0
48888,8315,63,0
48889,41281,63,0
48890,7989,63,0
48891,45291,63,0
48892,18451,63,0
48893,6579,63,0
48894,2444,63,0
48895,47695,63,0
48896,8853,63,0
48897,36377,63,0
48898,10963,63,0
48899,23584,63,0
48900,13987,63,0
48901,34321,63,0
48902,9886,63,0
48903,8650,63,0
48904,15311,63,0
48905,38845,63,0
48906,7563,63,0
48907,26437,63,0
48908,25647,63,0
48909,4495,63,0
48910,37983,63,0
48911,38889,63,0
48912,36251,63,0
48913,41288,63,0
48914,48601,63,0
48915,36597,63,0
48916,6626,63,0
48917,26929,63,0
48918,6375,63,0
48919,45518,63,0
48920,39826,63,0
48921,29037,63,0
48922,37343,63,0
48923,35539,63,0
48924,26177,63,0
48925,36975,63,0
48926,38414,63,0
48927,34628,63,0
48928,10180,63,0
48929,17690,63,0
48930,35696,63,0
48931,44425,63,0
48932,40094,63,0
48933,36919,63,0
48934,38759,63,0
48935,3799,63,0
48936,43887,63,0
48937,49545,63,0
48938,9235,63,0
48939,45898,63,0
48940,6407,63,0
48941,18939,63,0
48942,10719,63,0
48943,47438,63,0
48944,36760,63,0
48945,40087,63,0
48946,47542,63,0
48947,40943,63,0
48948,36058,63,0
48949,45188,63,0
48950,17933,63,0
48951,42565,63,0
48952,44346,63,0
48953,37369,63,0
48954,25746,63,0
48955,19540,63,0
48956,44760,63,0
48957,42351,63,0
48958,12540,63,0
48959,33139,63,0
48960,6400,63,0
48961,19062,63,0
48962,42007,63,0
48963,38591,63,0
48964,36461,63,0
48965,37750,63,0
48966,17968,63,0
48967,8045,63,0
48968,41078,63,0
48969,2018,63,0
48970,17629,63,0
48971,41095,63,0
48972,40186,63,0
48973,9505,63,0
48974,44052,63,0
48975,37665,63,0
48976,22189,63,0
48977,20114,63,0
48978,40559,63,0
48979,35814,63,0
48980,11838,63,0
48981,11839,63,0
48982,5882,63,0
48983,45145,63,0
48984,42057,63,0
48985,26557,63,0
48986,44207,63,0
48987,17884,63,0
48988,45964,63,0
48989,47481,63,0
48990,44193,63,0
48991,40370,63,0
48992,46846,63,0
48993,36352,63,0
48994,896,63,0
48995,39311,63,0
48996,8248,63,0
48997,27696,63,0
48998,6112,63,0
48999,13961,63,0
49000,44691,63,0
49001,8958,63,0
49002,37556,63,0
49003,41355,63,0
49004,4253,63,0
49005,43198,63,0
49006,2698,63,0
49007,38904,63,0
49008,26562,63,0
49009,49039,63,0
49010,44642,63,0
49011,12252,63,0
49012,36557,63,0
49013,44861,63,0
49014,6399,63,0
49015,42064,63,0
49016,47517,63,0
49017,36952,63,0
49018,43767,63,0
49019,44528,63,0
49020,25395,63,0
49021,37279,63,0
49022,47516,63,0
49023,44397,63,0
49024,27405,63,0
49025,26153,63,0
49026,29006,63,0
49027,44433,63,0
49028,19579,63,0
49029,13770,63,0
49030,49394,63,0
49031,12567,63,0
49032,42311,63,0
49033,40881,63,0
49034,48636,63,0
49035,41731,63,0
49036,15942,63,0
49037,40444,63,0
49038,31505,63,0
49039,5029,63,0
49040,27338,63,0
49041,7011,63,0
49042,42504,63,0
49043,36907,63,0
49044,19326,63,0
49045,30366,63,0
49046,36356,63,0
49047,34810,63,0
49048,43619,63,0
49049,39100,63,0
49050,41436,63,0
49051,7913,63,0
49052,39741,63,0
49053,46316,63,0
49054,37958,63,0
49055,626,63,0
49056,27751,63,0
49057,21882,63,0
49058,19216,63,0
49059,50640,63,0
49060,41657,63,0
49061,36071,63,0
49062,45809,63,0
49063,47718,63,0
49064,8959,63,0
49065,8878,63,0
49066,3706,63,0
49067,643,63,0
49068,33463,63,0
49069,43994,63,0
49070,20454,63,0
49071,38567,63,0
49072,4715,63,0
49073,40030,63,0
49074,7658,63,0
49075,26133,63,0
49076,44277,63,0
49077,41147,63,0
49078,34578,63,0
49079,12267,63,0
49080,41660,63,0
49081,37195,63,0
49082,36867,63,0
49083,16666,63,0
49084,45577,63,0
49085,36925,63,0
49086,20264,63,0
49087,38770,63,0
49088,21020,63,0
49089,6310,63,0
49090,35820,63,0
49091,40265,63,0
49092,11433,63,0
49093,5150,63,0
49094,35491,63,0
49095,9632,63,0
49096,21758,63,0
49097,20540,63,0
49098,27171,63,0
49099,43836,63,0
49100,41665,63,0
49101,33945,63,0
49102,23682,63,0
49103,33434,63,0
49104,5859,63,0
49105,26827,63,0
49106,36921,63,0
49107,29867,63,0
49108,41165,63,0
49109,14368,63,0
49110,37970,63,0
49111,48622,63,0
49112,44448,63,0
49113,4359,63,0
49114,40336,63,0
49115,41295,63,0
49116,22412,63,0
49117,712,63,0
49118,42240,63,0
49119,41748,63,0
49120,40402,63,0
49121,44237,63,0
49122,5879,63,0
49123,42363,63,0
49124,47867,63,0
49125,30943,63,0
49126,44507,63,0
49127,26704,63,0
49128,37167,63,0
49129,23618,63,0
49130,40351,63,0
49131,7038,63,0
49132,48608,63,0
49133,39072,63,0
49134,20621,63,0
49135,12782,63,0
49136,6155,63,0
49137,44341,63,0
49138,11907,63,0
49139,28653,63,0
49140,39176,63,0
49141,26893,63,0
49142,14109,63,0
49143,43798,63,0
49144,47524,63,0
49145,19998,63,0
49146,44852,63,0
49147,4335,63,0
49148,38388,63,0
49149,5765,63,0
49150,38995,63,0
49151,23521,63,0
49152,9149,63,0
49153,22185,63,0
49154,41437,63,0
49155,34225,63,0
49156,27381,63,0
49157,6580,63,0
49158,16952,63,0
49159,47031,63,0
49160,43483,63,0
49161,19295,63,0
49162,50623,63,0
49163,9344,63,0
49164,36036,63,0
49165,44659,63,0
49166,39034,63,0
49167,42072,63,0
49168,23296,63,0
49169,37521,63,0
49170,44204,63,0
49171,4716,63,0
49172,28841,63,0
49173,26027,63,0
49174,41472,63,0
49175,14989,63,0
49176,42810,63,0
49177,4433,63,0
49178,45209,63,0
49179,19386,63,0
49180,36722,63,0
49181,21040,63,0
49182,45138,63,0
49183,43092,63,0
49184,10119,63,0
49185,37805,63,0
49186,2466,63,0
49187,40864,63,0
49188,40598,63,0
49189,43219,63,0
49190,6835,63,0
49191,13937,63,0
49192,38590,63,0
49193,38230,63,0
49194,42205,63,0
49195,16487,63,0
49196,4556,63,0
49197,46303,63,0
49198,27965,63,0
49199,38431,63,0
49200,9363,63,0
49201,26193,63,0
49202,4341,63,0
49203,25085,63,0
49204,13580,63,0
49205,12499,63,0
49206,38718,63,0
49207,13733,63,0
49208,43381,63,0
49209,15393,63,0
49210,18926,63,0
49211,13553,63,0
49212,41174,63,0
49213,36105,63,0
49214,12332,63,0
49215,41226,63,0
49216,12206,63,0
49217,14001,63,0
49218,43193,63,0
49219,5423,63,0
49220,42759,63,0
49221,43424,63,0
49222,28363,63,0
49223,40743,63,0
49224,23345,63,0
49225,29266,63,0
49226,40575,63,0
49227,46422,63,0
49228,7543,63,0
49229,43888,63,0
49230,38682,63,0
49231,20266,63,0
49232,8467,63,0
49233,27693,63,0
49234,8112,63,0
49235,38177,63,0
49236,50352,63,0
49237,36328,63,0
49238,20783,63,0
49239,43081,63,0
49240,22180,63,0
49241,26937,63,0
49242,3409,63,0
49243,27922,63,0
49244,19477,63,0
49245,41314,63,0
49246,14122,63,0
49247,30982,63,0
49248,38385,63,0
49249,34134,63,0
49250,28014,63,0
49251,12273,63,0
49252,41898,63,0
49253,26625,63,0
49254,6376,63,0
49255,43816,63,0
49256,45804,63,0
49257,422,63,0
49258,25580,63,0
49259,12839,63,0
49260,19478,63,0
49261,39542,63,0
49262,42496,63,0
49263,33065,63,0
49264,8145,63,0
49265,22133,63,0
49266,24933,63,0
49267,15895,63,0
49268,37131,63,0
49269,1464,63,0
49270,22132,63,0
49271,43163,63,0
49272,25623,63,0
49273,39843,63,0
49274,6158,63,0
49275,37235,63,0
49276,7463,63,0
49277,41047,63,0
49278,37024,63,0
49279,39099,63,0
49280,5496,63,0
49281,5162,63,0
49282,45425,63,0
49283,41916,63,0
49284,38548,63,0
49285,40590,63,0
49286,39381,63,0
49287,47491,63,0
49288,41870,63,0
49289,9852,63,0
49290,13253,63,0
49291,41456,63,0
49292,45743,63,0
49293,20539,63,0
49294,16636,63,0
49295,34707,63,0
49296,36851,63,0
49297,10079,63,0
49298,42087,63,0
49299,36201,63,0
49300,38271,63,0
49301,7261,63,0
49302,13771,63,0
49303,31478,63,0
49304,37708,63,0
49305,12092,63,0
49306,26642,63,0
49307,45379,63,0
49308,15836,63,0
49309,40035,63,0
49310,47909,63,0
49311,43187,63,0
49312,39073,63,0
49313,36466,63,0
49314,43652,63,0
49315,39654,63,0
49316,44833,63,0
49317,16124,63,0
49318,5151,63,0
49319,7930,63,0
49320,45786,63,0
49321,33115,63,0
49322,29259,63,0
49323,49766,63,0
49324,20064,63,0
49325,36038,63,0
49326,48778,63,0
49327,37607,63,0
49328,19845,63,0
49329,39249,63,0
49330,44131,63,0
49331,18454,63,0
49332,9169,63,0
49333,27871,63,0
49334,38406,63,0
49335,48797,63,0
49336,38676,63,0
49337,6891,63,0
49338,45000,63,0
49339,41122,63,0
49340,23327,63,0
49341,13773,63,0
49342,40062,63,0
49343,10573,63,0
49344,39490,63,0
49345,14107,63,0
49346,28606,63,0
49347,36511,63,0
49348,36950,63,0
49349,2638,63,0
49350,32912,63,0
49351,37781,63,0
49352,22806,63,0
49353,27926,63,0
49354,33127,63,0
49355,38269,63,0
49356,17906,63,0
49357,4740,63,0
49358,6973,63,0
49359,5969,63,0
49360,32562,63,0
49361,36699,63,0
49362,27729,63,0
49363,38033,63,0
49364,21285,63,0
49365,43076,63,0
49366,28954,63,0
49367,50633,63,0
49368,12949,63,0
49369,42532,63,0
49370,24836,63,0
49371,7447,63,0
49372,5173,63,0
49373,3268,63,0
49374,6392,63,0
49375,24806,63,0
49376,3794,63,0
49377,28179,63,0
49378,1219,63,0
49379,44181,63,0
49380,44600,63,0
49381,17751,63,0
49382,49272,63,0
49383,37599,63,0
49384,43423,63,0
49385,45918,63,0
49386,39040,63,0
49387,39052,63,0
49388,6883,63,0
49389,45896,63,0
49390,49701,63,0
49391,49351,63,0
49392,49354,63,0
49393,961,63,0
49394,606,63,0
49395,43128,63,0
49396,50661,63,0
49397,7775,63,0
49398,43077,63,0
49399,13998,63,0
49400,34629,63,0
49401,40903,63,0
49402,8201,63,0
49403,40948,63,0
49404,35344,63,0
49405,12370,63,0
49406,4815,63,0
49407,49010,63,0
49408,18550,63,0
49409,5560,63,0
49410,41674,63,0
49411,7559,63,0
49412,22428,63,0
49413,12263,63,0
49414,36094,63,0
49415,7739,63,0
49416,45737,63,0
49417,40355,63,0
49418,7273,63,0
49419,25186,63,0
49420,42840,63,0
49421,42061,63,0
49422,4612,63,0
49423,41496,63,0
49424,7720,63,0
49425,6917,63,0
49426,40915,63,0
49427,7733,63,0
49428,32110,63,0
49429,44362,63,0
49430,24648,63,0
49431,14104,63,0
49432,27910,63,0
49433,44674,63,0
49434,59,63,0
49435,7528,63,0
49436,38804,63,0
49437,36539,63,0
49438,18949,63,0
49439,25649,63,0
49440,11489,63,0
49441,42287,63,0
49442,32086,63,0
49443,7378,63,0
49444,538,63,0
49445,23325,63,0
49446,43385,63,0
49447,25697,63,0
49448,46026,63,0
49449,40809,63,0
49450,45215,63,0
49451,5535,63,0
49452,45441,63,0
49453,30590,63,0
49454,40244,63,0
49455,8780,63,0
49456,12566,63,0
49457,16280,63,0
49458,12333,63,0
49459,7156,63,0
49460,36858,63,0
49461,44601,63,0
49462,1986,63,0
49463,37256,63,0
49464,2768,63,0
49465,40572,63,0
49466,4857,63,0
49467,44819,63,0
49468,44421,63,0
49469,49289,63,0
49470,38861,63,0
49471,39019,63,0
49472,44166,63,0
49473,44391,63,0
49474,37772,63,0
49475,37200,63,0
49476,17978,63,0
49477,41658,63,0
49478,35323,63,0
49479,24566,63,0
49480,7120,63,0
49481,19044,63,0
49482,5567,63,0
49483,37258,63,0
49484,37678,63,0
49485,5546,63,0
49486,38698,63,0
49487,29448,63,0
49488,18377,63,0
49489,47073,63,0
49490,28735,63,0
49491,39458,63,0
49492,10033,63,0
49493,685,63,0
49494,14348,63,0
49495,9627,63,0
49496,37168,63,0
49497,43477,63,0
49498,20737,63,0
49499,40634,63,0
49500,27469,63,0
49501,39611,63,0
49502,46325,63,0
49503,6388,63,0
49504,46518,63,0
49505,44972,63,0
49506,44636,63,0
49507,35674,63,0
49508,38687,63,0
49509,36764,63,0
49510,36274,63,0
49511,16813,63,0
49512,43255,63,0
49513,47538,63,0
49514,8250,63,0
49515,8656,63,0
49516,9397,63,0
49517,17239,63,0
49518,37106,63,0
49519,37598,63,0
49520,44092,63,0
49521,20629,63,0
49522,40880,63,0
49523,26988,63,0
49524,41953,63,0
49525,49789,63,0
49526,50905,63,0
49527,22492,63,0
49528,13936,63,0
49529,37645,63,0
49530,45565,63,0
49531,27326,63,0
49532,49739,63,0
49533,49499,63,0
49534,43693,63,0
49535,22119,63,0
49536,744,63,0
49537,45836,63,0
49538,4131,63,0
49539,41316,63,0
49540,40106,63,0
49541,35392,63,0
49542,27674,63,0
49543,46638,63,0
49544,23112,63,0
49545,43226,63,0
49546,36960,63,0
49547,45696,63,0
49548,44281,63,0
49549,33717,63,0
49550,44059,63,0
49551,45792,63,0
49552,42028,63,0
49553,43402,63,0
49554,19,63,0
49555,39379,63,0
49556,4375,63,0
49557,45440,63,0
49558,37629,63,0
49559,9407,63,0
49560,9618,63,0
49561,43947,63,0
49562,38007,63,0
49563,43377,63,0
49564,7267,63,0
49565,44026,63,0
49566,32306,63,0
49567,10574,63,0
49568,50842,63,0
49569,288,63,0
49570,36701,63,0
49571,41526,63,0
49572,25597,63,0
49573,47631,63,0
49574,27860,63,0
49575,44782,63,0
49576,9982,63,0
49577,5182,63,0
49578,44467,63,0
49579,50148,63,0
49580,40310,63,0
49581,37989,63,0
49582,15815,63,0
49583,49526,63,0
49584,38744,63,0
49585,4783,63,0
49586,44732,63,0
49587,19488,63,0
49588,625,63,0
49589,46829,63,0
49590,34343,63,0
49591,32809,63,0
49592,23961,63,0
49593,44971,63,0
49594,7499,63,0
49595,5389,63,0
49596,12933,63,0
49597,13165,63,0
49598,23207,63,0
49599,48723,63,0
49600,39831,63,0
49601,44400,63,0
49602,9527,63,0
49603,40038,63,0
49604,5708,63,0
49605,36595,63,0
49606,38013,63,0
49607,44583,63,0
49608,41875,63,0
49609,44553,63,0
49610,36820,63,0
49611,6213,63,0
49612,5998,63,0
49613,39232,63,0
49614,47937,63,0
49615,49040,63,0
49616,36547,63,0
49617,43282,63,0
49618,17652,63,0
49619,17125,63,0
49620,27427,63,0
49621,44586,63,0
49622,15570,63,0
49623,43089,63,0
49624,8399,63,0
49625,46731,63,0
49626,49058,63,0
49627,40805,63,0
49628,22752,63,0
49629,43172,63,0
49630,6840,63,0
49631,41613,63,0
49632,41520,63,0
49633,47532,63,0
49634,45478,63,0
49635,11592,63,0
49636,46693,63,0
49637,41329,63,0
49638,44826,63,0
49639,5806,63,0
49640,6320,63,0
49641,43391,63,0
49642,46632,63,0
49643,26100,63,0
49644,44208,63,0
49645,19306,63,0
49646,20890,63,0
49647,4187,63,0
49648,5186,63,0
49649,4598,63,0
49650,666,63,0
49651,5037,63,0
49652,36541,63,0
49653,10182,63,0
49654,38768,63,0
49655,42841,63,0
49656,40543,63,0
49657,46115,63,0
49658,37336,63,0
49659,5773,63,0
49660,4893,63,0
49661,41031,63,0
49662,10116,63,0
49663,44635,63,0
49664,23209,63,0
49665,9440,63,0
49666,8952,63,0
49667,30397,63,0
49668,41851,63,0
49669,37277,63,0
49670,36526,63,0
49671,41765,63,0
49672,11084,63,0
49673,45217,63,0
49674,14756,63,0
49675,39891,63,0
49676,37031,63,0
49677,46140,63,0
49678,17552,63,0
49679,38848,63,0
49680,28618,63,0
49681,40910,63,0
49682,24644,63,0
49683,12113,63,0
49684,37841,63,0
49685,9282,63,0
49686,13026,63,0
49687,50786,63,0
49688,6175,63,0
49689,14003,63,0
49690,28022,63,0
49691,34613,63,0
49692,21425,63,0
49693,36702,63,0
49694,49998,63,0
49695,5376,63,0
49696,22787,63,0
49697,12692,63,0
49698,46217,63,0
49699,42499,63,0
49700,25889,63,0
49701,46124,63,0
49702,43240,63,0
49703,37807,63,0
49704,36478,63,0
49705,9712,63,0
49706,36301,63,0
49707,13002,63,0
49708,37675,63,0
49709,39328,63,0
49710,45233,63,0
49711,40890,63,0
49712,27706,63,0
49713,38560,63,0
49714,39901,63,0
49715,47171,63,0
49716,46542,63,0
49717,6281,63,0
49718,43257,63,0
49719,48334,63,0
49720,28199,63,0
49721,7360,63,0
49722,36069,63,0
49723,6296,63,0
49724,2191,63,0
49725,41511,63,0
49726,42159,63,0
49727,584,63,0
49728,7711,63,0
49729,14470,63,0
49730,50354,63,0
49731,6469,63,0
49732,39893,63,0
49733,50289,63,0
49734,31575,63,0
49735,40789,63,0
49736,43765,63,0
49737,7983,63,0
49738,34477,63,0
49739,36216,63,0
49740,37934,63,0
49741,47531,63,0
49742,37537,63,0
49743,25974,63,0
49744,41444,63,0
49745,4103,63,0
49746,38405,63,0
49747,6165,63,0
49748,10552,63,0
49749,49367,63,0
49750,5373,63,0
49751,46608,63,0
49752,41277,63,0
49753,44589,63,0
49754,28174,63,0
49755,45933,63,0
49756,26405,63,0
49757,1664,63,0
49758,40418,63,0
49759,8245,63,0
49760,18869,63,0
49761,4828,63,0
49762,7356,63,0
49763,42570,63,0
49764,41782,63,0
49765,5503,63,0
49766,17919,63,0
49767,17977,63,0
49768,8307,63,0
49769,37172,63,0
49770,42324,63,0
49771,7381,63,0
49772,44654,63,0
49773,13833,63,0
49774,18870,63,0
49775,2019,63,0
49776,12636,63,0
49777,36800,63,0
49778,36613,63,0
49779,43276,63,0
49780,37789,63,0
49781,7568,63,0
49782,9862,63,0
49783,30529,63,0
49784,36660,63,0
49785,24658,63,0
49786,44599,63,0
49787,44720,63,0
49788,45689,63,0
49789,28993,63,0
49790,8899,63,0
49791,4191,63,0
49792,40807,63,0
49793,4298,63,0
49794,45544,63,0
49795,38207,63,0
49796,47172,63,0
49797,28851,63,0
49798,6490,63,0
49799,37666,63,0
49800,9503,63,0
49801,36605,63,0
49802,10708,63,0
49803,9401,63,0
49804,36852,63,0
49805,36188,63,0
49806,36635,63,0
49807,26523,63,0
49808,42524,63,0
49809,5994,63,0
49810,44298,63,0
49811,8642,63,0
49812,44631,63,0
49813,41001,63,0
49814,8975,63,0
49815,40975,63,0
49816,41239,63,0
49817,45935,63,0
49818,45609,63,0
49819,10856,63,0
49820,44265,63,0
49821,41625,63,0
49822,17764,63,0
49823,37993,63,0
49824,23376,63,0
49825,42991,63,0
49826,23394,63,0
49827,36967,63,0
49828,9445,63,0
49829,39992,63,0
49830,21041,63,0
49831,3823,63,0
49832,50662,63,0
49833,50364,63,0
49834,22120,63,0
49835,524,63,0
49836,7079,63,0
49837,17709,63,0
49838,14334,63,0
49839,7245,63,0
49840,49261,63,0
49841,14106,63,0
49842,36296,63,0
49843,49368,63,0
49844,24913,63,0
49845,40698,63,0
49846,43201,63,0
49847,42242,63,0
49848,14037,63,0
49849,44724,63,0
49850,6693,63,0
49851,15863,63,0
49852,6783,63,0
49853,44024,63,0
49854,37326,63,0
49855,24533,63,0
49856,44407,63,0
49857,12999,63,0
49858,7638,63,0
49859,37226,63,0
49860,8426,63,0
49861,37702,63,0
49862,24748,63,0
49863,6299,63,0
49864,23742,63,0
49865,41637,63,0
49866,49009,63,0
49867,43944,63,0
49868,4768,63,0
49869,14381,63,0
49870,31149,63,0
49871,36420,63,0
49872,24846,63,0
49873,45637,63,0
49874,43431,63,0
49875,45266,63,0
49876,11924,63,0
49877,40149,63,0
49878,42531,63,0
49879,23241,63,0
49880,17130,63,0
49881,15898,63,0
49882,785,63,0
49883,45463,63,0
49884,46720,63,0
49885,28730,63,0
49886,38102,63,0
49887,25784,63,0
49888,918,63,0
49889,5416,63,0
49890,6592,63,0
49891,11278,63,0
49892,41646,63,0
49893,29404,63,0
49894,36875,63,0
49895,16610,63,0
49896,23640,63,0
49897,20921,63,0
49898,43891,63,0
49899,45893,63,0
49900,24843,63,0
49901,9568,63,0
49902,50033,63,0
49903,7196,63,0
49904,46726,63,0
49905,41857,63,0
49906,8864,63,0
49907,42153,63,0
49908,24919,63,0
49909,38384,63,0
49910,26990,63,0
49911,13818,63,0
49912,36984,63,0
49913,43181,63,0
49914,18922,63,0
49915,17051,63,0
49916,38597,63,0
49917,12584,63,0
49918,32635,63,0
49919,37834,63,0
49920,9838,63,0
49921,3849,63,0
49922,38809,63,0
49923,10578,63,0
49924,22932,63,0
49925,4098,63,0
49926,6948,63,0
49927,851,63,0
49928,26805,63,0
49929,24812,63,0
49930,36926,63,0
49931,5581,63,0
49932,25524,63,0
49933,8528,63,0
49934,16469,63,0
49935,49102,63,0
49936,27812,63,0
49937,44489,63,0
49938,745,63,0
49939,12554,63,0
49940,23239,63,0
49941,5345,63,0
49942,45059,63,0
49943,25499,63,0
49944,28273,63,0
49945,23404,63,0
49946,28895,63,0
49947,6227,63,0
49948,42360,63,0
49949,41279,63,0
49950,23503,63,0
49951,5131,63,0
49952,41468,63,0
49953,42510,63,0
49954,23301,63,0
49955,42568,63,0
49956,7725,63,0
49957,25546,63,0
49958,46937,63,0
49959,33876,63,0
49960,22744,63,0
49961,32753,63,0
49962,44555,63,0
49963,36544,63,0
49964,43670,63,0
49965,17947,63,0
49966,19499,63,0
49967,12610,63,0
49968,21330,63,0
49969,39683,63,0
49970,39504,63,0
49971,31958,63,0
49972,6028,63,0
49973,49519,63,0
49974,25138,63,0
49975,26870,63,0
49976,11242,63,0
49977,39774,63,0
49978,37174,63,0
49979,39882,63,0
49980,49279,63,0
49981,5780,63,0
49982,36664,63,0
49983,3979,63,0
49984,9020,63,0
49985,45520,63,0
49986,13518,63,0
49987,18568,63,0
49988,24840,63,0
49989,21257,63,0
49990,6892,63,0
49991,32383,63,0
49992,26728,63,0
49993,45642,63,0
49994,45263,63,0
49995,17679,63,0
49996,24586,63,0
49997,46415,63,0
49998,42845,63,0
49999,37788,63,0
50000,6720,63,0
50001,10993,63,0
50002,41930,63,0
50003,35061,63,0
50004,10210,63,0
50005,50820,63,0
50006,39417,63,0
50007,37969,63,0
50008,41621,63,0
50009,36948,63,0
50010,48003,63,0
50011,37435,63,0
50012,12528,63,0
50013,17640,63,0
50014,42516,63,0
50015,42058,63,0
50016,44456,63,0
50017,49107,63,0
50018,44754,63,0
50019,13046,63,0
50020,47422,63,0
50021,45008,63,0
50022,43797,63,0
50023,36336,63,0
50024,44468,63,0
50025,3866,63,0
50026,39823,63,0
50027,22714,63,0
50028,49569,63,0
50029,6866,63,0
50030,23409,63,0
50031,23403,63,0
50032,39928,63,0
50033,43433,63,0
50034,37683,63,0
50035,49077,63,0
50036,7144,63,0
50037,45975,63,0
50038,9150,63,0
50039,45319,63,0
50040,45016,63,0
50041,34037,63,0
50042,49271,63,0
50043,40739,63,0
50044,45450,63,0
50045,43254,63,0
50046,13047,63,0
50047,8046,63,0
50048,9262,63,0
50049,37076,63,0
50050,36593,63,0
50051,16713,63,0
50052,44580,63,0
50053,9096,63,0
50054,38507,63,0
50055,50925,63,0
50056,41768,63,0
50057,36098,63,0
50058,47823,63,0
50059,45551,63,0
50060,46353,63,0
50061,28639,63,0
50062,36964,63,0
50063,36073,63,0
50064,26528,63,0
50065,47329,63,0
50066,8811,63,0
50067,42842,63,0
50068,45224,63,0
50069,47358,63,0
50070,39524,63,0
50071,41533,63,0
50072,41514,63,0
50073,40853,63,0
50074,36658,63,0
50075,41902,63,0
50076,40661,63,0
50077,2599,63,0
50078,36259,63,0
50079,41296,63,0
50080,46086,63,0
50081,6551,63,0
50082,17251,63,0
50083,41805,63,0
50084,28625,63,0
50085,27008,63,0
50086,42041,63,0
50087,9312,63,0
50088,20496,63,0
50089,6634,63,0
50090,31484,63,0
50091,37155,63,0
50092,50679,63,0
50093,41535,63,0
50094,18340,63,0
50095,43264,63,0
50096,45755,63,0
50097,23856,63,0
50098,46214,63,0
50099,36949,63,0
50100,28636,63,0
50101,26344,63,0
50102,42602,63,0
50103,44616,63,0
50104,4405,63,0
50105,45186,63,0
50106,4930,63,0
50107,4931,63,0
50108,37058,63,0
50109,8499,63,0
50110,4211,63,0
50111,8393,63,0
50112,29297,63,0
50113,33423,63,0
50114,4699,63,0
50115,6405,63,0
50116,41565,63,0
50117,27154,63,0
50118,9731,63,0
50119,49308,63,0
50120,41738,63,0
50121,38906,63,0
50122,39821,63,0
50123,26297,63,0
50124,41942,63,0
50125,9787,63,0
50126,20061,63,0
50127,18579,63,0
50128,28583,63,0
50129,42886,63,0
50130,39790,63,0
50131,9932,63,0
50132,40765,63,0
50133,26195,63,0
50134,25476,63,0
50135,45061,63,0
50136,41054,63,0
50137,25819,63,0
50138,33078,63,0
50139,41303,63,0
50140,21090,63,0
50141,33927,63,0
50142,4347,63,0
50143,20631,63,0
50144,28151,63,0
50145,7150,63,0
50146,26957,63,0
50147,43459,63,0
50148,5391,63,0
50149,19554,63,0
50150,24606,63,0
50151,49312,63,0
50152,49026,63,0
50153,19126,63,0
50154,40285,63,0
50155,43216,63,0
50156,17181,63,0
50157,48018,63,0
50158,37955,63,0
50159,44569,63,0
50160,37597,63,0
50161,39751,63,0
50162,13784,63,0
50163,46250,63,0
50164,36885,63,0
50165,25439,63,0
50166,8790,63,0
50167,5274,63,0
50168,37779,63,0
50169,47291,63,0
50170,36238,63,0
50171,24564,63,0
50172,43998,63,0
50173,19877,63,0
50174,40872,63,0
50175,40407,63,0
50176,45088,63,0
50177,13971,63,0
50178,38898,63,0
50179,6080,63,0
50180,37117,63,0
50181,9286,63,0
50182,40906,63,0
50183,10619,63,0
50184,33385,63,0
50185,37228,63,0
50186,33532,63,0
50187,28532,63,0
50188,36733,63,0
50189,43512,63,0
50190,24623,63,0
50191,727,63,0
50192,42897,63,0
50193,45617,63,0
50194,44080,63,0
50195,37938,63,0
50196,12658,63,0
50197,41401,63,0
50198,7646,63,0
50199,36576,63,0
50200,1284,63,0
50201,22990,63,0
50202,25201,63,0
50203,37763,63,0
50204,44148,63,0
50205,45251,63,0
50206,38561,63,0
50207,36214,63,0
50208,4984,63,0
50209,44658,63,0
50210,10070,63,0
50211,43174,63,0
50212,50140,63,0
50213,46291,63,0
50214,41683,63,0
50215,36173,63,0
50216,9404,63,0
50217,34918,63,0
50218,21208,63,0
50219,34749,63,0
50220,38024,63,0
50221,42673,63,0
50222,42108,63,0
50223,7657,63,0
50224,5360,63,0
50225,41150,63,0
50226,13498,63,0
50227,36963,63,0
50228,29276,63,0
50229,38417,63,0
50230,16050,63,0
50231,6650,63,0
50232,40468,63,0
50233,43252,63,0
50234,28700,63,0
50235,49348,63,0
50236,8300,63,0
50237,45338,63,0
50238,38179,63,0
50239,41755,63,0
50240,42909,63,0
50241,36638,63,0
50242,32063,63,0
50243,40179,63,0
50244,41021,63,0
50245,7594,63,0
50246,19770,63,0
50247,36864,63,0
50248,40625,63,0
50249,30399,63,0
50250,6569,63,0
50251,18960,63,0
50252,27525,63,0
50253,41758,63,0
50254,37194,63,0
50255,31285,63,0
50256,47650,63,0
50257,43111,63,0
50258,10669,63,0
50259,6131,63,0
50260,6383,63,0
50261,29305,63,0
50262,43418,63,0
50263,6488,63,0
50264,13099,63,0
50265,17290,63,0
50266,44032,63,0
50267,9523,63,0
50268,36741,63,0
50269,35458,63,0
50270,8973,63,0
50271,42560,63,0
50272,2789,63,0
50273,37865,63,0
50274,26560,63,0
50275,8801,63,0
50276,36219,63,0
50277,45944,63,0
50278,39656,63,0
50279,7278,63,0
50280,17136,63,0
50281,45549,63,0
50282,14012,63,0
50283,40497,63,0
50284,4336,63,0
50285,42498,63,0
50286,36106,63,0
50287,21308,63,0
50288,8870,63,0
50289,8510,63,0
50290,40707,63,0
50291,46843,63,0
50292,45402,63,0
50293,36403,63,0
50294,40171,63,0
50295,12281,63,0
50296,45785,63,0
50297,17824,63,0
50298,45229,63,0
50299,19419,63,0
50300,46675,63,0
50301,19002,63,0
50302,47822,63,0
50303,35481,63,0
50304,49695,63,0
50305,41549,63,0
50306,46344,63,0
50307,43134,63,0
50308,38184,63,0
50309,39411,63,0
50310,42003,63,0
50311,38715,63,0
50312,46763,63,0
50313,25086,63,0
50314,49296,63,0
50315,43186,63,0
50316,5915,63,0
50317,7799,63,0
50318,34524,63,0
50319,38928,63,0
50320,26060,63,0
50321,34411,63,0
50322,38959,63,0
50323,40773,63,0
50324,10986,63,0
50325,44591,63,0
50326,44071,63,0
50327,7087,63,0
50328,37949,63,0
50329,11932,63,0
50330,34934,63,0
50331,47842,63,0
50332,14281,63,0
50333,37746,63,0
50334,40961,63,0
50335,20476,63,0
50336,7917,63,0
50337,6910,63,0
50338,10520,63,0
50339,9097,63,0
50340,11069,63,0
50341,41759,63,0
50342,48786,63,0
50343,10081,63,0
50344,45041,63,0
50345,43492,63,0
50346,45842,63,0
50347,42089,63,0
50348,27510,63,0
50349,37039,63,0
50350,36582,63,0
50351,43457,63,0
50352,44286,63,0
50353,46253,63,0
50354,613,63,0
50355,21003,63,0
50356,50223,63,0
50357,42808,63,0
50358,45583,63,0
50359,25511,63,0
50360,36091,63,0
50361,19321,63,0
50362,6617,63,0
50363,21396,63,0
50364,9717,63,0
50365,37314,63,0
50366,46855,63,0
50367,38452,63,0
50368,38407,63,0
50369,40884,63,0
50370,37587,63,0
50371,15962,63,0
50372,45594,63,0
50373,17197,63,0
50374,44370,63,0
50375,44531,63,0
50376,27197,63,0
50377,43082,63,0
50378,4811,63,0
50379,34510,63,0
50380,10995,63,0
50381,45065,63,0
50382,41036,63,0
50383,42037,63,0
50384,9349,63,0
50385,37547,63,0
50386,9658,63,0
50387,15844,63,0
50388,49916,63,0
50389,39785,63,0
50390,4756,63,0
50391,9287,63,0
50392,43755,63,0
50393,43902,63,0
50394,45167,63,0
50395,37831,63,0
50396,49307,63,0
50397,4544,63,0
50398,46033,63,0
50399,26055,63,0
50400,45240,63,0
50401,38963,63,0
50402,40570,63,0
50403,8929,63,0
50404,37196,63,0
50405,25172,63,0
50406,10860,63,0
50407,15484,63,0
50408,42959,63,0
50409,43078,63,0
50410,2778,63,0
50411,43456,63,0
50412,29007,63,0
50413,9078,63,0
50414,9599,63,0
50415,9972,63,0
50416,41722,63,0
50417,4743,63,0
50418,19471,63,0
50419,36815,63,0
50420,44875,63,0
50421,41640,63,0
50422,44526,63,0
50423,38257,63,0
50424,45124,63,0
50425,6422,63,0
50426,49347,63,0
50427,40813,63,0
50428,45596,63,0
50429,43777,63,0
50430,36821,63,0
50431,44178,63,0
50432,45535,63,0
50433,36244,63,0
50434,3411,63,0
50435,4338,63,0
50436,38374,63,0
50437,5216,63,0
50438,22507,63,0
50439,10047,63,0
50440,37030,63,0
50441,25960,63,0
50442,44774,63,0
50443,44581,63,0
50444,40315,63,0
50445,44260,63,0
50446,43605,63,0
50447,37233,63,0
50448,34706,63,0
50449,43801,63,0
50450,44422,63,0
50451,43296,63,0
50452,44028,63,0
50453,40917,63,0
50454,36846,63,0
50455,8882,63,0
50456,25074,63,0
50457,38239,63,0
50458,43999,63,0
50459,43886,63,0
50460,23523,63,0
50461,48094,63,0
50462,44643,63,0
50463,37264,63,0
50464,4676,63,0
50465,855,63,0
50466,36305,63,0
50467,39507,63,0
50468,5926,63,0
50469,45866,63,0
50470,43416,63,0
50471,37404,63,0
50472,13788,63,0
50473,43409,63,0
50474,19667,63,0
50475,49319,63,0
50476,7647,63,0
50477,44154,63,0
50478,17835,63,0
50479,12216,63,0
50480,37748,63,0
50481,43480,63,0
50482,3826,63,0
50483,42318,63,0
50484,20385,63,0
50485,20384,63,0
50486,4545,63,0
50487,35936,63,0
50488,43863,63,0
50489,42950,63,0
50490,41532,63,0
50491,38470,63,0
50492,18513,63,0
50493,46994,63,0
50494,47935,63,0
50495,44738,63,0
50496,10452,63,0
50497,12652,63,0
50498,9231,63,0
50499,2125,63,0
50500,17889,63,0
50501,6189,63,0
50502,41439,63,0
50503,41205,63,0
50504,46230,63,0
50505,38249,63,0
50506,37996,63,0
50507,40955,63,0
50508,44074,63,0
50509,34719,63,0
50510,4784,63,0
50511,6873,63,0
50512,43542,63,0
50513,4167,63,0
50514,7128,63,0
50515,21738,63,0
50516,1801,63,0
50517,33830,63,0
50518,24563,63,0
50519,44952,63,0
50520,45272,63,0
50521,9750,63,0
50522,16346,63,0
50523,9984,63,0
50524,9901,63,0
50525,39426,63,0
50526,41413,63,0
50527,40979,63,0
50528,38604,63,0
50529,45647,63,0
50530,30138,63,0
50531,45666,63,0
50532,8893,63,0
50533,37221,63,0
50534,22481,63,0
50535,44905,63,0
50536,45692,63,0
50537,37321,63,0
50538,42440,63,0
50539,12899,63,0
50540,4593,63,0
50541,42165,63,0
50542,40708,63,0
50543,44937,63,0
50544,45442,63,0
50545,12928,63,0
50546,9980,63,0
50547,6808,63,0
50548,41866,63,0
50549,46165,63,0
50550,4058,63,0
50551,38969,63,0
50552,38090,63,0
50553,37909,63,0
50554,9069,63,0
50555,22053,63,0
50556,36808,63,0
50557,43384,63,0
50558,43717,63,0
50559,37207,63,0
50560,36962,63,0
50561,6885,63,0
50562,26091,63,0
50563,19288,63,0
50564,27913,63,0
50565,44620,63,0
50566,11845,63,0
50567,4680,63,0
50568,41760,63,0
50569,36769,63,0
50570,41353,63,0
50571,41639,63,0
50572,37524,63,0
50573,48299,63,0
50574,6137,63,0
50575,4397,63,0
50576,10801,63,0
50577,40624,63,0
50578,38757,63,0
50579,43526,63,0
50580,37154,63,0
50581,18336,63,0
50582,42293,63,0
50583,32392,63,0
50584,44767,63,0
50585,4802,63,0
50586,40150,63,0
50587,39248,63,0
50588,44641,63,0
50589,1601,63,0
50590,40313,63,0
50591,4383,63,0
50592,45179,63,0
50593,8155,63,0
50594,44229,63,0
50595,12858,63,0
50596,49638,63,0
50597,38717,63,0
50598,7060,63,0
50599,37410,63,0
50600,656,63,0
50601,43592,63,0
50602,43153,63,0
50603,45573,63,0
50604,44808,63,0
50605,42784,63,0
50606,37585,63,0
50607,42439,63,0
50608,46068,63,0
50609,42290,63,0
50610,41762,63,0
50611,33685,63,0
50612,46559,63,0
50613,49126,63,0
50614,7587,63,0
50615,41221,63,0
50616,39986,63,0
50617,27519,63,0
50618,38221,63,0
50619,46203,63,0
50620,26896,63,0
50621,41767,63,0
50622,39223,63,0
50623,44369,63,0
50624,42317,63,0
50625,48152,63,0
50626,44280,63,0
50627,36838,63,0
50628,40221,63,0
50629,47319,63,0
50630,1650,63,0
50631,42407,63,0
50632,42936,63,0
50633,43444,63,0
50634,40573,63,0
50635,6750,63,0
50636,7906,63,0
50637,37657,63,0
50638,37642,63,0
50639,24920,63,0
50640,27071,63,0
50641,6511,63,0
50642,18557,63,0
50643,23116,63,0
50644,44517,63,0
50645,26943,63,0
50646,7737,63,0
50647,43218,63,0
50648,18577,63,0
50649,7136,63,0
50650,14626,63,0
50651,44546,63,0
50652,28439,63,0
50653,43448,63,0
50654,46471,63,0
50655,41669,63,0
50656,44335,63,0
50657,43412,63,0
50658,15751,63,0
50659,42445,63,0
50660,2888,63,0
50661,42298,63,0
50662,43146,63,0
50663,5830,63,0
50664,14623,63,0
50665,49721,63,0
50666,39084,63,0
50667,12503,63,0
50668,5481,63,0
50669,8752,63,0
50670,44473,63,0
50671,14624,63,0
50672,41757,63,0
50673,44147,63,0
50674,45156,63,0
50675,44853,63,0
50676,35163,63,0
50677,38376,63,0
50678,14625,63,0
50679,5903,63,0
50680,39422,63,0
50681,7014,63,0
50682,38907,63,0
50683,20206,63,0
50684,5124,63,0
50685,3777,63,0
50686,37428,63,0
50687,25266,63,0
50688,49360,63,0
50689,9154,63,0
50690,8332,63,0
50691,44669,63,0
50692,8822,63,0
50693,40224,63,0
50694,39384,63,0
50695,45523,63,0
50696,17162,63,0
50697,36811,63,0
50698,43392,63,0
50699,47334,63,0
50700,49703,63,0
50701,41051,63,0
50702,44855,63,0
50703,5476,63,0
50704,35625,63,0
50705,40112,63,0
50706,13141,63,0
50707,38226,63,0
50708,5607,63,0
50709,37920,63,0
50710,42594,63,0
50711,44031,63,0
50712,41797,63,0
50713,9728,63,0
50714,7326,63,0
50715,45548,63,0
50716,25673,63,0
50717,45193,63,0
50718,45314,63,0
50719,47369,63,0
50720,16438,63,0
50721,348,63,0
50722,17208,63,0
50723,14230,63,0
50724,7493,63,0
50725,43824,63,0
50726,18353,63,0
50727,11038,63,0
50728,38183,63,0
50729,42405,63,0
50730,11253,63,0
50731,20729,63,0
50732,26313,63,0
50733,39627,63,0
50734,44381,63,0
50735,17224,63,0
50736,37262,63,0
50737,1669,63,0
50738,47004,63,0
50739,44304,63,0
50740,11616,63,0
50741,14033,63,0
50742,45710,63,0
50743,18918,63,0
50744,45329,63,0
50745,46633,63,0
50746,26015,63,0
50747,44974,63,0
50748,17124,63,0
50749,43200,63,0
50750,36580,63,0
50751,38656,63,0
50752,36592,63,0
50753,37032,63,0
50754,28728,63,0
50755,4718,63,0
50756,38005,63,0
50757,42889,63,0
50758,43455,63,0
50759,41811,63,0
50760,42385,63,0
50761,49317,63,0
50762,43422,63,0
50763,43498,63,0
50764,44347,63,0
50765,44196,63,0
50766,44764,63,0
50767,7990,63,0
50768,45816,63,0
50769,41106,63,0
50770,49285,63,0
50771,44068,63,0
50772,5352,63,0
50773,17775,63,0
50774,20516,63,0
50775,7288,63,0
50776,4955,63,0
50777,37649,63,0
50778,8702,63,0
50779,42277,63,0
50780,18291,63,0
50781,37858,63,0
50782,41383,63,0
50783,50152,63,0
50784,44954,63,0
50785,49068,63,0
50786,45274,63,0
50787,37745,63,0
50788,38425,63,0
50789,42376,63,0
50790,45884,63,0
50791,9654,63,0
50792,38772,63,0
50793,36375,63,0
50794,44297,63,0
50795,41266,63,0
50796,36794,63,0
50797,37175,63,0
50798,13499,63,0
50799,25515,63,0
50800,43450,63,0
50801,40518,63,0
50802,39913,63,0
50803,39405,63,0
50804,40602,63,0
50805,41977,63,0
50806,46649,63,0
50807,40547,63,0
50808,9765,63,0
50809,2763,63,0
50810,36859,63,0
50811,38233,63,0
50812,12788,63,0
50813,10779,63,0
50814,37705,63,0
50815,42182,63,0
50816,8362,63,0
50817,46528,63,0
50818,42286,63,0
50819,36439,63,0
50820,40483,63,0
50821,44541,63,0
50822,33753,63,0
50823,36989,63,0
50824,16284,63,0
50825,37950,63,0
50826,8137,63,0
50827,40126,63,0
50828,9827,63,0
50829,44474,63,0
50830,43932,63,0
50831,42556,63,0
50832,40897,63,0
50833,45631,63,0
50834,37289,63,0
50835,12646,63,0
50836,37912,63,0
50837,21248,63,0
50838,3861,63,0
50839,15171,63,0
50840,41716,63,0
50841,2096,63,0
50842,41181,63,0
50843,9002,63,0
50844,5472,63,0
50845,786,63,0
50846,37853,63,0
50847,44499,63,0
50848,41960,63,0
50849,49329,63,0
50850,28007,63,0
50851,44210,63,0
50852,38416,63,0
50853,36515,63,0
50854,42741,63,0
50855,46560,63,0
50856,14378,63,0
50857,36817,63,0
50858,44349,63,0
50859,40148,63,0
50860,38419,63,0
50861,4314,63,0
50862,49549,63,0
50863,40723,63,0
50864,47972,63,0
50865,41724,63,0
50866,38714,63,0
50867,36290,63,0
50868,13480,63,0
50869,44677,63,0
50870,36570,63,0
50871,37440,63,0
50872,40147,63,0
50873,37768,63,0
50874,49320,63,0
50875,7477,63,0
50876,46509,63,0
50877,41714,63,0
50878,49350,63,0
50879,23388,63,0
50880,48079,63,0
50881,15772,63,0
50882,45325,63,0
50883,27007,63,0
50884,40577,63,0
50885,48070,63,0
50886,15609,63,0
50887,23395,63,0
50888,40939,63,0
50889,43057,63,0
50890,43083,63,0
50891,42960,63,0
50892,46745,63,0
50893,44096,63,0
50894,43382,63,0
50895,37801,63,0
50896,43844,63,0
50897,43476,63,0
50898,49959,63,0
50899,42956,63,0
50900,44019,63,0
50901,46732,63,0
50902,38457,63,0
50903,45984,63,0
50904,7328,63,0
50905,38185,63,0
50906,47198,63,0
50907,7432,63,0
50908,37280,63,0
50909,5394,63,0
50910,49322,63,0
50911,49274,63,0
50912,36559,63,0
50913,15756,63,0
50914,42390,63,0
50915,6461,63,0
50916,16968,63,0
50917,47020,63,0
50918,11254,63,0
50919,42387,63,0
50920,36505,63,0
50921,37171,63,0
50922,7222,63,0
50923,38953,63,0
50924,36490,63,0
50925,49276,63,0
50926,40358,63,0
50927,17789,63,0
50928,37905,63,0
50929,40509,63,0
50930,39064,63,0
50931,36507,63,0
50932,45323,63,0
50933,49275,63,0
50934,49830,63,0
50935,50434,63,0
